epoch:0 0.0200  0.0547  0.0067  0.0000  0.0021  0.0199  0.0310  0.0587  0.0756  0.0000  0.0863  0.0629  2.5178  0.004000
epoch:1 0.0864  0.1811  0.0593  0.0398  0.1058  0.0702  0.0957  0.1435  0.1527  0.1036  0.1707  0.1248  1.7688  0.004000
epoch:2 0.1841  0.4940  0.1729  0.2363  0.2307  0.1589  0.2054  0.2640  0.2655  0.2988  0.2823  0.2132  1.3939  0.004000
epoch:3 0.2922  0.5814  0.2671  0.2560  0.2591  0.2725  0.3460  0.4062  0.4083  0.3786  0.3196  0.3632  1.1749  0.004000
epoch:4 0.4022  0.7899  0.3916  0.3099  0.2885  0.3795  0.3998  0.4604  0.4613  0.4131  0.3565  0.4074  0.9952  0.004000
epoch:5 0.4943  0.8542  0.4907  0.3657  0.3786  0.4535  0.4738  0.5427  0.5439  0.3833  0.4345  0.4921  0.9123  0.004000
epoch:6 0.5296  0.9162  0.4913  0.4283  0.4423  0.4979  0.4983  0.5774  0.5777  0.4476  0.5119  0.5340  0.8272  0.004000
epoch:7 0.5768  0.9289  0.6615  0.3783  0.4594  0.5518  0.5492  0.6096  0.6096  0.3988  0.5245  0.5738  0.7668  0.004000
epoch:8 0.5751  0.9123  0.5846  0.4423  0.4458  0.5480  0.5501  0.6151  0.6151  0.4821  0.5060  0.5744  0.7202  0.004000
epoch:9 0.5792  0.9324  0.6070  0.4274  0.4787  0.5437  0.5475  0.6287  0.6287  0.4905  0.5665  0.5803  0.6911  0.004000
epoch:10 0.5739  0.9271  0.5767  0.4044  0.4668  0.5608  0.5485  0.6360  0.6360  0.4488  0.5515  0.6043  0.6636  0.004000
epoch:11 0.6132  0.9438  0.6784  0.3477  0.4721  0.5852  0.5871  0.6577  0.6577  0.4476  0.5543  0.6161  0.6298  0.004000
epoch:12 0.6297  0.9376  0.6837  0.3822  0.4686  0.6243  0.6051  0.6664  0.6664  0.4702  0.5485  0.6425  0.5990  0.004000
epoch:13 0.5977  0.9064  0.6614  0.4203  0.4562  0.5718  0.5769  0.6400  0.6400  0.4667  0.5202  0.5946  0.5706  0.004000
epoch:14 0.6303  0.9384  0.6862  0.4198  0.4694  0.6223  0.6028  0.6760  0.6760  0.4571  0.5348  0.6519  0.5817  0.004000
epoch:15 0.6286  0.9404  0.6834  0.4218  0.4742  0.6359  0.6012  0.6673  0.6673  0.4464  0.5622  0.6552  0.5380  0.004000
epoch:16 0.6413  0.9401  0.6874  0.4308  0.4826  0.6338  0.6117  0.6758  0.6758  0.4488  0.5464  0.6550  0.5117  0.000400
epoch:17 0.6474  0.9413  0.7108  0.4409  0.4783  0.6480  0.6211  0.6881  0.6881  0.4917  0.5499  0.6758  0.4954  0.000400
epoch:18 0.6424  0.9393  0.7090  0.4197  0.4906  0.6396  0.6153  0.6790  0.6790  0.4536  0.5622  0.6598  0.5020  0.000400
epoch:19 0.6455  0.9393  0.7165  0.4599  0.4885  0.6418  0.6136  0.6863  0.6863  0.4964  0.5543  0.6682  0.4905  0.000400
epoch:20 0.6395  0.9404  0.7097  0.4540  0.4665  0.6327  0.6132  0.6772  0.6772  0.4869  0.5479  0.6601  0.4807  0.000400
epoch:21 0.6476  0.9402  0.7026  0.4482  0.4935  0.6427  0.6184  0.6815  0.6815  0.4869  0.5630  0.6595  0.4932  0.000400
epoch:22 0.6131  0.9391  0.6809  0.4244  0.4823  0.6111  0.5859  0.6499  0.6499  0.4631  0.5459  0.6333  0.4794  0.000040
epoch:23 0.6360  0.9402  0.6963  0.4605  0.4811  0.6371  0.6081  0.6730  0.6730  0.4964  0.5483  0.6575  0.4884  0.000040
epoch:24 0.6393  0.9400  0.6834  0.4407  0.4972  0.6314  0.6106  0.6743  0.6743  0.4821  0.5602  0.6525  0.4811  0.000040
epoch:25 0.6462  0.9402  0.7023  0.4567  0.4836  0.6425  0.6198  0.6841  0.6841  0.4917  0.5590  0.6680  0.4878  0.000040
epoch:26 0.6277  0.9380  0.6673  0.4463  0.4953  0.6239  0.5990  0.6633  0.6633  0.5000  0.5582  0.6415  0.4801  0.000040
epoch:27 0.6427  0.9404  0.6880  0.4557  0.4762  0.6409  0.6175  0.6812  0.6812  0.4869  0.5464  0.6672  0.4715  0.000040
epoch:28 0.6405  0.9403  0.7021  0.4590  0.4742  0.6372  0.6122  0.6759  0.6759  0.4917  0.5459  0.6577  0.5027  0.000040
epoch:29 0.6386  0.9402  0.6885  0.4081  0.4769  0.6393  0.6120  0.6757  0.6757  0.4488  0.5519  0.6641  0.4739  0.000040
epoch:30 0.6497  0.9404  0.6950  0.4164  0.4849  0.6458  0.6198  0.6844  0.6844  0.4571  0.5503  0.6666  0.4935  0.000040
epoch:31 0.6456  0.9402  0.7045  0.4163  0.4747  0.6462  0.6171  0.6807  0.6807  0.4571  0.5416  0.6663  0.4831  0.000040
epoch:32 0.6381  0.9399  0.7007  0.4234  0.4809  0.6389  0.6091  0.6734  0.6734  0.4583  0.5392  0.6588  0.4834  0.000040
epoch:33 0.6407  0.9391  0.6742  0.3914  0.4857  0.6427  0.6134  0.6777  0.6777  0.4917  0.5507  0.6646  0.4730  0.000040
epoch:34 0.6442  0.9402  0.6993  0.4185  0.4778  0.6441  0.6148  0.6791  0.6791  0.4536  0.5436  0.6688  0.4946  0.000040
epoch:35 0.6465  0.9392  0.6904  0.4297  0.4808  0.6410  0.6161  0.6803  0.6803  0.4667  0.5464  0.6611  0.4902  0.000040
epoch:36 0.6425  0.9403  0.6982  0.4181  0.4841  0.6421  0.6129  0.6772  0.6772  0.4583  0.5507  0.6630  0.4862  0.000040
epoch:37 0.6428  0.9401  0.6733  0.4213  0.4885  0.6397  0.6123  0.6769  0.6769  0.4583  0.5479  0.6571  0.4771  0.000040
epoch:38 0.6438  0.9397  0.6802  0.4141  0.4970  0.6425  0.6158  0.6807  0.6807  0.4536  0.5602  0.6648  0.4956  0.000040
epoch:39 0.6393  0.9403  0.7036  0.4207  0.4668  0.6460  0.6131  0.6771  0.6771  0.4619  0.5436  0.6691  0.4878  0.000040
epoch:40 0.6446  0.9394  0.7009  0.4581  0.4681  0.6458  0.6179  0.6867  0.6867  0.4917  0.5483  0.6727  0.4810  0.000040
epoch:41 0.6433  0.9398  0.6818  0.4248  0.4854  0.6445  0.6156  0.6793  0.6793  0.4583  0.5499  0.6659  0.4820  0.000040
epoch:42 0.6398  0.9395  0.6800  0.4423  0.4840  0.6348  0.6119  0.6756  0.6756  0.4821  0.5503  0.6553  0.4704  0.000040
epoch:43 0.6481  0.9394  0.7067  0.3954  0.4826  0.6529  0.6148  0.6880  0.6880  0.4964  0.5479  0.6790  0.4726  0.000040
epoch:44 0.6436  0.9400  0.6966  0.4248  0.4750  0.6457  0.6125  0.6840  0.6840  0.4583  0.5416  0.6722  0.4821  0.000040
epoch:45 0.6417  0.9404  0.6978  0.4515  0.4748  0.6487  0.6144  0.6787  0.6787  0.4917  0.5416  0.6715  0.4912  0.000040
epoch:46 0.6455  0.9403  0.6892  0.4237  0.4815  0.6463  0.6179  0.6822  0.6822  0.4631  0.5483  0.6677  0.4797  0.000040
epoch:47 0.6413  0.9400  0.6986  0.4232  0.4759  0.6440  0.6137  0.6768  0.6768  0.4631  0.5420  0.6649  0.4754  0.000040
epoch:48 0.6416  0.9394  0.6667  0.4245  0.4939  0.6343  0.6082  0.6740  0.6740  0.4595  0.5566  0.6509  0.4689  0.000040
epoch:49 0.6493  0.9405  0.7046  0.4603  0.4869  0.6462  0.6201  0.6841  0.6841  0.4917  0.5547  0.6650  0.4830  0.000040
epoch:50 0.6433  0.9398  0.6886  0.4248  0.4853  0.6445  0.6165  0.6808  0.6808  0.4583  0.5567  0.6658  0.4694  0.000040
epoch:51 0.6406  0.9404  0.7003  0.4512  0.4806  0.6398  0.6136  0.6773  0.6773  0.4869  0.5483  0.6585  0.4654  0.000040
epoch:52 0.6406  0.9396  0.6766  0.4249  0.5026  0.6416  0.6117  0.6760  0.6760  0.4583  0.5610  0.6636  0.4828  0.000040
epoch:53 0.6431  0.9385  0.6905  0.3936  0.4801  0.6417  0.6156  0.6793  0.6793  0.4917  0.5459  0.6598  0.4646  0.000040
epoch:54 0.6425  0.9403  0.6955  0.4226  0.4914  0.6418  0.6139  0.6779  0.6779  0.4583  0.5547  0.6633  0.4705  0.000040
epoch:55 0.6478  0.9408  0.6989  0.4355  0.4840  0.6474  0.6192  0.6838  0.6838  0.4667  0.5483  0.6696  0.4860  0.000040
epoch:56 0.6414  0.9402  0.6876  0.4475  0.4745  0.6425  0.6143  0.6780  0.6780  0.4917  0.5416  0.6648  0.4830  0.000040
epoch:57 0.6465  0.9404  0.7005  0.4139  0.4852  0.6465  0.6196  0.6839  0.6839  0.4536  0.5543  0.6719  0.4915  0.000040
epoch:58 0.6411  0.9399  0.6746  0.4159  0.4843  0.6382  0.6124  0.6761  0.6761  0.4536  0.5507  0.6556  0.4677  0.000040
epoch:59 0.6451  0.9398  0.6862  0.4203  0.4784  0.6455  0.6183  0.6817  0.6817  0.4667  0.5464  0.6661  0.4808  0.000040
epoch:60 0.6428  0.9411  0.7019  0.4606  0.4805  0.6409  0.6138  0.6775  0.6775  0.4917  0.5459  0.6593  0.4712  0.000040
epoch:61 0.6438  0.9411  0.6989  0.4512  0.4838  0.6475  0.6166  0.6800  0.6800  0.4869  0.5487  0.6694  0.4878  0.000040
epoch:62 0.6400  0.9412  0.6861  0.4581  0.4758  0.6379  0.6127  0.6770  0.6770  0.4917  0.5459  0.6577  0.4796  0.000040
epoch:63 0.6426  0.9403  0.6814  0.4181  0.4883  0.6397  0.6135  0.6775  0.6775  0.4536  0.5546  0.6614  0.4799  0.000040
epoch:64 0.6474  0.9404  0.6764  0.4603  0.4811  0.6507  0.6185  0.6824  0.6824  0.4917  0.5483  0.6709  0.4819  0.000040
epoch:65 0.6415  0.9401  0.6915  0.4533  0.4813  0.6371  0.6111  0.6763  0.6763  0.4964  0.5479  0.6567  0.4666  0.000040
epoch:66 0.6468  0.9403  0.6792  0.4635  0.4853  0.6420  0.6178  0.6821  0.6821  0.4964  0.5507  0.6640  0.4769  0.000040
epoch:67 0.6439  0.9385  0.6921  0.4119  0.4777  0.6435  0.6156  0.6799  0.6799  0.5048  0.5483  0.6635  0.4895  0.000040
epoch:68 0.6479  0.9406  0.6980  0.4222  0.4850  0.6495  0.6217  0.6854  0.6854  0.4619  0.5567  0.6706  0.4817  0.000040
epoch:69 0.6431  0.9404  0.6902  0.4271  0.4748  0.6411  0.6148  0.6785  0.6785  0.4536  0.5436  0.6616  0.4661  0.000040
epoch:70 0.6465  0.9403  0.6970  0.4400  0.4821  0.6434  0.6168  0.6826  0.6826  0.4714  0.5503  0.6661  0.4606  0.000040
epoch:71 0.6435  0.9402  0.7072  0.4097  0.4972  0.6439  0.6172  0.6815  0.6815  0.4536  0.5626  0.6637  0.4576  0.000040
epoch:72 0.6479  0.9404  0.6917  0.4154  0.4858  0.6490  0.6225  0.6865  0.6865  0.4536  0.5547  0.6735  0.4912  0.000040
epoch:73 0.6468  0.9408  0.6873  0.4282  0.4843  0.6413  0.6176  0.6815  0.6815  0.4667  0.5503  0.6608  0.4717  0.000040
epoch:74 0.6299  0.9405  0.6903  0.4584  0.4890  0.6263  0.6028  0.6659  0.6659  0.4869  0.5586  0.6450  0.4624  0.000040
epoch:75 0.6471  0.9398  0.7047  0.4439  0.4849  0.6455  0.6175  0.6821  0.6821  0.4667  0.5464  0.6637  0.4669  0.000040
epoch:76 0.6296  0.9398  0.6700  0.4445  0.4821  0.6271  0.6046  0.6680  0.6680  0.4786  0.5479  0.6478  0.4749  0.000040
epoch:77 0.6476  0.9411  0.6981  0.4125  0.4841  0.6483  0.6244  0.6878  0.6878  0.4619  0.5547  0.6687  0.4656  0.000040
epoch:78 0.6423  0.9404  0.6752  0.4135  0.4863  0.6390  0.6154  0.6801  0.6801  0.4536  0.5571  0.6604  0.4679  0.000040
epoch:79 0.6462  0.9355  0.7011  0.4099  0.4839  0.6504  0.6210  0.6847  0.6847  0.4571  0.5523  0.6719  0.4786  0.000040
epoch:80 0.6488  0.9398  0.6984  0.4643  0.4904  0.6400  0.6194  0.6837  0.6837  0.5000  0.5610  0.6603  0.4743  0.000040
epoch:81 0.6419  0.9404  0.6965  0.4280  0.4758  0.6480  0.6167  0.6806  0.6806  0.4667  0.5464  0.6678  0.4726  0.000040
epoch:82 0.6249  0.9403  0.7000  0.4234  0.4770  0.6335  0.5970  0.6625  0.6625  0.4667  0.5440  0.6545  0.4790  0.000040
epoch:83 0.6412  0.9402  0.6962  0.4230  0.4838  0.6413  0.6145  0.6782  0.6782  0.4619  0.5503  0.6633  0.4568  0.000040
epoch:84 0.6452  0.9404  0.6971  0.4215  0.4728  0.6483  0.6204  0.6841  0.6841  0.4667  0.5464  0.6706  0.4670  0.000040
epoch:85 0.6468  0.9400  0.6905  0.3961  0.4919  0.6479  0.6207  0.6835  0.6835  0.4440  0.5551  0.6661  0.4722  0.000040
epoch:86 0.6440  0.9403  0.6736  0.4151  0.4928  0.6394  0.6168  0.6799  0.6799  0.4619  0.5547  0.6585  0.4807  0.000040
epoch:87 0.6377  0.9402  0.6985  0.4528  0.4826  0.6339  0.6119  0.6759  0.6759  0.4869  0.5503  0.6553  0.4695  0.000040
epoch:88 0.6331  0.9397  0.6732  0.3798  0.4843  0.6317  0.6104  0.6738  0.6738  0.4917  0.5527  0.6560  0.4859  0.000040
epoch:89 0.6465  0.9401  0.6836  0.4244  0.4873  0.6432  0.6156  0.6808  0.6808  0.4583  0.5527  0.6648  0.4825  0.000040
epoch:90 0.6455  0.9405  0.6902  0.4266  0.4849  0.6475  0.6216  0.6850  0.6850  0.4667  0.5499  0.6719  0.4613  0.000040
epoch:91 0.6419  0.9403  0.6883  0.4139  0.4911  0.6434  0.6139  0.6778  0.6778  0.4583  0.5523  0.6643  0.4805  0.000040
epoch:92 0.6485  0.9404  0.7039  0.4135  0.4985  0.6472  0.6200  0.6840  0.6840  0.4536  0.5650  0.6653  0.4667  0.000040
epoch:93 0.6313  0.9401  0.6747  0.4256  0.4821  0.6272  0.6064  0.6701  0.6701  0.4631  0.5507  0.6483  0.4732  0.000040
epoch:94 0.6452  0.9397  0.6828  0.4260  0.4731  0.6493  0.6179  0.6822  0.6822  0.4619  0.5431  0.6712  0.4680  0.000040
epoch:95 0.6467  0.9380  0.6935  0.4286  0.4766  0.6456  0.6184  0.6839  0.6839  0.4714  0.5539  0.6651  0.4587  0.000040
epoch:96 0.6419  0.9403  0.6949  0.4211  0.4899  0.6418  0.6131  0.6771  0.6771  0.4583  0.5504  0.6641  0.4753  0.000040
epoch:97 0.6381  0.9389  0.6816  0.4145  0.4869  0.6339  0.6088  0.6740  0.6740  0.4583  0.5503  0.6530  0.4604  0.000040
epoch:98 0.6511  0.9405  0.7084  0.4121  0.4921  0.6491  0.6217  0.6860  0.6860  0.4536  0.5570  0.6661  0.4846  0.000040
epoch:99 0.6565  0.9405  0.7014  0.4205  0.4899  0.6566  0.6265  0.6911  0.6911  0.4536  0.5562  0.6744  0.4850  0.000040
epoch:100 0.6416  0.9410  0.6894  0.4528  0.4768  0.6460  0.6155  0.6792  0.6792  0.4952  0.5459  0.6643  0.4709  0.000040
epoch:101 0.6433  0.9402  0.6933  0.4256  0.4840  0.6448  0.6134  0.6828  0.6828  0.4714  0.5562  0.6661  0.4717  0.000040
epoch:102 0.6445  0.9399  0.6953  0.4401  0.4778  0.6496  0.6173  0.6813  0.6813  0.4786  0.5416  0.6714  0.4678  0.000040
epoch:103 0.6544  0.9404  0.7061  0.4224  0.4867  0.6548  0.6245  0.6888  0.6888  0.4619  0.5483  0.6750  0.4638  0.000040
epoch:104 0.6487  0.9400  0.7047  0.4552  0.4890  0.6451  0.6185  0.6843  0.6843  0.5000  0.5527  0.6632  0.4797  0.000040
epoch:105 0.6511  0.9399  0.7039  0.4293  0.4903  0.6499  0.6219  0.6868  0.6868  0.4714  0.5665  0.6701  0.4688  0.000040
epoch:106 0.6258  0.9401  0.6706  0.4525  0.4800  0.6216  0.5979  0.6625  0.6625  0.5000  0.5479  0.6405  0.4690  0.000040
epoch:107 0.6470  0.9403  0.6923  0.4209  0.4799  0.6437  0.6184  0.6824  0.6824  0.4619  0.5483  0.6629  0.4724  0.000040
epoch:108 0.6213  0.9389  0.6769  0.3576  0.4978  0.6157  0.5955  0.6601  0.6601  0.4583  0.5610  0.6371  0.4770  0.000040
epoch:109 0.6489  0.9404  0.7053  0.4184  0.4986  0.6465  0.6188  0.6834  0.6834  0.4667  0.5586  0.6632  0.4781  0.000040
epoch:110 0.6441  0.9404  0.6924  0.4141  0.4804  0.6430  0.6178  0.6815  0.6815  0.4571  0.5483  0.6669  0.4751  0.000040
epoch:111 0.6511  0.9403  0.6890  0.4172  0.5025  0.6459  0.6209  0.6855  0.6855  0.4583  0.5693  0.6640  0.4655  0.000040
epoch:112 0.6370  0.9396  0.6760  0.4426  0.4929  0.6345  0.6143  0.6780  0.6780  0.4917  0.5610  0.6583  0.4763  0.000040
epoch:113 0.6418  0.9402  0.6885  0.4483  0.4831  0.6403  0.6136  0.6779  0.6779  0.4952  0.5479  0.6587  0.4616  0.000040
epoch:114 0.6437  0.9403  0.6920  0.4091  0.4911  0.6452  0.6176  0.6810  0.6810  0.4571  0.5606  0.6662  0.4775  0.000040
epoch:115 0.6478  0.9387  0.6915  0.4127  0.4975  0.6439  0.6167  0.6821  0.6821  0.4583  0.5590  0.6616  0.4628  0.000040
epoch:116 0.6486  0.9398  0.6982  0.4165  0.4871  0.6479  0.6209  0.6849  0.6849  0.4619  0.5567  0.6695  0.4632  0.000040
epoch:117 0.6432  0.9411  0.6934  0.4130  0.4785  0.6467  0.6146  0.6785  0.6785  0.4583  0.5459  0.6675  0.4679  0.000040
epoch:118 0.6222  0.9383  0.6827  0.3750  0.4983  0.6175  0.5936  0.6588  0.6588  0.4869  0.5606  0.6360  0.4838  0.000040
epoch:119 0.6509  0.9403  0.7083  0.4423  0.4962  0.6493  0.6201  0.6849  0.6849  0.4905  0.5567  0.6698  0.4706  0.000040
epoch:120 0.6485  0.9403  0.6971  0.4513  0.4815  0.6502  0.6180  0.6826  0.6826  0.4917  0.5436  0.6701  0.4840  0.000040
epoch:121 0.6514  0.9358  0.7116  0.4054  0.4823  0.6548  0.6227  0.6867  0.6867  0.4571  0.5483  0.6746  0.4609  0.000040
epoch:122 0.6515  0.9405  0.7084  0.4248  0.4851  0.6519  0.6214  0.6857  0.6857  0.4667  0.5464  0.6722  0.4716  0.000040
epoch:123 0.6416  0.9402  0.6772  0.4078  0.4899  0.6388  0.6166  0.6797  0.6797  0.4619  0.5583  0.6595  0.4644  0.000040
epoch:124 0.6437  0.9403  0.6992  0.4271  0.4819  0.6434  0.6141  0.6781  0.6781  0.4667  0.5440  0.6609  0.4694  0.000040
epoch:125 0.6498  0.9405  0.7031  0.4173  0.4806  0.6493  0.6217  0.6854  0.6854  0.4619  0.5464  0.6722  0.4658  0.000040
epoch:126 0.6485  0.9405  0.6931  0.4122  0.4801  0.6505  0.6192  0.6835  0.6835  0.4536  0.5436  0.6695  0.4800  0.000040
epoch:127 0.6168  0.9403  0.6765  0.4426  0.4950  0.6117  0.5909  0.6543  0.6543  0.4917  0.5586  0.6313  0.4545  0.000040
epoch:128 0.6386  0.9397  0.6916  0.4071  0.4668  0.6424  0.6146  0.6779  0.6779  0.4536  0.5376  0.6614  0.4870  0.000040
epoch:129 0.6188  0.9381  0.6680  0.3973  0.4821  0.6166  0.5923  0.6574  0.6574  0.4583  0.5479  0.6347  0.4654  0.000040
epoch:130 0.6482  0.9411  0.7026  0.4597  0.4722  0.6504  0.6205  0.6851  0.6851  0.5000  0.5424  0.6704  0.4650  0.000040
epoch:131 0.6431  0.9402  0.6910  0.4428  0.4824  0.6428  0.6157  0.6806  0.6806  0.4952  0.5483  0.6637  0.4711  0.000040
epoch:132 0.6372  0.9409  0.6963  0.4163  0.4714  0.6375  0.6106  0.6746  0.6746  0.4619  0.5400  0.6559  0.4677  0.000040
epoch:133 0.6331  0.9403  0.6823  0.4160  0.4897  0.6310  0.6069  0.6706  0.6706  0.4536  0.5543  0.6512  0.4699  0.000040
epoch:134 0.6469  0.9404  0.6880  0.4179  0.4806  0.6544  0.6180  0.6823  0.6823  0.4583  0.5440  0.6746  0.4595  0.000040
epoch:135 0.6218  0.9396  0.6943  0.3726  0.4923  0.6190  0.5942  0.6576  0.6576  0.4667  0.5567  0.6406  0.4598  0.000040
epoch:136 0.6451  0.9403  0.6930  0.4075  0.4856  0.6425  0.6175  0.6809  0.6809  0.4524  0.5527  0.6603  0.4649  0.000040
epoch:137 0.6395  0.9405  0.6815  0.4224  0.4769  0.6430  0.6122  0.6759  0.6759  0.4583  0.5416  0.6641  0.4648  0.000040
epoch:138 0.6439  0.9404  0.6891  0.4298  0.4916  0.6419  0.6137  0.6779  0.6779  0.4714  0.5543  0.6622  0.4662  0.000040
epoch:139 0.6486  0.9404  0.6990  0.4076  0.4845  0.6496  0.6208  0.6845  0.6845  0.4619  0.5487  0.6701  0.4598  0.000040
epoch:140 0.6421  0.9365  0.6831  0.3508  0.4934  0.6393  0.6144  0.6781  0.6781  0.4536  0.5558  0.6566  0.4600  0.000040
epoch:141 0.6421  0.9403  0.6933  0.4125  0.4856  0.6395  0.6131  0.6771  0.6771  0.4619  0.5507  0.6569  0.4570  0.000040
epoch:142 0.6513  0.9405  0.7023  0.4470  0.4743  0.6569  0.6223  0.6866  0.6866  0.4905  0.5396  0.6756  0.4586  0.000040
epoch:143 0.6375  0.9401  0.6734  0.4120  0.4787  0.6392  0.6122  0.6753  0.6753  0.4536  0.5483  0.6604  0.4631  0.000040
epoch:144 0.6329  0.9406  0.7085  0.4353  0.4729  0.6357  0.6058  0.6704  0.6704  0.4798  0.5483  0.6526  0.4545  0.000040
epoch:145 0.6471  0.9423  0.6922  0.4091  0.4889  0.6506  0.6164  0.6836  0.6836  0.4536  0.5503  0.6730  0.4622  0.000040
epoch:146 0.6411  0.9397  0.6803  0.4075  0.4708  0.6453  0.6153  0.6790  0.6790  0.4500  0.5400  0.6661  0.4663  0.000040
epoch:147 0.6366  0.9394  0.6804  0.3642  0.4689  0.6377  0.6126  0.6760  0.6760  0.4619  0.5440  0.6619  0.4597  0.000040
epoch:148 0.6500  0.9406  0.6985  0.4531  0.4875  0.6530  0.6208  0.6851  0.6851  0.4917  0.5523  0.6724  0.4656  0.000040
epoch:149 0.6472  0.9403  0.6856  0.4271  0.4722  0.6479  0.6189  0.6832  0.6832  0.4667  0.5436  0.6703  0.4583  0.000040
epoch:150 0.6496  0.9405  0.7057  0.4179  0.4830  0.6486  0.6193  0.6839  0.6839  0.4583  0.5503  0.6664  0.4680  0.000040
epoch:151 0.6424  0.9405  0.7054  0.4634  0.4741  0.6457  0.6131  0.6783  0.6783  0.4964  0.5396  0.6654  0.4637  0.000040
epoch:152 0.6408  0.9398  0.6757  0.4603  0.4715  0.6466  0.6162  0.6793  0.6793  0.4964  0.5440  0.6683  0.4553  0.000040
epoch:153 0.6558  0.9407  0.7060  0.4334  0.4845  0.6579  0.6242  0.6890  0.6890  0.4750  0.5479  0.6764  0.4527  0.000040
epoch:154 0.6485  0.9411  0.7028  0.4136  0.4963  0.6469  0.6188  0.6837  0.6837  0.4571  0.5649  0.6635  0.4625  0.000040
epoch:155 0.6504  0.9405  0.7038  0.4188  0.4912  0.6544  0.6214  0.6848  0.6848  0.4619  0.5507  0.6741  0.4678  0.000040
epoch:156 0.6435  0.9401  0.6930  0.4245  0.4682  0.6504  0.6165  0.6802  0.6802  0.4714  0.5416  0.6706  0.4775  0.000040
epoch:157 0.6463  0.9398  0.7042  0.4178  0.4965  0.6492  0.6187  0.6824  0.6824  0.4571  0.5567  0.6691  0.4598  0.000040
epoch:158 0.6435  0.9380  0.6795  0.4108  0.4853  0.6448  0.6151  0.6788  0.6788  0.4536  0.5503  0.6627  0.4498  0.000040
epoch:159 0.6432  0.9405  0.6921  0.4470  0.4758  0.6458  0.6157  0.6788  0.6788  0.4905  0.5396  0.6625  0.4734  0.000040
epoch:160 0.6563  0.9405  0.6974  0.4290  0.4950  0.6579  0.6263  0.6909  0.6909  0.4667  0.5539  0.6787  0.4644  0.000040
epoch:161 0.6308  0.9371  0.6773  0.3821  0.4837  0.6269  0.6038  0.6678  0.6678  0.4917  0.5475  0.6454  0.4541  0.000040
epoch:162 0.6553  0.9405  0.6953  0.4261  0.4868  0.6582  0.6242  0.6891  0.6891  0.4667  0.5503  0.6767  0.4538  0.000040
epoch:163 0.6426  0.9403  0.6641  0.4391  0.4806  0.6406  0.6149  0.6789  0.6789  0.4917  0.5459  0.6590  0.4588  0.000040
epoch:164 0.6388  0.9390  0.6823  0.3676  0.4832  0.6348  0.6103  0.6740  0.6740  0.4667  0.5479  0.6522  0.4615  0.000040
epoch:165 0.6462  0.9403  0.6957  0.4291  0.4730  0.6484  0.6185  0.6825  0.6825  0.4714  0.5380  0.6687  0.4600  0.000040
epoch:166 0.6497  0.9409  0.6944  0.4226  0.4780  0.6510  0.6193  0.6833  0.6833  0.4619  0.5459  0.6701  0.4504  0.000040
epoch:167 0.6465  0.9403  0.6789  0.4275  0.4854  0.6425  0.6176  0.6806  0.6806  0.4667  0.5464  0.6603  0.4556  0.000040
epoch:168 0.6296  0.9401  0.6979  0.4166  0.4831  0.6292  0.6015  0.6652  0.6652  0.4619  0.5440  0.6476  0.4742  0.000040
epoch:169 0.6438  0.9412  0.6881  0.4243  0.4706  0.6472  0.6172  0.6809  0.6809  0.4631  0.5384  0.6680  0.4727  0.000040
epoch:170 0.6405  0.9405  0.7029  0.4279  0.4735  0.6387  0.6137  0.6771  0.6771  0.4667  0.5444  0.6585  0.4722  0.000040
epoch:171 0.6447  0.9403  0.6817  0.4075  0.4793  0.6472  0.6167  0.6807  0.6807  0.4536  0.5483  0.6683  0.4536  0.000040
epoch:172 0.6451  0.9404  0.7045  0.4218  0.4809  0.6471  0.6175  0.6805  0.6805  0.4655  0.5464  0.6662  0.4600  0.000040
epoch:173 0.6409  0.9403  0.6857  0.4125  0.4687  0.6412  0.6148  0.6782  0.6782  0.4536  0.5376  0.6656  0.4602  0.000040
epoch:174 0.6370  0.9404  0.6825  0.4101  0.4739  0.6345  0.6126  0.6757  0.6757  0.4619  0.5400  0.6604  0.4652  0.000040
epoch:175 0.6444  0.9406  0.6963  0.4178  0.4824  0.6458  0.6157  0.6797  0.6797  0.4619  0.5459  0.6625  0.4661  0.000040
epoch:176 0.6396  0.9407  0.6772  0.4299  0.4779  0.6379  0.6091  0.6751  0.6751  0.4714  0.5475  0.6561  0.4630  0.000040
epoch:177 0.6454  0.9406  0.6917  0.4132  0.4617  0.6543  0.6199  0.6833  0.6833  0.4524  0.5356  0.6735  0.4690  0.000040
epoch:178 0.6483  0.9416  0.6845  0.4171  0.4773  0.6532  0.6193  0.6863  0.6863  0.4619  0.5455  0.6734  0.4571  0.000040
epoch:179 0.6572  0.9404  0.7032  0.4287  0.4981  0.6559  0.6258  0.6904  0.6904  0.4702  0.5547  0.6759  0.4458  0.000040
epoch:180 0.6470  0.9404  0.6798  0.4177  0.4762  0.6444  0.6223  0.6854  0.6854  0.4667  0.5487  0.6639  0.4546  0.000040
epoch:181 0.6486  0.9406  0.6998  0.4141  0.4838  0.6491  0.6204  0.6840  0.6840  0.4571  0.5507  0.6653  0.4599  0.000040
epoch:182 0.6448  0.9404  0.6820  0.4543  0.4723  0.6509  0.6173  0.6822  0.6822  0.5048  0.5396  0.6717  0.4500  0.000040
epoch:183 0.6444  0.9404  0.6835  0.4304  0.4826  0.6397  0.6146  0.6789  0.6789  0.4714  0.5503  0.6627  0.4603  0.000040
epoch:184 0.6388  0.9385  0.6715  0.4411  0.4943  0.6348  0.6118  0.6761  0.6761  0.4917  0.5562  0.6543  0.4608  0.000040
epoch:185 0.6520  0.9406  0.7040  0.4211  0.4782  0.6508  0.6250  0.6896  0.6896  0.4667  0.5443  0.6756  0.4690  0.000040
epoch:186 0.6475  0.9403  0.6853  0.4052  0.4976  0.6452  0.6197  0.6822  0.6822  0.4524  0.5551  0.6664  0.4564  0.000040
epoch:187 0.6486  0.9405  0.6924  0.4332  0.4848  0.6454  0.6194  0.6837  0.6837  0.4750  0.5527  0.6672  0.4588  0.000040
epoch:188 0.6423  0.9405  0.6880  0.4255  0.4731  0.6454  0.6146  0.6786  0.6786  0.4667  0.5440  0.6648  0.4539  0.000040
epoch:189 0.6490  0.9404  0.7061  0.4385  0.4991  0.6473  0.6170  0.6822  0.6822  0.4798  0.5562  0.6669  0.4542  0.000040
epoch:190 0.6553  0.9404  0.7074  0.4250  0.4803  0.6566  0.6259  0.6899  0.6899  0.4702  0.5424  0.6761  0.4611  0.000040
epoch:191 0.6533  0.9404  0.7139  0.4277  0.4788  0.6568  0.6236  0.6879  0.6879  0.4667  0.5424  0.6759  0.4594  0.000040
epoch:192 0.6400  0.9403  0.6897  0.4139  0.4686  0.6504  0.6137  0.6771  0.6771  0.4619  0.5337  0.6709  0.4506  0.000040
epoch:193 0.6342  0.9401  0.6834  0.4454  0.4773  0.6302  0.6069  0.6712  0.6712  0.4869  0.5424  0.6501  0.4457  0.000040
epoch:194 0.6404  0.9398  0.6834  0.4589  0.4683  0.6426  0.6123  0.6772  0.6772  0.5048  0.5337  0.6638  0.4557  0.000040
epoch:195 0.6487  0.9411  0.7135  0.4246  0.4715  0.6514  0.6200  0.6836  0.6836  0.4619  0.5400  0.6709  0.4491  0.000040
epoch:196 0.6473  0.9404  0.6754  0.4228  0.4765  0.6495  0.6187  0.6827  0.6827  0.4667  0.5440  0.6690  0.4345  0.000040
epoch:197 0.6426  0.9402  0.6836  0.4513  0.4761  0.6435  0.6147  0.6790  0.6790  0.4917  0.5455  0.6648  0.4530  0.000040
epoch:198 0.6487  0.9405  0.6824  0.4256  0.4808  0.6504  0.6203  0.6842  0.6842  0.4667  0.5464  0.6701  0.4524  0.000040
epoch:199 0.6444  0.9409  0.6770  0.4504  0.4694  0.6430  0.6169  0.6800  0.6800  0.4952  0.5356  0.6613  0.4474  0.000040
epoch:200 0.6392  0.9385  0.6835  0.3731  0.4854  0.6346  0.6087  0.6807  0.6807  0.4869  0.5522  0.6587  0.4547  0.000040
epoch:201 0.6497  0.9404  0.7064  0.4166  0.4858  0.6515  0.6197  0.6837  0.6837  0.4536  0.5507  0.6706  0.4513  0.000040
epoch:202 0.6462  0.9403  0.6974  0.4233  0.4737  0.6515  0.6181  0.6821  0.6821  0.4667  0.5396  0.6714  0.4512  0.000040
epoch:203 0.6377  0.9386  0.6782  0.4038  0.4747  0.6457  0.6116  0.6753  0.6753  0.4488  0.5459  0.6664  0.4543  0.000040
epoch:204 0.6340  0.9395  0.6725  0.4123  0.4742  0.6274  0.6121  0.6746  0.6746  0.4619  0.5468  0.6535  0.4585  0.000040
epoch:205 0.6492  0.9406  0.6862  0.4141  0.4775  0.6500  0.6190  0.6830  0.6830  0.4571  0.5419  0.6695  0.4394  0.000040
epoch:206 0.6496  0.9405  0.7011  0.4274  0.4753  0.6504  0.6211  0.6845  0.6845  0.4702  0.5404  0.6701  0.4737  0.000040
epoch:207 0.6504  0.9403  0.7038  0.4197  0.4774  0.6514  0.6200  0.6840  0.6840  0.4655  0.5400  0.6703  0.4539  0.000040
epoch:208 0.6338  0.9401  0.6722  0.4397  0.4688  0.6360  0.6092  0.6735  0.6735  0.4869  0.5391  0.6561  0.4584  0.000040
epoch:209 0.6436  0.9402  0.6800  0.4210  0.4661  0.6471  0.6169  0.6806  0.6806  0.4714  0.5337  0.6674  0.4443  0.000040
epoch:210 0.6503  0.9403  0.6962  0.4081  0.4835  0.6528  0.6225  0.6859  0.6859  0.4524  0.5507  0.6724  0.4554  0.000040
epoch:211 0.6365  0.9391  0.6812  0.3695  0.4679  0.6468  0.6114  0.6751  0.6751  0.4583  0.5412  0.6683  0.4655  0.000040
epoch:212 0.6546  0.9404  0.7112  0.4208  0.4814  0.6596  0.6256  0.6893  0.6893  0.4619  0.5468  0.6774  0.4551  0.000040
epoch:213 0.6472  0.9405  0.7094  0.4236  0.4845  0.6465  0.6181  0.6821  0.6821  0.4702  0.5527  0.6657  0.4562  0.000040
epoch:214 0.6396  0.9402  0.6831  0.4234  0.4940  0.6375  0.6111  0.6748  0.6748  0.4667  0.5527  0.6591  0.4641  0.000040
epoch:215 0.6548  0.9406  0.6890  0.4125  0.4851  0.6642  0.6238  0.6885  0.6885  0.4619  0.5547  0.6806  0.4447  0.000040
epoch:216 0.6424  0.9402  0.6882  0.4201  0.4848  0.6425  0.6143  0.6779  0.6779  0.4619  0.5464  0.6601  0.4627  0.000040
epoch:217 0.6387  0.9395  0.6778  0.3672  0.4894  0.6387  0.6130  0.6782  0.6782  0.4667  0.5567  0.6614  0.4432  0.000040
epoch:218 0.6457  0.9408  0.6928  0.4234  0.4925  0.6453  0.6164  0.6818  0.6818  0.4750  0.5567  0.6656  0.4480  0.000040
epoch:219 0.6243  0.9379  0.6715  0.3821  0.4753  0.6249  0.5978  0.6618  0.6618  0.4917  0.5475  0.6460  0.4469  0.000040
epoch:220 0.6397  0.9402  0.6733  0.4516  0.4791  0.6392  0.6148  0.6787  0.6787  0.4952  0.5503  0.6611  0.4504  0.000040
epoch:221 0.6510  0.9405  0.6870  0.4089  0.4823  0.6537  0.6221  0.6867  0.6867  0.4524  0.5522  0.6700  0.4383  0.000040
epoch:222 0.6524  0.9406  0.7130  0.4308  0.4765  0.6548  0.6230  0.6877  0.6877  0.4702  0.5464  0.6746  0.4545  0.000040
epoch:223 0.6470  0.9404  0.6845  0.4190  0.4770  0.6508  0.6175  0.6815  0.6815  0.4583  0.5396  0.6709  0.4435  0.000040
epoch:224 0.6478  0.9399  0.6932  0.4139  0.4836  0.6460  0.6192  0.6834  0.6834  0.4619  0.5503  0.6687  0.4575  0.000040
epoch:225 0.6533  0.9405  0.6856  0.4229  0.4815  0.6538  0.6233  0.6873  0.6873  0.4702  0.5483  0.6732  0.4385  0.000040
epoch:226 0.6362  0.9396  0.6762  0.4144  0.4762  0.6363  0.6099  0.6736  0.6736  0.4536  0.5464  0.6545  0.4511  0.000040
epoch:227 0.6408  0.9409  0.6784  0.4201  0.4739  0.6409  0.6116  0.6753  0.6753  0.4619  0.5376  0.6619  0.4672  0.000040
epoch:228 0.6525  0.9404  0.7054  0.4312  0.4765  0.6564  0.6217  0.6862  0.6862  0.4714  0.5436  0.6748  0.4540  0.000040
epoch:229 0.6461  0.9405  0.6980  0.4156  0.4783  0.6500  0.6179  0.6816  0.6816  0.4571  0.5483  0.6685  0.4369  0.000040
epoch:230 0.6442  0.9405  0.6981  0.4229  0.4711  0.6458  0.6161  0.6801  0.6801  0.4702  0.5380  0.6640  0.4579  0.000040
epoch:231 0.6504  0.9406  0.6842  0.4240  0.4735  0.6518  0.6201  0.6835  0.6835  0.4655  0.5356  0.6708  0.4532  0.000040
epoch:232 0.6364  0.9402  0.6763  0.4175  0.4711  0.6370  0.6118  0.6751  0.6751  0.4667  0.5361  0.6598  0.4501  0.000040
epoch:233 0.6498  0.9404  0.6855  0.4179  0.4812  0.6515  0.6207  0.6856  0.6856  0.4571  0.5507  0.6714  0.4445  0.000040
epoch:234 0.6464  0.9399  0.6848  0.4256  0.4724  0.6472  0.6175  0.6818  0.6818  0.4667  0.5380  0.6679  0.4483  0.000040
epoch:235 0.6594  0.9406  0.7100  0.4275  0.4777  0.6600  0.6276  0.6925  0.6925  0.4702  0.5503  0.6790  0.4591  0.000040
epoch:236 0.6472  0.9403  0.6884  0.4523  0.4742  0.6478  0.6193  0.6821  0.6821  0.4952  0.5380  0.6682  0.4555  0.000040
epoch:237 0.6460  0.9403  0.6811  0.4266  0.4785  0.6442  0.6183  0.6817  0.6817  0.4714  0.5448  0.6656  0.4440  0.000040
epoch:238 0.6214  0.9396  0.6764  0.4104  0.4789  0.6207  0.5966  0.6606  0.6606  0.4619  0.5519  0.6455  0.4610  0.000040
epoch:239 0.6424  0.9396  0.6764  0.4217  0.4721  0.6426  0.6109  0.6838  0.6838  0.4667  0.5396  0.6650  0.4490  0.000040
epoch:240 0.6443  0.9404  0.6848  0.4287  0.4732  0.6446  0.6150  0.6790  0.6790  0.4702  0.5380  0.6651  0.4407  0.000040
epoch:241 0.6339  0.9402  0.6780  0.4142  0.4742  0.6329  0.6085  0.6713  0.6713  0.4619  0.5420  0.6522  0.4450  0.000040
epoch:242 0.6472  0.9403  0.6881  0.4201  0.4777  0.6472  0.6141  0.6862  0.6862  0.4619  0.5404  0.6721  0.4408  0.000040
epoch:243 0.6498  0.9406  0.7095  0.4169  0.4800  0.6541  0.6200  0.6840  0.6840  0.4536  0.5424  0.6730  0.4490  0.000040
epoch:244 0.6462  0.9403  0.6930  0.4128  0.4817  0.6469  0.6161  0.6798  0.6798  0.4571  0.5483  0.6659  0.4469  0.000040
epoch:245 0.6479  0.9404  0.7025  0.4155  0.4721  0.6547  0.6211  0.6848  0.6848  0.4571  0.5380  0.6740  0.4518  0.000040
epoch:246 0.6475  0.9404  0.6854  0.4271  0.4692  0.6487  0.6179  0.6825  0.6825  0.4667  0.5372  0.6663  0.4527  0.000040
epoch:247 0.6383  0.9400  0.6731  0.4107  0.4781  0.6359  0.6103  0.6752  0.6752  0.4619  0.5459  0.6553  0.4576  0.000040
epoch:248 0.6440  0.9397  0.6795  0.4215  0.4751  0.6479  0.6123  0.6843  0.6843  0.4583  0.5416  0.6719  0.4501  0.000040
epoch:249 0.6585  0.9427  0.7055  0.4234  0.4814  0.6621  0.6249  0.6915  0.6915  0.4536  0.5459  0.6834  0.4322  0.000040
epoch:250 0.6501  0.9406  0.7037  0.4229  0.4779  0.6525  0.6210  0.6853  0.6853  0.4702  0.5459  0.6719  0.4499  0.000040
epoch:251 0.6504  0.9402  0.6886  0.4241  0.4824  0.6508  0.6194  0.6843  0.6843  0.4667  0.5464  0.6703  0.4531  0.000040
epoch:252 0.6545  0.9405  0.6982  0.4256  0.4732  0.6577  0.6235  0.6875  0.6875  0.4667  0.5337  0.6788  0.4504  0.000040
epoch:253 0.6503  0.9406  0.7010  0.4256  0.4750  0.6506  0.6209  0.6843  0.6843  0.4667  0.5404  0.6703  0.4421  0.000040
epoch:254 0.6504  0.9405  0.6752  0.4304  0.4816  0.6497  0.6197  0.6843  0.6843  0.4714  0.5479  0.6695  0.4482  0.000040
epoch:255 0.6319  0.9385  0.6769  0.4051  0.4741  0.6355  0.6062  0.6705  0.6705  0.4488  0.5400  0.6572  0.4654  0.000040
epoch:256 0.6158  0.9379  0.6830  0.3816  0.4841  0.6103  0.5873  0.6507  0.6507  0.4869  0.5499  0.6281  0.4494  0.000040
epoch:257 0.6518  0.9406  0.7126  0.4285  0.4792  0.6510  0.6198  0.6844  0.6844  0.4702  0.5419  0.6706  0.4441  0.000040
epoch:258 0.6457  0.9403  0.6861  0.4545  0.4684  0.6471  0.6160  0.6806  0.6806  0.4917  0.5356  0.6677  0.4533  0.000040
epoch:259 0.6536  0.9399  0.7012  0.4218  0.4759  0.6567  0.6230  0.6870  0.6870  0.4655  0.5400  0.6751  0.4360  0.000040
epoch:260 0.6550  0.9406  0.7090  0.4318  0.4811  0.6572  0.6232  0.6881  0.6881  0.4750  0.5419  0.6761  0.4484  0.000040
epoch:261 0.6552  0.9400  0.7150  0.4331  0.4840  0.6568  0.6230  0.6875  0.6875  0.4702  0.5479  0.6756  0.4434  0.000040
epoch:262 0.6511  0.9407  0.7093  0.4250  0.4732  0.6558  0.6210  0.6863  0.6863  0.4702  0.5436  0.6756  0.4390  0.000040
epoch:263 0.6425  0.9405  0.6876  0.4107  0.4732  0.6467  0.6145  0.6788  0.6788  0.4571  0.5420  0.6662  0.4424  0.000040
epoch:264 0.6534  0.9404  0.6923  0.4264  0.4844  0.6530  0.6210  0.6869  0.6869  0.4702  0.5503  0.6727  0.4229  0.000040
epoch:265 0.6454  0.9405  0.6724  0.4226  0.4803  0.6463  0.6165  0.6805  0.6805  0.4619  0.5479  0.6672  0.4408  0.000040
epoch:266 0.6477  0.9404  0.6848  0.4203  0.4764  0.6465  0.6184  0.6821  0.6821  0.4619  0.5424  0.6669  0.4641  0.000040
epoch:267 0.6516  0.9405  0.7098  0.4328  0.4750  0.6538  0.6204  0.6859  0.6859  0.4750  0.5459  0.6740  0.4644  0.000040
epoch:268 0.6511  0.9407  0.7016  0.4290  0.4811  0.6546  0.6225  0.6868  0.6868  0.4667  0.5483  0.6743  0.4433  0.000040
epoch:269 0.6446  0.9403  0.6844  0.4245  0.4707  0.6412  0.6153  0.6793  0.6793  0.4631  0.5380  0.6608  0.4459  0.000040
epoch:270 0.6508  0.9405  0.6835  0.4088  0.4830  0.6542  0.6213  0.6850  0.6850  0.4524  0.5459  0.6730  0.4489  0.000040
epoch:271 0.6387  0.9375  0.6787  0.3915  0.4775  0.6368  0.6115  0.6758  0.6758  0.5048  0.5479  0.6545  0.4531  0.000040
epoch:272 0.6513  0.9400  0.6928  0.4285  0.4753  0.6521  0.6219  0.6859  0.6859  0.4655  0.5483  0.6719  0.4430  0.000040
epoch:273 0.6271  0.9386  0.6753  0.4166  0.4779  0.6265  0.5992  0.6632  0.6632  0.4619  0.5459  0.6444  0.4616  0.000040
epoch:274 0.6428  0.9405  0.6736  0.4123  0.4742  0.6413  0.6138  0.6775  0.6775  0.4571  0.5400  0.6635  0.4546  0.000040
epoch:275 0.6533  0.9404  0.6938  0.4203  0.4847  0.6546  0.6228  0.6871  0.6871  0.4619  0.5522  0.6730  0.4464  0.000040
epoch:276 0.6522  0.9405  0.7014  0.4197  0.4743  0.6601  0.6241  0.6872  0.6872  0.4655  0.5440  0.6791  0.4526  0.000040
epoch:277 0.6281  0.9386  0.6786  0.4499  0.4836  0.6234  0.5990  0.6636  0.6636  0.5000  0.5507  0.6402  0.4342  0.000040
epoch:278 0.6455  0.9406  0.6982  0.4119  0.4837  0.6493  0.6172  0.6806  0.6806  0.4571  0.5440  0.6691  0.4519  0.000040
epoch:279 0.6482  0.9399  0.7027  0.4214  0.4744  0.6482  0.6158  0.6875  0.6875  0.4667  0.5420  0.6710  0.4530  0.000040
epoch:280 0.6551  0.9406  0.7044  0.4279  0.4716  0.6576  0.6246  0.6889  0.6889  0.4702  0.5372  0.6742  0.4479  0.000040
epoch:281 0.6519  0.9404  0.6824  0.4218  0.4742  0.6512  0.6216  0.6859  0.6859  0.4667  0.5459  0.6730  0.4605  0.000040
epoch:282 0.6402  0.9388  0.6725  0.4548  0.4828  0.6343  0.6129  0.6775  0.6775  0.5000  0.5459  0.6566  0.4373  0.000040
epoch:283 0.6525  0.9406  0.7046  0.4216  0.4769  0.6539  0.6227  0.6864  0.6864  0.4619  0.5464  0.6700  0.4431  0.000040
epoch:284 0.6523  0.9403  0.6789  0.4271  0.4827  0.6548  0.6205  0.6848  0.6848  0.4667  0.5483  0.6743  0.4467  0.000040
epoch:285 0.6544  0.9405  0.7119  0.4365  0.4719  0.6574  0.6231  0.6887  0.6887  0.4750  0.5424  0.6761  0.4597  0.000040
epoch:286 0.6476  0.9404  0.6985  0.4269  0.4726  0.6519  0.6190  0.6829  0.6829  0.4667  0.5380  0.6717  0.4441  0.000040
epoch:287 0.6525  0.9405  0.7086  0.4275  0.4778  0.6550  0.6233  0.6879  0.6879  0.4702  0.5483  0.6751  0.4389  0.000040
epoch:288 0.6501  0.9406  0.7067  0.4166  0.4890  0.6483  0.6187  0.6833  0.6833  0.4619  0.5586  0.6696  0.4364  0.000040
epoch:289 0.6395  0.9405  0.6763  0.4439  0.4744  0.6414  0.6135  0.6775  0.6775  0.4869  0.5400  0.6643  0.4346  0.000040
epoch:290 0.6457  0.9405  0.6994  0.4123  0.4818  0.6467  0.6167  0.6803  0.6803  0.4571  0.5455  0.6654  0.4442  0.000040
epoch:291 0.6506  0.9405  0.6937  0.4275  0.4727  0.6523  0.6197  0.6840  0.6840  0.4702  0.5376  0.6714  0.4332  0.000040
epoch:292 0.6532  0.9406  0.7026  0.4191  0.4779  0.6532  0.6222  0.6865  0.6865  0.4619  0.5419  0.6703  0.4454  0.000040
epoch:293 0.6499  0.9405  0.6950  0.4142  0.4760  0.6505  0.6208  0.6845  0.6845  0.4619  0.5404  0.6711  0.4462  0.000040
epoch:294 0.6479  0.9406  0.7059  0.4229  0.4791  0.6489  0.6184  0.6828  0.6828  0.4702  0.5468  0.6686  0.4573  0.000040
epoch:295 0.6374  0.9398  0.6795  0.3666  0.4743  0.6370  0.6095  0.6729  0.6729  0.4536  0.5400  0.6582  0.4393  0.000040
epoch:296 0.6479  0.9404  0.7050  0.4246  0.4802  0.6483  0.6171  0.6808  0.6808  0.4619  0.5444  0.6646  0.4491  0.000040
epoch:297 0.6448  0.9406  0.6940  0.4128  0.4778  0.6475  0.6140  0.6792  0.6792  0.4583  0.5439  0.6669  0.4457  0.000040
epoch:298 0.6237  0.9406  0.6813  0.4346  0.4798  0.6207  0.5943  0.6592  0.6592  0.4762  0.5459  0.6398  0.4475  0.000040
epoch:299 0.6491  0.9407  0.7000  0.4224  0.4789  0.6499  0.6171  0.6811  0.6811  0.4619  0.5459  0.6683  0.4370  0.000040
epoch:300 0.6530  0.9399  0.6932  0.4289  0.4786  0.6516  0.6238  0.6875  0.6875  0.4702  0.5404  0.6743  0.4504  0.000040
epoch:301 0.6433  0.9398  0.6765  0.4600  0.4723  0.6453  0.6180  0.6823  0.6823  0.5048  0.5400  0.6669  0.4541  0.000040
epoch:302 0.6452  0.9405  0.6975  0.4214  0.4741  0.6468  0.6158  0.6798  0.6798  0.4667  0.5412  0.6648  0.4433  0.000040
epoch:303 0.6492  0.9399  0.6766  0.4332  0.4798  0.6464  0.6200  0.6842  0.6842  0.4798  0.5483  0.6672  0.4433  0.000040
epoch:304 0.6463  0.9399  0.6935  0.4238  0.4760  0.6427  0.6169  0.6809  0.6809  0.4750  0.5424  0.6606  0.4415  0.000040
epoch:305 0.6569  0.9399  0.7268  0.4378  0.4816  0.6579  0.6259  0.6896  0.6896  0.4738  0.5483  0.6764  0.4386  0.000040
epoch:306 0.6431  0.9404  0.6848  0.4139  0.4794  0.6468  0.6141  0.6778  0.6778  0.4619  0.5464  0.6675  0.4454  0.000040
epoch:307 0.6596  0.9405  0.7134  0.4432  0.4814  0.6543  0.6281  0.6915  0.6915  0.4738  0.5464  0.6729  0.4367  0.000040
epoch:308 0.6397  0.9386  0.6815  0.4249  0.4807  0.6365  0.6132  0.6772  0.6772  0.4714  0.5487  0.6596  0.4340  0.000040
epoch:309 0.6531  0.9405  0.7038  0.4241  0.4835  0.6547  0.6223  0.6866  0.6866  0.4655  0.5503  0.6740  0.4489  0.000040
epoch:310 0.6524  0.9406  0.6976  0.4232  0.4800  0.6534  0.6202  0.6855  0.6855  0.4702  0.5479  0.6724  0.4394  0.000040
epoch:311 0.6521  0.9404  0.7015  0.4266  0.4824  0.6520  0.6220  0.6857  0.6857  0.4702  0.5483  0.6716  0.4240  0.000040
epoch:312 0.6299  0.9386  0.6740  0.4550  0.4819  0.6273  0.6018  0.6655  0.6655  0.5000  0.5483  0.6481  0.4491  0.000040
epoch:313 0.6494  0.9404  0.6861  0.4183  0.4829  0.6536  0.6200  0.6853  0.6853  0.4619  0.5483  0.6735  0.4549  0.000040
epoch:314 0.6533  0.9398  0.7031  0.4250  0.4803  0.6557  0.6227  0.6869  0.6869  0.4702  0.5459  0.6751  0.4455  0.000040
epoch:315 0.6415  0.9402  0.6770  0.4201  0.4736  0.6411  0.6128  0.6771  0.6771  0.4667  0.5396  0.6627  0.4356  0.000040
epoch:316 0.6195  0.9395  0.6799  0.4217  0.4703  0.6181  0.5948  0.6579  0.6579  0.4667  0.5356  0.6432  0.4342  0.000040
epoch:317 0.6267  0.9372  0.6817  0.3764  0.4746  0.6229  0.6020  0.6657  0.6657  0.4714  0.5400  0.6446  0.4318  0.000040
epoch:318 0.6538  0.9399  0.7034  0.4142  0.4904  0.6538  0.6218  0.6858  0.6858  0.4619  0.5503  0.6724  0.4296  0.000040
epoch:319 0.6536  0.9404  0.6848  0.4603  0.4839  0.6524  0.6222  0.6865  0.6865  0.5048  0.5507  0.6690  0.4431  0.000040
epoch:320 0.6520  0.9400  0.7124  0.4286  0.4832  0.6524  0.6232  0.6884  0.6884  0.4655  0.5590  0.6729  0.4408  0.000040
epoch:321 0.6528  0.9404  0.6948  0.4236  0.4826  0.6500  0.6212  0.6849  0.6849  0.4667  0.5464  0.6661  0.4647  0.000040
epoch:322 0.6532  0.9407  0.7090  0.4255  0.4769  0.6559  0.6216  0.6866  0.6866  0.4667  0.5440  0.6748  0.4544  0.000040
epoch:323 0.6571  0.9404  0.7004  0.4148  0.4707  0.6618  0.6274  0.6930  0.6930  0.4619  0.5463  0.6811  0.4562  0.000040
epoch:324 0.6445  0.9406  0.6912  0.4169  0.4706  0.6478  0.6181  0.6818  0.6818  0.4619  0.5356  0.6703  0.4545  0.000040
epoch:325 0.6473  0.9405  0.6848  0.4166  0.4735  0.6516  0.6196  0.6839  0.6839  0.4619  0.5400  0.6711  0.4485  0.000040
epoch:326 0.6463  0.9398  0.6786  0.4581  0.4756  0.6433  0.6180  0.6823  0.6823  0.4964  0.5419  0.6674  0.4459  0.000040
epoch:327 0.6506  0.9397  0.7028  0.4258  0.4766  0.6550  0.6210  0.6856  0.6856  0.4667  0.5455  0.6751  0.4499  0.000040
epoch:328 0.6496  0.9406  0.6894  0.4277  0.4875  0.6452  0.6191  0.6831  0.6831  0.4750  0.5507  0.6667  0.4288  0.000040
epoch:329 0.6191  0.9400  0.6708  0.4252  0.4666  0.6232  0.5924  0.6576  0.6576  0.4714  0.5328  0.6450  0.4386  0.000040
epoch:330 0.6534  0.9406  0.7055  0.4241  0.4727  0.6547  0.6230  0.6879  0.6879  0.4655  0.5447  0.6732  0.4330  0.000040
epoch:331 0.6498  0.9406  0.6834  0.4178  0.4813  0.6491  0.6193  0.6833  0.6833  0.4571  0.5499  0.6655  0.4373  0.000040
epoch:332 0.6530  0.9398  0.7124  0.4214  0.4754  0.6586  0.6230  0.6880  0.6880  0.4655  0.5507  0.6748  0.4424  0.000040
epoch:333 0.6549  0.9402  0.7084  0.4256  0.4907  0.6563  0.6234  0.6889  0.6889  0.4750  0.5543  0.6756  0.4521  0.000040
epoch:334 0.6526  0.9406  0.7082  0.4310  0.4853  0.6507  0.6238  0.6878  0.6878  0.4702  0.5455  0.6711  0.4381  0.000040
epoch:335 0.6451  0.9406  0.7098  0.4235  0.4709  0.6472  0.6159  0.6802  0.6802  0.4667  0.5372  0.6651  0.4371  0.000040
epoch:336 0.6418  0.9393  0.6717  0.3971  0.4797  0.6400  0.6146  0.6786  0.6786  0.5048  0.5440  0.6632  0.4307  0.000040
epoch:337 0.6472  0.9397  0.6982  0.3886  0.4795  0.6466  0.6182  0.6822  0.6822  0.5000  0.5464  0.6666  0.4436  0.000040
epoch:338 0.6504  0.9402  0.7025  0.4266  0.4741  0.6530  0.6208  0.6845  0.6845  0.4714  0.5420  0.6717  0.4474  0.000040
epoch:339 0.6586  0.9397  0.6941  0.4362  0.4811  0.6569  0.6280  0.6941  0.6941  0.4798  0.5522  0.6787  0.4333  0.000040
epoch:340 0.6511  0.9405  0.6906  0.4264  0.4804  0.6503  0.6204  0.6844  0.6844  0.4702  0.5464  0.6698  0.4370  0.000040
epoch:341 0.6484  0.9401  0.7023  0.4166  0.4740  0.6532  0.6196  0.6836  0.6836  0.4619  0.5356  0.6729  0.4352  0.000040
epoch:342 0.6532  0.9404  0.6866  0.4295  0.4789  0.6550  0.6231  0.6881  0.6881  0.4702  0.5483  0.6740  0.4482  0.000040
epoch:343 0.6457  0.9404  0.6909  0.4108  0.4785  0.6460  0.6168  0.6799  0.6799  0.4571  0.5440  0.6633  0.4398  0.000040
epoch:344 0.6429  0.9401  0.6820  0.4092  0.4733  0.6474  0.6172  0.6806  0.6806  0.4571  0.5380  0.6682  0.4476  0.000040
epoch:345 0.6397  0.9404  0.6803  0.4243  0.4701  0.6405  0.6129  0.6763  0.6763  0.4667  0.5356  0.6625  0.4391  0.000040
epoch:346 0.6447  0.9394  0.6779  0.4197  0.4820  0.6419  0.6149  0.6780  0.6780  0.4583  0.5440  0.6648  0.4442  0.000040
epoch:347 0.6481  0.9399  0.6765  0.4229  0.4722  0.6537  0.6222  0.6865  0.6865  0.4702  0.5376  0.6745  0.4457  0.000040
epoch:348 0.6474  0.9405  0.6939  0.4141  0.4817  0.6493  0.6183  0.6827  0.6827  0.4571  0.5440  0.6709  0.4427  0.000040
epoch:349 0.6516  0.9406  0.6945  0.4269  0.4833  0.6528  0.6214  0.6857  0.6857  0.4619  0.5503  0.6717  0.4516  0.000040
epoch:350 0.6472  0.9404  0.6941  0.4304  0.4827  0.6491  0.6189  0.6831  0.6831  0.4714  0.5483  0.6690  0.4224  0.000040
epoch:351 0.6316  0.9403  0.6902  0.4473  0.4728  0.6340  0.6030  0.6661  0.6661  0.4952  0.5396  0.6534  0.4361  0.000040
epoch:352 0.6555  0.9406  0.7113  0.4246  0.4947  0.6566  0.6232  0.6885  0.6885  0.4619  0.5586  0.6756  0.4521  0.000040
epoch:353 0.6452  0.9403  0.6773  0.4183  0.4725  0.6445  0.6177  0.6808  0.6808  0.4619  0.5380  0.6621  0.4459  0.000040
epoch:354 0.6420  0.9391  0.6776  0.4256  0.4705  0.6490  0.6148  0.6787  0.6787  0.4667  0.5380  0.6691  0.4475  0.000040
epoch:355 0.6257  0.9405  0.6883  0.4169  0.4707  0.6330  0.5994  0.6631  0.6631  0.4619  0.5376  0.6521  0.4406  0.000040
epoch:356 0.6483  0.9405  0.7031  0.4108  0.4705  0.6529  0.6195  0.6823  0.6823  0.4571  0.5356  0.6719  0.4372  0.000040
epoch:357 0.6425  0.9404  0.6827  0.4203  0.4839  0.6434  0.6145  0.6779  0.6779  0.4619  0.5436  0.6654  0.4347  0.000040
epoch:358 0.6439  0.9406  0.6940  0.4232  0.4723  0.6554  0.6178  0.6821  0.6821  0.4702  0.5443  0.6720  0.4352  0.000040
epoch:359 0.6475  0.9405  0.6792  0.4199  0.4781  0.6514  0.6198  0.6835  0.6835  0.4571  0.5459  0.6703  0.4309  0.000040
epoch:360 0.6520  0.9400  0.6919  0.4202  0.4877  0.6533  0.6207  0.6863  0.6863  0.4619  0.5522  0.6735  0.4574  0.000040
epoch:361 0.6523  0.9404  0.6792  0.4156  0.4877  0.6482  0.6222  0.6859  0.6859  0.4571  0.5527  0.6656  0.4345  0.000040
epoch:362 0.6435  0.9385  0.6829  0.4217  0.4792  0.6439  0.6139  0.6785  0.6785  0.4667  0.5479  0.6635  0.4448  0.000040
epoch:363 0.6481  0.9406  0.6859  0.4272  0.4773  0.6512  0.6211  0.6866  0.6866  0.4702  0.5487  0.6722  0.4319  0.000040
epoch:364 0.6475  0.9406  0.6696  0.4189  0.4826  0.6494  0.6198  0.6834  0.6834  0.4619  0.5483  0.6693  0.4400  0.000040
epoch:365 0.6308  0.9405  0.6830  0.4243  0.4774  0.6280  0.6008  0.6654  0.6654  0.4667  0.5443  0.6452  0.4407  0.000040
epoch:366 0.6274  0.9405  0.6947  0.4271  0.4749  0.6238  0.5987  0.6618  0.6618  0.4667  0.5404  0.6426  0.4424  0.000040
epoch:367 0.6383  0.9402  0.6665  0.4218  0.4852  0.6378  0.6134  0.6774  0.6774  0.4667  0.5503  0.6611  0.4329  0.000040
epoch:368 0.6530  0.9406  0.7017  0.4277  0.4842  0.6530  0.6233  0.6873  0.6873  0.4750  0.5507  0.6724  0.4511  0.000040
epoch:369 0.6534  0.9406  0.6929  0.4122  0.4844  0.6545  0.6235  0.6875  0.6875  0.4571  0.5527  0.6737  0.4316  0.000040
epoch:370 0.6482  0.9404  0.6990  0.4233  0.4769  0.6471  0.6175  0.6806  0.6806  0.4667  0.5420  0.6685  0.4350  0.000040
epoch:371 0.6527  0.9406  0.6999  0.4199  0.4768  0.6563  0.6246  0.6883  0.6883  0.4655  0.5400  0.6753  0.4329  0.000040
epoch:372 0.6473  0.9401  0.6830  0.4181  0.4753  0.6504  0.6208  0.6839  0.6839  0.4619  0.5404  0.6701  0.4390  0.000040
epoch:373 0.6490  0.9408  0.6858  0.4271  0.4845  0.6496  0.6195  0.6837  0.6837  0.4619  0.5522  0.6687  0.4314  0.000040
epoch:374 0.6566  0.9406  0.7045  0.4379  0.4781  0.6596  0.6271  0.6926  0.6926  0.4750  0.5522  0.6787  0.4307  0.000040
epoch:375 0.6535  0.9361  0.7171  0.4088  0.4804  0.6537  0.6208  0.6854  0.6854  0.4524  0.5424  0.6690  0.4258  0.000040
epoch:376 0.6320  0.9406  0.6764  0.4243  0.4780  0.6307  0.6033  0.6673  0.6673  0.4667  0.5459  0.6489  0.4379  0.000040
epoch:377 0.6507  0.9405  0.6786  0.4236  0.4794  0.6487  0.6198  0.6838  0.6838  0.4667  0.5400  0.6653  0.4404  0.000040
epoch:378 0.6440  0.9396  0.6823  0.4197  0.4820  0.6436  0.6145  0.6794  0.6794  0.4583  0.5483  0.6659  0.4352  0.000040
epoch:379 0.6506  0.9401  0.6938  0.4212  0.4820  0.6530  0.6242  0.6879  0.6879  0.4619  0.5531  0.6727  0.4265  0.000040
epoch:380 0.6493  0.9405  0.6831  0.4236  0.4821  0.6472  0.6197  0.6828  0.6828  0.4667  0.5468  0.6669  0.4311  0.000040
epoch:381 0.6186  0.9401  0.6719  0.4299  0.4818  0.6133  0.5902  0.6541  0.6541  0.4762  0.5459  0.6332  0.4417  0.000040
epoch:382 0.6347  0.9387  0.6881  0.4218  0.4755  0.6375  0.6058  0.6704  0.6704  0.4667  0.5415  0.6570  0.4279  0.000040
epoch:383 0.6434  0.9403  0.6648  0.4166  0.4750  0.6518  0.6165  0.6802  0.6802  0.4619  0.5416  0.6717  0.4444  0.000040
epoch:384 0.6475  0.9405  0.6826  0.4269  0.4803  0.6474  0.6190  0.6830  0.6830  0.4667  0.5464  0.6640  0.4263  0.000040
epoch:385 0.6323  0.9386  0.6810  0.4445  0.4830  0.6279  0.6045  0.6673  0.6673  0.4952  0.5483  0.6451  0.4413  0.000040
epoch:386 0.6507  0.9405  0.6938  0.4211  0.4812  0.6563  0.6214  0.6870  0.6870  0.4667  0.5483  0.6753  0.4483  0.000040
epoch:387 0.6521  0.9389  0.7002  0.4223  0.4730  0.6538  0.6228  0.6868  0.6868  0.4667  0.5400  0.6748  0.4380  0.000040
epoch:388 0.6470  0.9405  0.6697  0.4304  0.4796  0.6486  0.6186  0.6829  0.6829  0.4714  0.5459  0.6682  0.4268  0.000040
epoch:389 0.6524  0.9406  0.6934  0.4256  0.4814  0.6532  0.6228  0.6874  0.6874  0.4667  0.5567  0.6722  0.4356  0.000040
epoch:390 0.6433  0.9406  0.6745  0.4226  0.4797  0.6429  0.6167  0.6807  0.6807  0.4619  0.5567  0.6614  0.4373  0.000040
epoch:391 0.6515  0.9407  0.6869  0.4231  0.4820  0.6515  0.6215  0.6854  0.6854  0.4619  0.5483  0.6708  0.4378  0.000040
epoch:392 0.6385  0.9404  0.6696  0.4201  0.4696  0.6425  0.6124  0.6758  0.6758  0.4619  0.5356  0.6627  0.4273  0.000040
epoch:393 0.6402  0.9405  0.6799  0.4166  0.4681  0.6468  0.6133  0.6769  0.6769  0.4619  0.5333  0.6659  0.4297  0.000040
epoch:394 0.6507  0.9399  0.6929  0.4203  0.4876  0.6547  0.6220  0.6860  0.6860  0.4619  0.5483  0.6740  0.4329  0.000040
epoch:395 0.6525  0.9405  0.6977  0.4275  0.4774  0.6568  0.6243  0.6886  0.6886  0.4702  0.5483  0.6756  0.4336  0.000040
epoch:396 0.6432  0.9405  0.6937  0.4211  0.4702  0.6506  0.6163  0.6806  0.6806  0.4667  0.5376  0.6693  0.4381  0.000040
epoch:397 0.6392  0.9402  0.6967  0.4266  0.4838  0.6470  0.6133  0.6770  0.6770  0.4631  0.5547  0.6678  0.4320  0.000040
epoch:398 0.6520  0.9406  0.6974  0.4331  0.4688  0.6578  0.6218  0.6871  0.6871  0.4702  0.5376  0.6764  0.4382  0.000040
epoch:399 0.6532  0.9407  0.7161  0.4379  0.4814  0.6528  0.6236  0.6882  0.6882  0.4750  0.5527  0.6682  0.4437  0.000040
epoch:400 0.6507  0.9405  0.7075  0.4277  0.4783  0.6557  0.6211  0.6857  0.6857  0.4667  0.5400  0.6748  0.4270  0.000040
epoch:401 0.6491  0.9406  0.7034  0.4191  0.4819  0.6543  0.6209  0.6855  0.6855  0.4619  0.5499  0.6738  0.4283  0.000040
epoch:402 0.6488  0.9406  0.7038  0.4178  0.4814  0.6530  0.6198  0.6842  0.6842  0.4571  0.5464  0.6719  0.4430  0.000040
epoch:403 0.6511  0.9406  0.7156  0.4145  0.4706  0.6535  0.6220  0.6860  0.6860  0.4536  0.5404  0.6751  0.4388  0.000040
epoch:404 0.6394  0.9388  0.6754  0.4266  0.4793  0.6370  0.6123  0.6763  0.6763  0.4714  0.5459  0.6609  0.4169  0.000040
epoch:405 0.6504  0.9389  0.6929  0.4203  0.4800  0.6488  0.6210  0.6850  0.6850  0.4619  0.5443  0.6703  0.4413  0.000040
epoch:406 0.6533  0.9407  0.7078  0.4275  0.4719  0.6591  0.6259  0.6914  0.6914  0.4702  0.5419  0.6800  0.4489  0.000040
epoch:407 0.6493  0.9393  0.6883  0.4257  0.4827  0.6520  0.6189  0.6841  0.6841  0.4619  0.5503  0.6714  0.4223  0.000040
epoch:408 0.6498  0.9396  0.7003  0.4232  0.4855  0.6528  0.6220  0.6863  0.6863  0.4702  0.5503  0.6730  0.4362  0.000040
epoch:409 0.6561  0.9408  0.7003  0.4263  0.4863  0.6606  0.6297  0.6937  0.6937  0.4655  0.5503  0.6816  0.4435  0.000040
epoch:410 0.6451  0.9397  0.6930  0.4298  0.4780  0.6509  0.6175  0.6821  0.6821  0.4750  0.5455  0.6701  0.4295  0.000040
epoch:411 0.6512  0.9407  0.7001  0.4343  0.4782  0.6529  0.6238  0.6893  0.6893  0.4619  0.5522  0.6723  0.4312  0.000040
epoch:412 0.6501  0.9406  0.6972  0.4212  0.4796  0.6544  0.6231  0.6871  0.6871  0.4619  0.5527  0.6732  0.4402  0.000040
epoch:413 0.6510  0.9402  0.6988  0.4275  0.4777  0.6558  0.6231  0.6877  0.6877  0.4702  0.5503  0.6748  0.4313  0.000040
epoch:414 0.6576  0.9408  0.7004  0.4192  0.4831  0.6610  0.6300  0.6943  0.6943  0.4619  0.5463  0.6813  0.4313  0.000040
epoch:415 0.6458  0.9400  0.6811  0.4226  0.4794  0.6457  0.6198  0.6834  0.6834  0.4619  0.5507  0.6637  0.4401  0.000040
epoch:416 0.6512  0.9405  0.6822  0.4138  0.4857  0.6486  0.6207  0.6849  0.6849  0.4571  0.5546  0.6645  0.4315  0.000040
epoch:417 0.6508  0.9407  0.6939  0.4318  0.4753  0.6542  0.6228  0.6868  0.6868  0.4702  0.5424  0.6732  0.4217  0.000040
epoch:418 0.6371  0.9402  0.6984  0.4312  0.4850  0.6354  0.6061  0.6701  0.6701  0.4619  0.5527  0.6505  0.4424  0.000040
epoch:419 0.6519  0.9423  0.7054  0.4229  0.4774  0.6594  0.6232  0.6896  0.6896  0.4702  0.5361  0.6808  0.4436  0.000040
epoch:420 0.6275  0.9403  0.6743  0.4234  0.4816  0.6280  0.5992  0.6623  0.6623  0.4583  0.5440  0.6479  0.4350  0.000040
epoch:421 0.6523  0.9408  0.6971  0.4265  0.4852  0.6545  0.6218  0.6858  0.6858  0.4571  0.5503  0.6729  0.4381  0.000040
epoch:422 0.6449  0.9406  0.6767  0.4269  0.4731  0.6480  0.6180  0.6820  0.6820  0.4667  0.5376  0.6690  0.4510  0.000040
epoch:423 0.6313  0.9400  0.6633  0.4567  0.4764  0.6325  0.6048  0.6673  0.6673  0.4917  0.5420  0.6518  0.4308  0.000040
epoch:424 0.6572  0.9406  0.7044  0.4191  0.4808  0.6616  0.6278  0.6931  0.6931  0.4619  0.5527  0.6801  0.4096  0.000040
epoch:425 0.6538  0.9408  0.6900  0.4355  0.4817  0.6549  0.6233  0.6891  0.6891  0.4750  0.5546  0.6732  0.4365  0.000040
epoch:426 0.6510  0.9414  0.6893  0.4292  0.4849  0.6528  0.6213  0.6853  0.6853  0.4619  0.5503  0.6722  0.4141  0.000040
epoch:427 0.6541  0.9408  0.6962  0.4296  0.4892  0.6517  0.6250  0.6890  0.6890  0.4702  0.5527  0.6686  0.4332  0.000040
epoch:428 0.6593  0.9406  0.7175  0.4432  0.4796  0.6617  0.6277  0.6932  0.6932  0.4786  0.5439  0.6803  0.4452  0.000040
epoch:429 0.6471  0.9406  0.6805  0.4242  0.4827  0.6474  0.6190  0.6827  0.6827  0.4571  0.5503  0.6648  0.4166  0.000040
epoch:430 0.6453  0.9400  0.6703  0.3769  0.4774  0.6524  0.6197  0.6831  0.6831  0.4667  0.5464  0.6724  0.4311  0.000040
epoch:431 0.6482  0.9408  0.6780  0.4593  0.4799  0.6503  0.6212  0.6852  0.6852  0.5000  0.5443  0.6693  0.4297  0.000040
epoch:432 0.6523  0.9408  0.6973  0.4322  0.4758  0.6579  0.6247  0.6887  0.6887  0.4750  0.5424  0.6761  0.4377  0.000040
epoch:433 0.6472  0.9407  0.6767  0.4179  0.4805  0.6509  0.6190  0.6827  0.6827  0.4571  0.5400  0.6708  0.4383  0.000040
epoch:434 0.6503  0.9405  0.7029  0.4160  0.4841  0.6520  0.6214  0.6848  0.6848  0.4571  0.5487  0.6711  0.4332  0.000040
epoch:435 0.6489  0.9407  0.6891  0.4169  0.4739  0.6548  0.6197  0.6840  0.6840  0.4619  0.5396  0.6727  0.4375  0.000040
epoch:436 0.6525  0.9401  0.7133  0.4178  0.4891  0.6566  0.6227  0.6877  0.6877  0.4571  0.5527  0.6761  0.4493  0.000040
epoch:437 0.6178  0.9396  0.6748  0.4492  0.4767  0.6163  0.5947  0.6575  0.6575  0.4905  0.5547  0.6360  0.4321  0.000040
epoch:438 0.6528  0.9400  0.7234  0.4320  0.4871  0.6473  0.6227  0.6867  0.6867  0.4750  0.5507  0.6634  0.4346  0.000040
epoch:439 0.6532  0.9400  0.6799  0.4369  0.4702  0.6577  0.6256  0.6911  0.6911  0.4750  0.5479  0.6774  0.4332  0.000040
epoch:440 0.6465  0.9407  0.6826  0.4224  0.4810  0.6501  0.6195  0.6834  0.6834  0.4619  0.5483  0.6693  0.4360  0.000040
epoch:441 0.6557  0.9412  0.6815  0.4228  0.4735  0.6605  0.6277  0.6923  0.6923  0.4655  0.5464  0.6795  0.4332  0.000040
epoch:442 0.6507  0.9411  0.6980  0.4187  0.4754  0.6576  0.6218  0.6871  0.6871  0.4619  0.5459  0.6764  0.4298  0.000040
epoch:443 0.6455  0.9404  0.6824  0.4092  0.4755  0.6507  0.6207  0.6832  0.6832  0.4571  0.5444  0.6703  0.4378  0.000040
epoch:444 0.6495  0.9407  0.6739  0.4432  0.4772  0.6487  0.6191  0.6837  0.6837  0.4762  0.5440  0.6650  0.4323  0.000040
epoch:445 0.6285  0.9404  0.6759  0.4233  0.4792  0.6361  0.6011  0.6654  0.6654  0.4667  0.5483  0.6556  0.4367  0.000040
epoch:446 0.6463  0.9399  0.6793  0.4266  0.4805  0.6461  0.6187  0.6824  0.6824  0.4714  0.5459  0.6635  0.4347  0.000040
epoch:447 0.6532  0.9406  0.7074  0.4351  0.4804  0.6578  0.6235  0.6884  0.6884  0.4714  0.5503  0.6761  0.4186  0.000040
epoch:448 0.6505  0.9407  0.6829  0.4156  0.4755  0.6561  0.6234  0.6874  0.6874  0.4619  0.5424  0.6745  0.4201  0.000040
epoch:449 0.6303  0.9404  0.6918  0.4349  0.4896  0.6280  0.6005  0.6647  0.6647  0.4667  0.5586  0.6450  0.4315  0.000040
epoch:450 0.6535  0.9401  0.7093  0.4321  0.4828  0.6511  0.6236  0.6882  0.6882  0.4667  0.5527  0.6700  0.4281  0.000040
epoch:451 0.6549  0.9396  0.6914  0.4376  0.4874  0.6497  0.6218  0.6875  0.6875  0.4667  0.5483  0.6658  0.4286  0.000040
epoch:452 0.6479  0.9407  0.6816  0.4207  0.4767  0.6536  0.6198  0.6841  0.6841  0.4536  0.5483  0.6724  0.4330  0.000040
epoch:453 0.6528  0.9408  0.6860  0.4320  0.4846  0.6536  0.6223  0.6866  0.6866  0.4619  0.5503  0.6692  0.4221  0.000040
epoch:454 0.6476  0.9405  0.6884  0.4345  0.4808  0.6488  0.6180  0.6823  0.6823  0.4667  0.5507  0.6677  0.4326  0.000040
epoch:455 0.6512  0.9406  0.6862  0.4333  0.4833  0.6543  0.6212  0.6865  0.6865  0.4619  0.5503  0.6738  0.4346  0.000040
epoch:456 0.6522  0.9412  0.6867  0.4366  0.4798  0.6556  0.6218  0.6864  0.6864  0.4667  0.5419  0.6748  0.4164  0.000040
epoch:457 0.6490  0.9406  0.6914  0.4173  0.4797  0.6496  0.6221  0.6849  0.6849  0.4524  0.5468  0.6716  0.4274  0.000040
epoch:458 0.6488  0.9407  0.6862  0.4286  0.4760  0.6518  0.6204  0.6844  0.6844  0.4571  0.5419  0.6714  0.4277  0.000040
epoch:459 0.6547  0.9407  0.6927  0.4347  0.4813  0.6515  0.6223  0.6872  0.6872  0.4667  0.5503  0.6684  0.4241  0.000040
epoch:460 0.6264  0.9379  0.6709  0.3755  0.4808  0.6326  0.5995  0.6629  0.6629  0.4583  0.5459  0.6537  0.4294  0.000040
epoch:461 0.6494  0.9400  0.6831  0.4387  0.4809  0.6465  0.6213  0.6844  0.6844  0.4714  0.5508  0.6645  0.4249  0.000040
epoch:462 0.6527  0.9394  0.6841  0.4181  0.4796  0.6564  0.6248  0.6885  0.6885  0.4571  0.5479  0.6761  0.4291  0.000040
epoch:463 0.6544  0.9407  0.6997  0.4353  0.4725  0.6557  0.6246  0.6886  0.6886  0.4619  0.5400  0.6718  0.4463  0.000040
epoch:464 0.6511  0.9403  0.6968  0.4289  0.4810  0.6533  0.6222  0.6865  0.6865  0.4619  0.5503  0.6698  0.4224  0.000040
epoch:465 0.6296  0.9406  0.6819  0.4387  0.4822  0.6231  0.6023  0.6660  0.6660  0.4714  0.5464  0.6436  0.4171  0.000040
epoch:466 0.6519  0.9408  0.6928  0.4200  0.4792  0.6566  0.6243  0.6876  0.6876  0.4536  0.5487  0.6756  0.4178  0.000040
epoch:467 0.6453  0.9398  0.6786  0.4636  0.4850  0.6423  0.6177  0.6811  0.6811  0.5000  0.5487  0.6598  0.4295  0.000040
epoch:468 0.6477  0.9396  0.6769  0.4227  0.4780  0.6517  0.6182  0.6828  0.6828  0.4571  0.5464  0.6677  0.4262  0.000040
epoch:469 0.6539  0.9407  0.6903  0.4365  0.4826  0.6482  0.6224  0.6861  0.6861  0.4655  0.5479  0.6637  0.4303  0.000040
epoch:470 0.6555  0.9407  0.6978  0.4229  0.4878  0.6557  0.6243  0.6886  0.6886  0.4536  0.5527  0.6764  0.4306  0.000040
epoch:471 0.6428  0.9399  0.6778  0.4328  0.4795  0.6422  0.6149  0.6789  0.6789  0.4667  0.5459  0.6648  0.4217  0.000040
epoch:472 0.6478  0.9407  0.6796  0.4312  0.4811  0.6526  0.6200  0.6837  0.6837  0.4619  0.5483  0.6735  0.4177  0.000040
epoch:473 0.6322  0.9407  0.6842  0.4173  0.4806  0.6310  0.6027  0.6661  0.6661  0.4524  0.5424  0.6473  0.4385  0.000040
epoch:474 0.6611  0.9408  0.7016  0.4434  0.4806  0.6599  0.6337  0.6993  0.6993  0.4738  0.5546  0.6797  0.4276  0.000040
epoch:475 0.6568  0.9408  0.6832  0.4208  0.4841  0.6592  0.6261  0.6908  0.6908  0.4571  0.5483  0.6784  0.4199  0.000040
epoch:476 0.6496  0.9402  0.6860  0.4281  0.4888  0.6457  0.6199  0.6842  0.6842  0.4583  0.5610  0.6632  0.4309  0.000040
epoch:477 0.6486  0.9406  0.6867  0.4202  0.4748  0.6527  0.6193  0.6845  0.6845  0.4571  0.5439  0.6719  0.4206  0.000040
epoch:478 0.6559  0.9406  0.7135  0.4228  0.4846  0.6525  0.6250  0.6896  0.6896  0.4571  0.5610  0.6674  0.4216  0.000040
epoch:479 0.6485  0.9396  0.6747  0.4252  0.4810  0.6479  0.6218  0.6857  0.6857  0.4631  0.5590  0.6648  0.4310  0.000040
epoch:480 0.6451  0.9405  0.6776  0.4148  0.4652  0.6526  0.6197  0.6834  0.6834  0.4524  0.5396  0.6719  0.4227  0.000040
epoch:481 0.6507  0.9407  0.6783  0.4241  0.4700  0.6558  0.6224  0.6867  0.6867  0.4619  0.5419  0.6745  0.4271  0.000040
epoch:482 0.6586  0.9405  0.7106  0.4447  0.4797  0.6609  0.6275  0.6924  0.6924  0.4750  0.5487  0.6788  0.4137  0.000040
epoch:483 0.6494  0.9400  0.6849  0.4255  0.4772  0.6484  0.6216  0.6859  0.6859  0.4619  0.5443  0.6682  0.4171  0.000040
epoch:484 0.6464  0.9407  0.6875  0.4296  0.4664  0.6478  0.6194  0.6834  0.6834  0.4619  0.5400  0.6658  0.4402  0.000040
epoch:485 0.6531  0.9406  0.6995  0.4197  0.4894  0.6539  0.6228  0.6870  0.6870  0.4571  0.5546  0.6729  0.4399  0.000040
epoch:486 0.6485  0.9394  0.6710  0.4217  0.4856  0.6526  0.6209  0.6852  0.6852  0.4583  0.5546  0.6735  0.4187  0.000040
epoch:487 0.6447  0.9400  0.6858  0.4355  0.4734  0.6486  0.6198  0.6840  0.6840  0.4667  0.5483  0.6698  0.4202  0.000040
epoch:488 0.6454  0.9403  0.6709  0.4218  0.4786  0.6469  0.6184  0.6824  0.6824  0.4583  0.5507  0.6669  0.4271  0.000040
epoch:489 0.6539  0.9399  0.6915  0.4321  0.4733  0.6545  0.6251  0.6909  0.6909  0.4667  0.5439  0.6737  0.4228  0.000040
epoch:490 0.6504  0.9405  0.6900  0.4228  0.4789  0.6528  0.6234  0.6877  0.6877  0.4619  0.5586  0.6687  0.4200  0.000040
epoch:491 0.6530  0.9407  0.6966  0.4357  0.4784  0.6565  0.6264  0.6920  0.6920  0.4702  0.5562  0.6784  0.4089  0.000040
epoch:492 0.6414  0.9406  0.6900  0.4355  0.4777  0.6434  0.6152  0.6798  0.6798  0.4714  0.5503  0.6651  0.4265  0.000040
epoch:493 0.6665  0.9420  0.7102  0.4571  0.4798  0.6703  0.6341  0.7023  0.7023  0.4833  0.5479  0.6918  0.4188  0.000040
epoch:494 0.6526  0.9407  0.6832  0.4357  0.4788  0.6507  0.6229  0.6914  0.6914  0.4667  0.5507  0.6729  0.4382  0.000040
epoch:495 0.6602  0.9406  0.6999  0.4309  0.4805  0.6625  0.6284  0.6940  0.6940  0.4619  0.5527  0.6808  0.4219  0.000040
epoch:496 0.6529  0.9407  0.6869  0.4396  0.4796  0.6511  0.6271  0.6924  0.6924  0.4702  0.5507  0.6734  0.4191  0.000040
epoch:497 0.6489  0.9406  0.6783  0.4312  0.4766  0.6525  0.6198  0.6847  0.6847  0.4619  0.5483  0.6716  0.4215  0.000040
epoch:498 0.6520  0.9397  0.6976  0.4306  0.4762  0.6572  0.6242  0.6885  0.6885  0.4655  0.5483  0.6767  0.4259  0.000040
epoch:499 0.6447  0.9406  0.6691  0.4173  0.4697  0.6488  0.6176  0.6812  0.6812  0.4488  0.5400  0.6656  0.4214  0.000040
epoch:500 0.6530  0.9407  0.6833  0.4320  0.4816  0.6564  0.6231  0.6874  0.6874  0.4619  0.5503  0.6740  0.4224  0.000040
epoch:501 0.6609  0.9396  0.7037  0.4492  0.4795  0.6642  0.6317  0.6966  0.6966  0.4798  0.5527  0.6829  0.4336  0.000040
epoch:502 0.6361  0.9407  0.6870  0.4298  0.4821  0.6353  0.6074  0.6714  0.6714  0.4619  0.5531  0.6563  0.4282  0.000040
epoch:503 0.6533  0.9402  0.6998  0.4357  0.4804  0.6589  0.6246  0.6898  0.6898  0.4619  0.5527  0.6774  0.4290  0.000040
epoch:504 0.6467  0.9411  0.6808  0.4320  0.4754  0.6503  0.6188  0.6834  0.6834  0.4667  0.5459  0.6703  0.4209  0.000040
epoch:505 0.6445  0.9400  0.6797  0.4269  0.4841  0.6475  0.6187  0.6818  0.6818  0.4583  0.5464  0.6679  0.4295  0.000040
epoch:506 0.6511  0.9406  0.6977  0.4269  0.4793  0.6558  0.6239  0.6879  0.6879  0.4619  0.5507  0.6746  0.4199  0.000040
epoch:507 0.6543  0.9407  0.6931  0.4265  0.4871  0.6489  0.6221  0.6870  0.6870  0.4571  0.5527  0.6642  0.4314  0.000040
epoch:508 0.6413  0.9403  0.6780  0.4308  0.4822  0.6456  0.6127  0.6766  0.6766  0.4667  0.5483  0.6657  0.4078  0.000040
epoch:509 0.6514  0.9407  0.6892  0.4265  0.4773  0.6542  0.6231  0.6871  0.6871  0.4619  0.5487  0.6727  0.4428  0.000040
epoch:510 0.6549  0.9414  0.6842  0.4376  0.4818  0.6550  0.6264  0.6907  0.6907  0.4750  0.5503  0.6719  0.4124  0.000040
epoch:511 0.6512  0.9430  0.6916  0.4328  0.4768  0.6574  0.6230  0.6902  0.6902  0.4702  0.5483  0.6753  0.4331  0.000040
epoch:512 0.6437  0.9406  0.6752  0.4297  0.4749  0.6417  0.6149  0.6794  0.6794  0.4667  0.5464  0.6609  0.4349  0.000040
epoch:513 0.6457  0.9400  0.6793  0.4296  0.4743  0.6392  0.6180  0.6820  0.6820  0.4619  0.5419  0.6632  0.4233  0.000040
epoch:514 0.6348  0.9403  0.6744  0.4611  0.4761  0.6363  0.6074  0.6720  0.6720  0.4917  0.5419  0.6567  0.4132  0.000040
epoch:515 0.6511  0.9405  0.6896  0.4322  0.4775  0.6513  0.6224  0.6867  0.6867  0.4667  0.5507  0.6671  0.4234  0.000040
epoch:516 0.6557  0.9411  0.6797  0.4328  0.4821  0.6587  0.6282  0.6928  0.6928  0.4702  0.5527  0.6782  0.4240  0.000040
epoch:517 0.6504  0.9408  0.6874  0.4251  0.4844  0.6548  0.6220  0.6862  0.6862  0.4536  0.5527  0.6740  0.4150  0.000040
epoch:518 0.6323  0.9400  0.6856  0.4328  0.4771  0.6338  0.6050  0.6690  0.6690  0.4667  0.5527  0.6502  0.4235  0.000040
epoch:519 0.6558  0.9408  0.6827  0.4241  0.4859  0.6584  0.6253  0.6893  0.6893  0.4619  0.5507  0.6764  0.4289  0.000040
epoch:520 0.6528  0.9408  0.6903  0.4274  0.4775  0.6568  0.6256  0.6890  0.6890  0.4619  0.5492  0.6751  0.4228  0.000040
epoch:521 0.6488  0.9399  0.6786  0.4332  0.4740  0.6543  0.6233  0.6875  0.6875  0.4619  0.5443  0.6751  0.4193  0.000040
epoch:522 0.6479  0.9406  0.6906  0.4225  0.4728  0.6525  0.6212  0.6852  0.6852  0.4619  0.5464  0.6724  0.4246  0.000040
epoch:523 0.6476  0.9406  0.6866  0.4344  0.4662  0.6529  0.6196  0.6849  0.6849  0.4702  0.5396  0.6724  0.4364  0.000040
epoch:524 0.6510  0.9407  0.6907  0.4312  0.4843  0.6495  0.6221  0.6861  0.6861  0.4619  0.5507  0.6716  0.4439  0.000040
epoch:525 0.6460  0.9408  0.6769  0.4152  0.4682  0.6526  0.6194  0.6837  0.6837  0.4536  0.5400  0.6719  0.4175  0.000040
epoch:526 0.6466  0.9406  0.6907  0.4274  0.4705  0.6499  0.6194  0.6834  0.6834  0.4619  0.5404  0.6698  0.4247  0.000040
epoch:527 0.6486  0.9406  0.6789  0.4218  0.4766  0.6513  0.6213  0.6850  0.6850  0.4571  0.5487  0.6700  0.4154  0.000040
epoch:528 0.6485  0.9401  0.6914  0.4231  0.4797  0.6501  0.6219  0.6853  0.6853  0.4536  0.5571  0.6663  0.4286  0.000040
epoch:529 0.6380  0.9406  0.6821  0.4320  0.4704  0.6393  0.6137  0.6767  0.6767  0.4667  0.5440  0.6582  0.4318  0.000040
epoch:530 0.6500  0.9399  0.6864  0.4273  0.4831  0.6495  0.6196  0.6839  0.6839  0.4631  0.5468  0.6695  0.4315  0.000040
epoch:531 0.6517  0.9401  0.6895  0.4466  0.4772  0.6568  0.6245  0.6900  0.6900  0.4798  0.5443  0.6766  0.4165  0.000040
epoch:532 0.6523  0.9400  0.6863  0.4345  0.4793  0.6541  0.6225  0.6877  0.6877  0.4667  0.5507  0.6730  0.4261  0.000040
epoch:533 0.6474  0.9407  0.6725  0.4252  0.4711  0.6527  0.6201  0.6838  0.6838  0.4619  0.5420  0.6714  0.4173  0.000040
epoch:534 0.6440  0.9407  0.6930  0.4265  0.4835  0.6374  0.6165  0.6805  0.6805  0.4619  0.5595  0.6543  0.4167  0.000040
epoch:535 0.6523  0.9399  0.6910  0.4312  0.4837  0.6499  0.6216  0.6866  0.6866  0.4619  0.5507  0.6682  0.4134  0.000040
epoch:536 0.6480  0.9407  0.6853  0.4312  0.4768  0.6480  0.6206  0.6846  0.6846  0.4619  0.5483  0.6669  0.4281  0.000040
epoch:537 0.6513  0.9408  0.6948  0.4208  0.4818  0.6441  0.6229  0.6869  0.6869  0.4571  0.5550  0.6632  0.4090  0.000040
epoch:538 0.6541  0.9408  0.6937  0.4284  0.4967  0.6523  0.6261  0.6910  0.6910  0.4583  0.5570  0.6713  0.4200  0.000040
epoch:539 0.6516  0.9407  0.6850  0.4334  0.4818  0.6506  0.6226  0.6882  0.6882  0.4667  0.5527  0.6700  0.4215  0.000040
epoch:540 0.6476  0.9407  0.6912  0.4296  0.4785  0.6510  0.6211  0.6851  0.6851  0.4619  0.5487  0.6674  0.4255  0.000040
epoch:541 0.6470  0.9405  0.6798  0.4195  0.4813  0.6488  0.6197  0.6831  0.6831  0.4583  0.5464  0.6653  0.4242  0.000040
epoch:542 0.6529  0.9408  0.6849  0.4298  0.4843  0.6562  0.6230  0.6882  0.6882  0.4619  0.5507  0.6751  0.4177  0.000040
epoch:543 0.6478  0.9403  0.6935  0.4226  0.4831  0.6504  0.6190  0.6833  0.6833  0.4536  0.5522  0.6695  0.4219  0.000040
epoch:544 0.6317  0.9398  0.6745  0.4352  0.4837  0.6351  0.6044  0.6684  0.6684  0.4714  0.5507  0.6521  0.4142  0.000040
epoch:545 0.6517  0.9413  0.6961  0.4400  0.4779  0.6551  0.6227  0.6873  0.6873  0.4750  0.5459  0.6706  0.4238  0.000040
epoch:546 0.6532  0.9406  0.6967  0.4253  0.4819  0.6590  0.6226  0.6876  0.6876  0.4619  0.5483  0.6769  0.4288  0.000040
epoch:547 0.6417  0.9395  0.6974  0.3749  0.4858  0.6411  0.6168  0.6811  0.6811  0.4631  0.5527  0.6669  0.4224  0.000040
epoch:548 0.6496  0.9408  0.6777  0.4297  0.4733  0.6615  0.6223  0.6869  0.6869  0.4667  0.5464  0.6780  0.4199  0.000040
epoch:549 0.6560  0.9407  0.6866  0.4319  0.4814  0.6596  0.6245  0.6895  0.6895  0.4619  0.5483  0.6777  0.4133  0.000040
epoch:550 0.6454  0.9412  0.6717  0.4234  0.4764  0.6503  0.6188  0.6831  0.6831  0.4536  0.5503  0.6698  0.4086  0.000040
epoch:551 0.6525  0.9406  0.6986  0.4224  0.4837  0.6505  0.6223  0.6866  0.6866  0.4619  0.5507  0.6682  0.4204  0.000040
epoch:552 0.6504  0.9407  0.6752  0.4331  0.4795  0.6535  0.6219  0.6859  0.6859  0.4667  0.5483  0.6719  0.4094  0.000040
epoch:553 0.6335  0.9400  0.6678  0.4673  0.4863  0.6295  0.6071  0.6714  0.6714  0.5083  0.5522  0.6478  0.4099  0.000040
epoch:554 0.6510  0.9408  0.6850  0.4356  0.4869  0.6456  0.6210  0.6855  0.6855  0.4667  0.5586  0.6618  0.4043  0.000040
epoch:555 0.6521  0.9404  0.6849  0.4288  0.4886  0.6523  0.6237  0.6879  0.6879  0.4619  0.5586  0.6700  0.4125  0.000040
epoch:556 0.6504  0.9406  0.7097  0.4231  0.4833  0.6440  0.6219  0.6881  0.6881  0.4619  0.5610  0.6615  0.4222  0.000040
epoch:557 0.6487  0.9399  0.6798  0.4346  0.4765  0.6545  0.6222  0.6868  0.6868  0.4619  0.5503  0.6743  0.4123  0.000040
epoch:558 0.6431  0.9400  0.6625  0.4322  0.4852  0.6454  0.6135  0.6790  0.6790  0.4667  0.5479  0.6651  0.4083  0.000040
epoch:559 0.6554  0.9408  0.6754  0.4331  0.4796  0.6598  0.6254  0.6907  0.6907  0.4667  0.5507  0.6777  0.4296  0.000040
epoch:560 0.6513  0.9407  0.6840  0.4298  0.4793  0.6552  0.6225  0.6874  0.6874  0.4619  0.5507  0.6743  0.4188  0.000040
epoch:561 0.6471  0.9406  0.6817  0.4243  0.4772  0.6459  0.6193  0.6836  0.6836  0.4583  0.5487  0.6650  0.4213  0.000040
epoch:562 0.6522  0.9407  0.6911  0.4330  0.4807  0.6513  0.6226  0.6882  0.6882  0.4667  0.5527  0.6700  0.4191  0.000040
epoch:563 0.6538  0.9400  0.6778  0.4379  0.4806  0.6575  0.6244  0.6899  0.6899  0.4667  0.5527  0.6764  0.4219  0.000040
epoch:564 0.6498  0.9412  0.6789  0.4690  0.4812  0.6483  0.6213  0.6856  0.6856  0.5000  0.5483  0.6708  0.4175  0.000040
epoch:565 0.6507  0.9406  0.6731  0.4214  0.4832  0.6509  0.6200  0.6840  0.6840  0.4536  0.5483  0.6669  0.4252  0.000040
epoch:566 0.6477  0.9405  0.6922  0.4631  0.4815  0.6471  0.6207  0.6846  0.6846  0.5000  0.5503  0.6647  0.4266  0.000040
epoch:567 0.6518  0.9406  0.6918  0.4240  0.4810  0.6553  0.6253  0.6915  0.6915  0.4619  0.5527  0.6776  0.4319  0.000040
epoch:568 0.6503  0.9413  0.7007  0.4256  0.4795  0.6557  0.6232  0.6872  0.6872  0.4571  0.5527  0.6745  0.4080  0.000040
epoch:569 0.6515  0.9405  0.6985  0.4269  0.4822  0.6529  0.6227  0.6873  0.6873  0.4619  0.5531  0.6721  0.4298  0.000040
epoch:570 0.6319  0.9406  0.6712  0.4306  0.4760  0.6282  0.6029  0.6669  0.6669  0.4667  0.5459  0.6441  0.4151  0.000040
epoch:571 0.6512  0.9407  0.6878  0.4309  0.4817  0.6490  0.6238  0.6880  0.6880  0.4667  0.5531  0.6684  0.4141  0.000040
epoch:572 0.6542  0.9400  0.6873  0.4220  0.4839  0.6550  0.6253  0.6899  0.6899  0.4524  0.5550  0.6761  0.4082  0.000040
epoch:573 0.6482  0.9407  0.6841  0.4219  0.4873  0.6499  0.6215  0.6855  0.6855  0.4619  0.5527  0.6701  0.4271  0.000040
epoch:574 0.6514  0.9407  0.6860  0.4276  0.4842  0.6544  0.6241  0.6884  0.6884  0.4619  0.5610  0.6729  0.4256  0.000040
epoch:575 0.6492  0.9405  0.6709  0.4267  0.4815  0.6500  0.6214  0.6854  0.6854  0.4619  0.5507  0.6666  0.4117  0.000040
epoch:576 0.6483  0.9407  0.6729  0.4298  0.4768  0.6535  0.6208  0.6858  0.6858  0.4619  0.5483  0.6729  0.4259  0.000040
epoch:577 0.6472  0.9406  0.6662  0.4203  0.4739  0.6529  0.6220  0.6859  0.6859  0.4607  0.5443  0.6727  0.4171  0.000040
epoch:578 0.6487  0.9401  0.6825  0.4294  0.4762  0.6529  0.6216  0.6859  0.6859  0.4667  0.5483  0.6719  0.4204  0.000040
epoch:579 0.6527  0.9401  0.6968  0.4299  0.4852  0.6589  0.6247  0.6893  0.6893  0.4667  0.5610  0.6748  0.4016  0.000040
epoch:580 0.6522  0.9399  0.6940  0.4377  0.4652  0.6565  0.6230  0.6888  0.6888  0.4667  0.5443  0.6721  0.4190  0.000040
epoch:581 0.6577  0.9400  0.6923  0.4207  0.4890  0.6605  0.6302  0.6952  0.6952  0.4571  0.5550  0.6813  0.4232  0.000040
epoch:582 0.6521  0.9408  0.6950  0.4354  0.4804  0.6546  0.6237  0.6876  0.6876  0.4655  0.5483  0.6706  0.4112  0.000040
epoch:583 0.6490  0.9405  0.6735  0.4259  0.4917  0.6462  0.6204  0.6852  0.6852  0.4714  0.5610  0.6634  0.4145  0.000040
epoch:584 0.6507  0.9407  0.6876  0.4297  0.4812  0.6460  0.6217  0.6860  0.6860  0.4619  0.5527  0.6618  0.4103  0.000040
epoch:585 0.6491  0.9406  0.6731  0.4306  0.4782  0.6478  0.6215  0.6861  0.6861  0.4667  0.5507  0.6674  0.4273  0.000040
epoch:586 0.6511  0.9403  0.6760  0.4297  0.4749  0.6577  0.6243  0.6883  0.6883  0.4619  0.5483  0.6761  0.4041  0.000040
epoch:587 0.6525  0.9407  0.6791  0.4200  0.4827  0.6580  0.6232  0.6872  0.6872  0.4488  0.5507  0.6753  0.4176  0.000040
epoch:588 0.6501  0.9407  0.6821  0.4266  0.4821  0.6541  0.6234  0.6871  0.6871  0.4583  0.5547  0.6700  0.4230  0.000040
epoch:589 0.6517  0.9400  0.6858  0.4368  0.4849  0.6509  0.6235  0.6881  0.6881  0.4714  0.5550  0.6677  0.4115  0.000040
epoch:590 0.6534  0.9406  0.6886  0.4276  0.4824  0.6584  0.6251  0.6891  0.6891  0.4619  0.5507  0.6766  0.4105  0.000040
epoch:591 0.6484  0.9407  0.6745  0.4243  0.4895  0.6475  0.6209  0.6852  0.6852  0.4619  0.5424  0.6669  0.4145  0.000040
epoch:592 0.6319  0.9405  0.6895  0.4233  0.4892  0.6347  0.6067  0.6701  0.6701  0.4619  0.5590  0.6544  0.4047  0.000040
epoch:593 0.6531  0.9407  0.6826  0.4243  0.4826  0.6573  0.6249  0.6886  0.6886  0.4571  0.5507  0.6756  0.4227  0.000040
epoch:594 0.6528  0.9400  0.6751  0.4424  0.4823  0.6556  0.6235  0.6884  0.6884  0.4750  0.5503  0.6748  0.4083  0.000040
epoch:595 0.6477  0.9405  0.6721  0.4219  0.4737  0.6529  0.6220  0.6854  0.6854  0.4619  0.5523  0.6719  0.4338  0.000040
epoch:596 0.6560  0.9413  0.6821  0.4426  0.4757  0.6566  0.6296  0.6936  0.6936  0.4702  0.5507  0.6782  0.4111  0.000040
epoch:597 0.6585  0.9394  0.6782  0.4426  0.4803  0.6613  0.6312  0.6958  0.6958  0.4702  0.5527  0.6816  0.4204  0.000040
epoch:598 0.6617  0.9400  0.6751  0.4321  0.4799  0.6636  0.6322  0.6971  0.6971  0.4619  0.5546  0.6818  0.4128  0.000040
epoch:599 0.6585  0.9399  0.6749  0.4173  0.4804  0.6609  0.6305  0.6948  0.6948  0.4583  0.5511  0.6802  0.4176  0.000040
epoch:600 0.6475  0.9406  0.6812  0.4192  0.4748  0.6526  0.6219  0.6856  0.6856  0.4619  0.5483  0.6719  0.4093  0.000040
epoch:601 0.6506  0.9397  0.6725  0.4276  0.4943  0.6438  0.6216  0.6856  0.6856  0.4619  0.5531  0.6608  0.4121  0.000040
epoch:602 0.6655  0.9406  0.6843  0.4330  0.4848  0.6614  0.6349  0.7007  0.7007  0.4667  0.5610  0.6770  0.4120  0.000040
epoch:603 0.6484  0.9414  0.6765  0.4276  0.4768  0.6519  0.6208  0.6848  0.6848  0.4619  0.5483  0.6711  0.4218  0.000040
epoch:604 0.6520  0.9405  0.6857  0.4278  0.4791  0.6570  0.6231  0.6886  0.6886  0.4667  0.5507  0.6758  0.4205  0.000040
epoch:605 0.6523  0.9405  0.6848  0.4274  0.4803  0.6573  0.6239  0.6879  0.6879  0.4619  0.5483  0.6761  0.4076  0.000040
epoch:606 0.6512  0.9403  0.6763  0.4261  0.4824  0.6557  0.6235  0.6878  0.6878  0.4583  0.5507  0.6756  0.4058  0.000040
epoch:607 0.6469  0.9406  0.6791  0.4177  0.4742  0.6530  0.6183  0.6830  0.6830  0.4488  0.5400  0.6719  0.4166  0.000040
epoch:608 0.6565  0.9406  0.6855  0.4278  0.4793  0.6604  0.6280  0.6923  0.6923  0.4667  0.5507  0.6784  0.4305  0.000040
epoch:609 0.6514  0.9406  0.6886  0.4309  0.4826  0.6558  0.6236  0.6879  0.6879  0.4667  0.5507  0.6745  0.4141  0.000040
epoch:610 0.6451  0.9404  0.6718  0.4276  0.4730  0.6491  0.6191  0.6837  0.6837  0.4714  0.5419  0.6698  0.4151  0.000040
epoch:611 0.6500  0.9403  0.6797  0.4295  0.4876  0.6495  0.6214  0.6857  0.6857  0.4714  0.5527  0.6692  0.4145  0.000040
epoch:612 0.6504  0.9412  0.6804  0.4334  0.4881  0.6465  0.6216  0.6858  0.6858  0.4667  0.5527  0.6655  0.4128  0.000040
epoch:613 0.6514  0.9400  0.6780  0.4368  0.4810  0.6507  0.6236  0.6879  0.6879  0.4714  0.5487  0.6700  0.4211  0.000040
epoch:614 0.6324  0.9405  0.6908  0.4322  0.4764  0.6377  0.6042  0.6697  0.6697  0.4631  0.5424  0.6573  0.4138  0.000040
epoch:615 0.6533  0.9411  0.6858  0.4309  0.4797  0.6566  0.6251  0.6897  0.6897  0.4667  0.5511  0.6761  0.4196  0.000040
epoch:616 0.6513  0.9418  0.6769  0.4207  0.4821  0.6571  0.6227  0.6870  0.6870  0.4536  0.5503  0.6764  0.4171  0.000040
epoch:617 0.6501  0.9406  0.6857  0.4267  0.4798  0.6535  0.6215  0.6867  0.6867  0.4619  0.5527  0.6724  0.4255  0.000040
epoch:618 0.6480  0.9407  0.6766  0.4276  0.4746  0.6492  0.6208  0.6847  0.6847  0.4619  0.5483  0.6708  0.4092  0.000040
epoch:619 0.6345  0.9413  0.6885  0.4244  0.4884  0.6387  0.6070  0.6707  0.6707  0.4619  0.5590  0.6595  0.4138  0.000040
epoch:620 0.6501  0.9399  0.6938  0.4321  0.4807  0.6541  0.6232  0.6874  0.6874  0.4619  0.5527  0.6742  0.4242  0.000040
epoch:621 0.6506  0.9405  0.6805  0.4320  0.4796  0.6569  0.6228  0.6880  0.6880  0.4714  0.5483  0.6758  0.4164  0.000040
epoch:622 0.6593  0.9408  0.6789  0.4182  0.4983  0.6572  0.6300  0.6943  0.6943  0.4536  0.5507  0.6733  0.3994  0.000040
epoch:623 0.6437  0.9398  0.6783  0.4289  0.4707  0.6422  0.6199  0.6839  0.6839  0.4619  0.5424  0.6671  0.4222  0.000040
epoch:624 0.6348  0.9402  0.6801  0.4135  0.4841  0.6357  0.6107  0.6741  0.6741  0.4488  0.5527  0.6554  0.4206  0.000040
epoch:625 0.6512  0.9413  0.6850  0.4256  0.4813  0.6554  0.6215  0.6870  0.6870  0.4583  0.5527  0.6743  0.4170  0.000040
epoch:626 0.6261  0.9404  0.6836  0.4166  0.4678  0.6220  0.6010  0.6641  0.6641  0.4536  0.5384  0.6468  0.4162  0.000040
epoch:627 0.6522  0.9406  0.6709  0.4368  0.4792  0.6514  0.6222  0.6878  0.6878  0.4714  0.5507  0.6692  0.4074  0.000040
epoch:628 0.6478  0.9401  0.6779  0.4333  0.4863  0.6465  0.6200  0.6846  0.6846  0.4667  0.5507  0.6690  0.4132  0.000040
epoch:629 0.6570  0.9407  0.6826  0.4246  0.4629  0.6565  0.6271  0.6927  0.6927  0.4536  0.5443  0.6715  0.4182  0.000040
epoch:630 0.6544  0.9406  0.7036  0.4354  0.4873  0.6516  0.6248  0.6907  0.6907  0.4714  0.5634  0.6706  0.4166  0.000040
epoch:631 0.6543  0.9405  0.6842  0.4356  0.4810  0.6569  0.6237  0.6895  0.6895  0.4667  0.5527  0.6756  0.4108  0.000040
epoch:632 0.6569  0.9429  0.6788  0.4297  0.4859  0.6626  0.6267  0.6933  0.6933  0.4619  0.5396  0.6847  0.4105  0.000040
epoch:633 0.6515  0.9399  0.6864  0.4278  0.4741  0.6566  0.6237  0.6879  0.6879  0.4667  0.5424  0.6751  0.4172  0.000040
epoch:634 0.6453  0.9405  0.6801  0.4190  0.4812  0.6499  0.6216  0.6847  0.6847  0.4619  0.5487  0.6703  0.4287  0.000040
epoch:635 0.6487  0.9405  0.6879  0.4300  0.4736  0.6505  0.6221  0.6861  0.6861  0.4667  0.5424  0.6729  0.4318  0.000040
epoch:636 0.6513  0.9413  0.6829  0.4159  0.4823  0.6576  0.6224  0.6867  0.6867  0.4488  0.5503  0.6764  0.4163  0.000040
epoch:637 0.6522  0.9408  0.6924  0.4244  0.4915  0.6483  0.6236  0.6879  0.6879  0.4619  0.5531  0.6650  0.4084  0.000040
epoch:638 0.6513  0.9400  0.6874  0.4288  0.4812  0.6505  0.6232  0.6875  0.6875  0.4571  0.5527  0.6698  0.4082  0.000040
epoch:639 0.6446  0.9403  0.6678  0.4529  0.4727  0.6485  0.6210  0.6844  0.6844  0.4917  0.5487  0.6687  0.4065  0.000040
epoch:640 0.6231  0.9404  0.6804  0.4263  0.4768  0.6270  0.5984  0.6627  0.6627  0.4631  0.5527  0.6476  0.4142  0.000040
epoch:641 0.6492  0.9401  0.6786  0.4271  0.4692  0.6516  0.6207  0.6853  0.6853  0.4583  0.5463  0.6668  0.4080  0.000040
epoch:642 0.6537  0.9408  0.6812  0.4411  0.4801  0.6661  0.6254  0.6916  0.6916  0.4714  0.5550  0.6817  0.4062  0.000040
epoch:643 0.6559  0.9411  0.7023  0.4313  0.5057  0.6600  0.6260  0.6918  0.6918  0.4583  0.5610  0.6803  0.4142  0.000040
epoch:644 0.6408  0.9400  0.6664  0.4241  0.4769  0.6501  0.6187  0.6824  0.6824  0.4667  0.5543  0.6679  0.4217  0.000040
epoch:645 0.6525  0.9403  0.6786  0.4218  0.4840  0.6570  0.6236  0.6885  0.6885  0.4536  0.5546  0.6769  0.4127  0.000040
epoch:646 0.6506  0.9407  0.6715  0.4212  0.4977  0.6526  0.6246  0.6883  0.6883  0.4536  0.5590  0.6745  0.4054  0.000040
epoch:647 0.6501  0.9405  0.6732  0.4219  0.4783  0.6548  0.6238  0.6880  0.6880  0.4619  0.5546  0.6735  0.4211  0.000040
epoch:648 0.6468  0.9405  0.6854  0.4247  0.4789  0.6514  0.6189  0.6829  0.6829  0.4536  0.5479  0.6706  0.4188  0.000040
epoch:649 0.6552  0.9406  0.6959  0.4285  0.4810  0.6601  0.6252  0.6902  0.6902  0.4571  0.5527  0.6780  0.4204  0.000040
epoch:650 0.6453  0.9401  0.6752  0.4213  0.4704  0.6515  0.6207  0.6847  0.6847  0.4583  0.5487  0.6708  0.4153  0.000040
epoch:651 0.6509  0.9402  0.6978  0.4153  0.4814  0.6562  0.6276  0.6909  0.6909  0.4524  0.5447  0.6784  0.3997  0.000040
epoch:652 0.6499  0.9406  0.6791  0.4248  0.4590  0.6549  0.6221  0.6870  0.6870  0.4619  0.5400  0.6756  0.4059  0.000040
epoch:653 0.6512  0.9412  0.6816  0.4283  0.4639  0.6590  0.6228  0.6880  0.6880  0.4619  0.5424  0.6772  0.4241  0.000040
epoch:654 0.6311  0.9397  0.6835  0.4289  0.4836  0.6301  0.6058  0.6697  0.6697  0.4619  0.5586  0.6550  0.4086  0.000040
epoch:655 0.6525  0.9412  0.6961  0.4253  0.4785  0.6576  0.6241  0.6884  0.6884  0.4619  0.5507  0.6761  0.4106  0.000040
epoch:656 0.6533  0.9402  0.6969  0.4356  0.4898  0.6567  0.6245  0.6891  0.6891  0.4667  0.5507  0.6761  0.4255  0.000040
epoch:657 0.6528  0.9407  0.7015  0.4275  0.4834  0.6549  0.6240  0.6886  0.6886  0.4667  0.5531  0.6740  0.4093  0.000040
epoch:658 0.6494  0.9399  0.6759  0.4169  0.4813  0.6497  0.6216  0.6856  0.6856  0.4488  0.5507  0.6687  0.4035  0.000040
epoch:659 0.6418  0.9401  0.6715  0.4315  0.4784  0.6483  0.6163  0.6811  0.6811  0.4714  0.5546  0.6690  0.4052  0.000040
epoch:660 0.6588  0.9406  0.6783  0.4368  0.4656  0.6585  0.6306  0.6962  0.6962  0.4714  0.5447  0.6779  0.4240  0.000040
epoch:661 0.6547  0.9400  0.6668  0.4169  0.4831  0.6592  0.6278  0.6921  0.6921  0.4488  0.5546  0.6792  0.4136  0.000040
epoch:662 0.6412  0.9405  0.6762  0.4159  0.4544  0.6504  0.6188  0.6822  0.6822  0.4488  0.5400  0.6703  0.4204  0.000040
epoch:663 0.6463  0.9405  0.6810  0.4215  0.4851  0.6484  0.6215  0.6852  0.6852  0.4583  0.5531  0.6650  0.4196  0.000040
epoch:664 0.6490  0.9399  0.6703  0.4276  0.4650  0.6578  0.6233  0.6873  0.6873  0.4619  0.5400  0.6761  0.4086  0.000040
epoch:665 0.6442  0.9405  0.6637  0.4259  0.4685  0.6472  0.6168  0.6811  0.6811  0.4631  0.5419  0.6669  0.4025  0.000040
epoch:666 0.6530  0.9412  0.6784  0.4334  0.4931  0.6503  0.6219  0.6881  0.6881  0.4667  0.5566  0.6687  0.4100  0.000040
epoch:667 0.6529  0.9407  0.6859  0.4244  0.4858  0.6530  0.6259  0.6911  0.6911  0.4619  0.5503  0.6742  0.4154  0.000040
epoch:668 0.6505  0.9406  0.6912  0.4263  0.4758  0.6509  0.6229  0.6884  0.6884  0.4583  0.5550  0.6706  0.4149  0.000040
epoch:669 0.6545  0.9406  0.6903  0.4265  0.4918  0.6569  0.6289  0.6929  0.6929  0.4619  0.5531  0.6784  0.4157  0.000040
epoch:670 0.6498  0.9405  0.6777  0.4114  0.4873  0.6565  0.6211  0.6861  0.6861  0.4452  0.5507  0.6753  0.4245  0.000040
epoch:671 0.6476  0.9406  0.6704  0.4276  0.4869  0.6568  0.6198  0.6847  0.6847  0.4667  0.5503  0.6743  0.4085  0.000040
epoch:672 0.6483  0.9406  0.6899  0.4355  0.4615  0.6561  0.6204  0.6859  0.6859  0.4667  0.5400  0.6750  0.4278  0.000040
epoch:673 0.6495  0.9413  0.6765  0.4182  0.4893  0.6583  0.6220  0.6866  0.6866  0.4536  0.5479  0.6766  0.4206  0.000040
epoch:674 0.6511  0.9400  0.6695  0.4306  0.4858  0.6510  0.6221  0.6872  0.6872  0.4631  0.5527  0.6687  0.4106  0.000040
epoch:675 0.6528  0.9408  0.6851  0.4299  0.4702  0.6587  0.6253  0.6901  0.6901  0.4667  0.5487  0.6764  0.4028  0.000040
epoch:676 0.6529  0.9400  0.6798  0.4278  0.4833  0.6587  0.6284  0.6933  0.6933  0.4667  0.5610  0.6771  0.4099  0.000040
epoch:677 0.6502  0.9418  0.6665  0.4318  0.4630  0.6590  0.6215  0.6873  0.6873  0.4583  0.5419  0.6769  0.4098  0.000040
epoch:678 0.6513  0.9407  0.6702  0.4296  0.4859  0.6494  0.6225  0.6868  0.6868  0.4619  0.5527  0.6687  0.4156  0.000040
epoch:679 0.6471  0.9404  0.6594  0.4251  0.4788  0.6519  0.6213  0.6855  0.6855  0.4583  0.5586  0.6706  0.4094  0.000040
epoch:680 0.6455  0.9401  0.6654  0.4185  0.4684  0.6389  0.6199  0.6833  0.6833  0.4571  0.5424  0.6560  0.4092  0.000040
epoch:681 0.6494  0.9419  0.6905  0.4209  0.4903  0.6435  0.6210  0.6850  0.6850  0.4488  0.5546  0.6626  0.4057  0.000040
epoch:682 0.6492  0.9404  0.6828  0.4248  0.4882  0.6530  0.6218  0.6857  0.6857  0.4631  0.5483  0.6722  0.4019  0.000040
epoch:683 0.6510  0.9413  0.6894  0.4438  0.4684  0.6567  0.6210  0.6869  0.6869  0.4750  0.5396  0.6748  0.4144  0.000040
epoch:684 0.6464  0.9406  0.6773  0.4205  0.4672  0.6550  0.6198  0.6835  0.6835  0.4536  0.5376  0.6740  0.4224  0.000040
epoch:685 0.6534  0.9414  0.6794  0.4259  0.4742  0.6591  0.6223  0.6872  0.6872  0.4536  0.5439  0.6766  0.4075  0.000040
epoch:686 0.6432  0.9382  0.6709  0.4234  0.4854  0.6420  0.6180  0.6820  0.6820  0.4583  0.5606  0.6656  0.4180  0.000040
epoch:687 0.6658  0.9430  0.6808  0.4304  0.4823  0.6711  0.6356  0.7028  0.7028  0.4583  0.5527  0.6925  0.4177  0.000040
epoch:688 0.6542  0.9412  0.6661  0.4261  0.4798  0.6561  0.6259  0.6901  0.6901  0.4536  0.5503  0.6742  0.4097  0.000040
epoch:689 0.6520  0.9400  0.6974  0.4440  0.4800  0.6504  0.6210  0.6871  0.6871  0.4667  0.5463  0.6692  0.4058  0.000040
epoch:690 0.6480  0.9407  0.6712  0.4233  0.4871  0.6508  0.6205  0.6848  0.6848  0.4536  0.5527  0.6698  0.4026  0.000040
epoch:691 0.6395  0.9405  0.6655  0.4161  0.4792  0.6502  0.6158  0.6792  0.6792  0.4536  0.5483  0.6707  0.3986  0.000040
epoch:692 0.6552  0.9408  0.6738  0.4194  0.4835  0.6634  0.6299  0.6948  0.6948  0.4500  0.5479  0.6860  0.4108  0.000040
epoch:693 0.6533  0.9406  0.6985  0.4351  0.4856  0.6554  0.6265  0.6905  0.6905  0.4702  0.5531  0.6711  0.4060  0.000040
epoch:694 0.6544  0.9407  0.6859  0.4282  0.4712  0.6503  0.6263  0.6909  0.6909  0.4583  0.5527  0.6686  0.4242  0.000040
epoch:695 0.6458  0.9414  0.6681  0.4214  0.4619  0.6476  0.6188  0.6828  0.6828  0.4536  0.5400  0.6626  0.4001  0.000040
epoch:696 0.6569  0.9406  0.6920  0.4428  0.4909  0.6577  0.6264  0.6909  0.6909  0.4714  0.5531  0.6759  0.3982  0.000040
epoch:697 0.6486  0.9414  0.6703  0.4200  0.4705  0.6614  0.6218  0.6855  0.6855  0.4583  0.5404  0.6774  0.4123  0.000040
epoch:698 0.6518  0.9404  0.6861  0.4272  0.4736  0.6579  0.6234  0.6882  0.6882  0.4571  0.5424  0.6766  0.4093  0.000040
epoch:699 0.6499  0.9413  0.6775  0.4216  0.4707  0.6495  0.6231  0.6881  0.6881  0.4583  0.5404  0.6679  0.3945  0.000040
epoch:700 0.6491  0.9412  0.6701  0.4306  0.4641  0.6567  0.6218  0.6876  0.6876  0.4631  0.5424  0.6719  0.4095  0.000040
epoch:701 0.6472  0.9408  0.6672  0.4142  0.4697  0.6545  0.6226  0.6863  0.6863  0.4583  0.5380  0.6716  0.3980  0.000040
epoch:702 0.6499  0.9405  0.6710  0.4220  0.4608  0.6598  0.6234  0.6886  0.6886  0.4583  0.5364  0.6774  0.4154  0.000040
epoch:703 0.6464  0.9407  0.6670  0.4144  0.4720  0.6542  0.6204  0.6857  0.6857  0.4536  0.5463  0.6735  0.4096  0.000040
epoch:704 0.6480  0.9407  0.6668  0.4202  0.4708  0.6535  0.6221  0.6863  0.6863  0.4583  0.5443  0.6695  0.4090  0.000040
epoch:705 0.6583  0.9408  0.6782  0.4145  0.4917  0.6601  0.6280  0.6933  0.6933  0.4488  0.5527  0.6774  0.4171  0.000040
epoch:706 0.6315  0.9406  0.6744  0.4278  0.4812  0.6260  0.6051  0.6697  0.6697  0.4667  0.5586  0.6504  0.4093  0.000040
epoch:707 0.6629  0.9413  0.6768  0.4420  0.4702  0.6628  0.6328  0.6980  0.6980  0.4667  0.5487  0.6805  0.4034  0.000040
epoch:708 0.6457  0.9404  0.6702  0.4241  0.4709  0.6507  0.6202  0.6839  0.6839  0.4667  0.5400  0.6706  0.4284  0.000040
epoch:709 0.6521  0.9411  0.6766  0.4267  0.4810  0.6564  0.6225  0.6879  0.6879  0.4583  0.5527  0.6758  0.4138  0.000040
epoch:710 0.6480  0.9405  0.6809  0.4241  0.4732  0.6520  0.6222  0.6862  0.6862  0.4667  0.5443  0.6719  0.4093  0.000040
epoch:711 0.6489  0.9407  0.6714  0.4182  0.4841  0.6576  0.6226  0.6878  0.6878  0.4536  0.5507  0.6761  0.3873  0.000040
epoch:712 0.6501  0.9407  0.6636  0.4235  0.4699  0.6583  0.6221  0.6864  0.6864  0.4631  0.5400  0.6753  0.4141  0.000040
epoch:713 0.6567  0.9412  0.6803  0.4222  0.4692  0.6656  0.6293  0.6939  0.6939  0.4536  0.5419  0.6831  0.4067  0.000040
epoch:714 0.6524  0.9414  0.6784  0.4296  0.4880  0.6507  0.6219  0.6872  0.6872  0.4619  0.5507  0.6692  0.4117  0.000040
epoch:715 0.6461  0.9408  0.6597  0.4148  0.4686  0.6535  0.6214  0.6857  0.6857  0.4500  0.5507  0.6687  0.4137  0.000040
epoch:716 0.6451  0.9398  0.6603  0.4244  0.4777  0.6512  0.6183  0.6825  0.6825  0.4631  0.5479  0.6687  0.4156  0.000040
epoch:717 0.6478  0.9413  0.6684  0.4274  0.4643  0.6567  0.6212  0.6862  0.6862  0.4619  0.5396  0.6753  0.4176  0.000040
epoch:718 0.6543  0.9406  0.6957  0.4514  0.5045  0.6512  0.6229  0.6881  0.6881  0.4798  0.5550  0.6708  0.4222  0.000040
epoch:719 0.6525  0.9407  0.6668  0.4173  0.4873  0.6607  0.6249  0.6891  0.6891  0.4500  0.5527  0.6785  0.4149  0.000040
epoch:720 0.6516  0.9435  0.6803  0.4263  0.4635  0.6605  0.6242  0.6918  0.6918  0.4583  0.5419  0.6834  0.4159  0.000040
epoch:721 0.6512  0.9419  0.6823  0.4226  0.4635  0.6562  0.6257  0.6900  0.6900  0.4488  0.5419  0.6760  0.4116  0.000040
epoch:722 0.6486  0.9406  0.6702  0.4263  0.4670  0.6553  0.6209  0.6865  0.6865  0.4548  0.5424  0.6761  0.4213  0.000040
epoch:723 0.6484  0.9399  0.6777  0.4202  0.4602  0.6599  0.6269  0.6912  0.6912  0.4583  0.5364  0.6808  0.4013  0.000040
epoch:724 0.6543  0.9419  0.6615  0.4339  0.4867  0.6583  0.6251  0.6900  0.6900  0.4619  0.5459  0.6787  0.3860  0.000040
epoch:725 0.6519  0.9412  0.6804  0.4334  0.4713  0.6591  0.6253  0.6912  0.6912  0.4667  0.5419  0.6800  0.4216  0.000040
epoch:726 0.6491  0.9401  0.6838  0.4215  0.4892  0.6540  0.6222  0.6865  0.6865  0.4583  0.5527  0.6724  0.4082  0.000040
epoch:727 0.6502  0.9407  0.6550  0.4306  0.4833  0.6478  0.6221  0.6864  0.6864  0.4631  0.5547  0.6629  0.3976  0.000040
epoch:728 0.6569  0.9412  0.6875  0.4231  0.4786  0.6638  0.6289  0.6941  0.6941  0.4571  0.5503  0.6834  0.4108  0.000040
epoch:729 0.6530  0.9398  0.6897  0.4351  0.4792  0.6483  0.6227  0.6888  0.6888  0.4667  0.5463  0.6716  0.4099  0.000040
epoch:730 0.6420  0.9404  0.6709  0.4226  0.4610  0.6454  0.6185  0.6822  0.6822  0.4536  0.5424  0.6682  0.4189  0.000040
epoch:731 0.6483  0.9408  0.6687  0.4278  0.4762  0.6572  0.6219  0.6872  0.6872  0.4667  0.5400  0.6761  0.4180  0.000040
epoch:732 0.6553  0.9408  0.6934  0.4308  0.4844  0.6602  0.6287  0.6927  0.6927  0.4571  0.5503  0.6813  0.4101  0.000040
epoch:733 0.6432  0.9400  0.6538  0.4115  0.4703  0.6505  0.6192  0.6823  0.6823  0.4488  0.5464  0.6692  0.4166  0.000040
epoch:734 0.6517  0.9428  0.6819  0.4259  0.4751  0.6478  0.6241  0.6916  0.6916  0.4571  0.5443  0.6723  0.4071  0.000040
epoch:735 0.6470  0.9407  0.6703  0.4388  0.4691  0.6499  0.6183  0.6845  0.6845  0.4714  0.5396  0.6684  0.4053  0.000040
epoch:736 0.6503  0.9407  0.6803  0.4144  0.4757  0.6583  0.6241  0.6897  0.6897  0.4536  0.5447  0.6782  0.3946  0.000040
epoch:737 0.6536  0.9406  0.6799  0.4192  0.4776  0.6599  0.6275  0.6920  0.6920  0.4536  0.5467  0.6805  0.3855  0.000040
epoch:738 0.6452  0.9406  0.6747  0.4278  0.4618  0.6560  0.6221  0.6873  0.6873  0.4667  0.5424  0.6753  0.4111  0.000040
epoch:739 0.6525  0.9414  0.6672  0.4272  0.4716  0.6592  0.6219  0.6865  0.6865  0.4583  0.5376  0.6769  0.4145  0.000040
epoch:740 0.6474  0.9403  0.6689  0.4197  0.4613  0.6518  0.6232  0.6885  0.6885  0.4536  0.5400  0.6734  0.4100  0.000040
epoch:741 0.6525  0.9406  0.6729  0.4278  0.4859  0.6509  0.6244  0.6881  0.6881  0.4667  0.5487  0.6695  0.4022  0.000040
epoch:742 0.6518  0.9413  0.6895  0.4171  0.4806  0.6566  0.6244  0.6887  0.6887  0.4536  0.5376  0.6763  0.4194  0.000040
epoch:743 0.6493  0.9408  0.6668  0.4128  0.4668  0.6597  0.6246  0.6883  0.6883  0.4452  0.5424  0.6785  0.4091  0.000040
epoch:744 0.6503  0.9407  0.6768  0.4266  0.4839  0.6529  0.6229  0.6878  0.6878  0.4583  0.5527  0.6711  0.3998  0.000040
epoch:745 0.6463  0.9407  0.6601  0.4214  0.4562  0.6525  0.6200  0.6853  0.6853  0.4536  0.5400  0.6711  0.4132  0.000040
epoch:746 0.6299  0.9407  0.6583  0.4083  0.4834  0.6388  0.6055  0.6692  0.6692  0.4452  0.5507  0.6576  0.4060  0.000040
epoch:747 0.6475  0.9406  0.6790  0.4269  0.4670  0.6441  0.6217  0.6860  0.6860  0.4583  0.5467  0.6647  0.4008  0.000040
epoch:748 0.6311  0.9424  0.6650  0.4138  0.4566  0.6399  0.6062  0.6699  0.6699  0.4405  0.5400  0.6607  0.4065  0.000040
epoch:749 0.6505  0.9402  0.6777  0.4227  0.4878  0.6505  0.6229  0.6878  0.6878  0.4536  0.5570  0.6655  0.4041  0.000040
epoch:750 0.6534  0.9402  0.6825  0.4272  0.4818  0.6591  0.6225  0.6883  0.6883  0.4583  0.5522  0.6769  0.4063  0.000040
epoch:751 0.6495  0.9400  0.6675  0.4191  0.4662  0.6591  0.6209  0.6868  0.6868  0.4536  0.5376  0.6779  0.4098  0.000040
epoch:752 0.6483  0.9408  0.6796  0.4189  0.4747  0.6550  0.6223  0.6863  0.6863  0.4536  0.5467  0.6735  0.4119  0.000040
epoch:753 0.6531  0.9408  0.6726  0.4285  0.4734  0.6540  0.6237  0.6895  0.6895  0.4619  0.5487  0.6719  0.4125  0.000040
epoch:754 0.6575  0.9407  0.6711  0.4233  0.4665  0.6676  0.6305  0.6958  0.6958  0.4536  0.5424  0.6855  0.4175  0.000040
epoch:755 0.6512  0.9408  0.6780  0.4202  0.4693  0.6574  0.6278  0.6924  0.6924  0.4583  0.5550  0.6774  0.4272  0.000040
epoch:756 0.6296  0.9413  0.6676  0.4283  0.4668  0.6328  0.6030  0.6676  0.6676  0.4631  0.5459  0.6512  0.4027  0.000040
epoch:757 0.6455  0.9406  0.6584  0.4202  0.4720  0.6470  0.6186  0.6841  0.6841  0.4583  0.5443  0.6666  0.3947  0.000040
epoch:758 0.6518  0.9403  0.6828  0.4249  0.4790  0.6568  0.6272  0.6912  0.6912  0.4583  0.5424  0.6747  0.4036  0.000040
epoch:759 0.6425  0.9401  0.6656  0.4248  0.4623  0.6480  0.6191  0.6827  0.6827  0.4583  0.5376  0.6714  0.4083  0.000040
epoch:760 0.6485  0.9406  0.6695  0.4272  0.4658  0.6532  0.6213  0.6865  0.6865  0.4583  0.5404  0.6716  0.4106  0.000040
epoch:761 0.6469  0.9407  0.6557  0.4202  0.4781  0.6505  0.6203  0.6855  0.6855  0.4583  0.5424  0.6692  0.4106  0.000040
epoch:762 0.6466  0.9413  0.6689  0.4216  0.4835  0.6466  0.6189  0.6845  0.6845  0.4583  0.5507  0.6624  0.4213  0.000040
epoch:763 0.6271  0.9399  0.6784  0.3748  0.4597  0.6379  0.6025  0.6670  0.6670  0.4583  0.5360  0.6550  0.3949  0.000040
epoch:764 0.6461  0.9407  0.6770  0.4189  0.4626  0.6551  0.6220  0.6854  0.6854  0.4536  0.5404  0.6732  0.3993  0.000040
epoch:765 0.6516  0.9405  0.6701  0.4261  0.4890  0.6574  0.6223  0.6877  0.6877  0.4583  0.5507  0.6766  0.3960  0.000040
epoch:766 0.6485  0.9407  0.6677  0.4171  0.4697  0.6566  0.6186  0.6841  0.6841  0.4452  0.5376  0.6756  0.4094  0.000040
epoch:767 0.6503  0.9407  0.6638  0.4167  0.4843  0.6506  0.6224  0.6876  0.6876  0.4583  0.5531  0.6690  0.4019  0.000040
epoch:768 0.6494  0.9419  0.6684  0.4193  0.4805  0.6501  0.6200  0.6861  0.6861  0.4452  0.5527  0.6703  0.4112  0.000040
epoch:769 0.6411  0.9406  0.6769  0.4249  0.4662  0.6493  0.6176  0.6822  0.6822  0.4583  0.5439  0.6695  0.4092  0.000040
epoch:770 0.6487  0.9408  0.6572  0.4235  0.4690  0.6521  0.6225  0.6876  0.6876  0.4631  0.5463  0.6700  0.4111  0.000040
epoch:771 0.6272  0.9401  0.6682  0.4269  0.4659  0.6321  0.6036  0.6675  0.6675  0.4583  0.5424  0.6539  0.3919  0.000040
epoch:772 0.6338  0.9413  0.6826  0.4581  0.4738  0.6432  0.6086  0.6726  0.6726  0.4917  0.5428  0.6589  0.3918  0.000040
epoch:773 0.6498  0.9413  0.6769  0.4264  0.4788  0.6518  0.6234  0.6874  0.6874  0.4619  0.5503  0.6700  0.4110  0.000040
epoch:774 0.6476  0.9406  0.6769  0.4253  0.4649  0.6509  0.6208  0.6854  0.6854  0.4488  0.5424  0.6692  0.3943  0.000040
epoch:775 0.6492  0.9413  0.6700  0.4216  0.4656  0.6535  0.6249  0.6895  0.6895  0.4583  0.5400  0.6747  0.4079  0.000040
epoch:776 0.6502  0.9419  0.6849  0.4336  0.4709  0.6540  0.6251  0.6891  0.6891  0.4619  0.5503  0.6764  0.4162  0.000040
epoch:777 0.6623  0.9407  0.6716  0.4373  0.4593  0.6667  0.6355  0.7016  0.7016  0.4667  0.5364  0.6859  0.4055  0.000040
epoch:778 0.6461  0.9406  0.6660  0.4248  0.4645  0.6529  0.6211  0.6848  0.6848  0.4583  0.5404  0.6716  0.4065  0.000040
epoch:779 0.6561  0.9436  0.6810  0.4343  0.4846  0.6594  0.6249  0.6916  0.6916  0.4619  0.5400  0.6815  0.4110  0.000040
epoch:780 0.6506  0.9408  0.6726  0.4244  0.4881  0.6556  0.6247  0.6890  0.6890  0.4619  0.5479  0.6763  0.4143  0.000040
epoch:781 0.6506  0.9408  0.6635  0.4169  0.4877  0.6582  0.6232  0.6881  0.6881  0.4488  0.5507  0.6772  0.3939  0.000040
epoch:782 0.6434  0.9405  0.6554  0.4546  0.4819  0.6462  0.6190  0.6830  0.6830  0.4917  0.5567  0.6661  0.3998  0.000040
epoch:783 0.6564  0.9406  0.6981  0.4330  0.4668  0.6577  0.6287  0.6942  0.6942  0.4619  0.5424  0.6789  0.4022  0.000040
epoch:784 0.6496  0.9406  0.6759  0.4334  0.4734  0.6471  0.6225  0.6884  0.6884  0.4667  0.5527  0.6703  0.4077  0.000040
epoch:785 0.6583  0.9412  0.6765  0.4394  0.4712  0.6550  0.6300  0.6946  0.6946  0.4667  0.5467  0.6710  0.3974  0.000040
epoch:786 0.6479  0.9405  0.6664  0.4098  0.4725  0.6523  0.6234  0.6881  0.6881  0.4488  0.5491  0.6711  0.4036  0.000040
epoch:787 0.6544  0.9395  0.6886  0.4300  0.4771  0.6503  0.6268  0.6923  0.6923  0.4583  0.5447  0.6758  0.4026  0.000040
epoch:788 0.6557  0.9405  0.6832  0.4337  0.4883  0.6601  0.6274  0.6916  0.6916  0.4667  0.5531  0.6782  0.4012  0.000040
epoch:789 0.6288  0.9401  0.6763  0.4193  0.4831  0.6324  0.6045  0.6688  0.6688  0.4583  0.5527  0.6507  0.3947  0.000040
epoch:790 0.6576  0.9415  0.6647  0.4166  0.4869  0.6612  0.6253  0.6905  0.6905  0.4536  0.5459  0.6763  0.4096  0.000040
epoch:791 0.6302  0.9405  0.6686  0.4221  0.4663  0.6381  0.6052  0.6692  0.6692  0.4667  0.5400  0.6568  0.3948  0.000040
epoch:792 0.6537  0.9401  0.6625  0.4171  0.4701  0.6576  0.6246  0.6895  0.6895  0.4452  0.5439  0.6752  0.4025  0.000040
epoch:793 0.6525  0.9417  0.6715  0.4263  0.4869  0.6513  0.6255  0.6895  0.6895  0.4571  0.5483  0.6721  0.4047  0.000040
epoch:794 0.6469  0.9408  0.6681  0.4147  0.4687  0.6472  0.6198  0.6841  0.6841  0.4536  0.5443  0.6621  0.4128  0.000040
epoch:795 0.6534  0.9419  0.6706  0.4216  0.4860  0.6579  0.6233  0.6879  0.6879  0.4452  0.5527  0.6766  0.4091  0.000040
epoch:796 0.6585  0.9407  0.6730  0.4214  0.4688  0.6614  0.6313  0.6956  0.6956  0.4536  0.5424  0.6767  0.4008  0.000040
epoch:797 0.6462  0.9406  0.6747  0.4117  0.4586  0.6607  0.6263  0.6900  0.6900  0.4488  0.5424  0.6827  0.3914  0.000040
epoch:798 0.6474  0.9406  0.6781  0.4330  0.4571  0.6520  0.6205  0.6861  0.6861  0.4667  0.5400  0.6695  0.4057  0.000040
epoch:799 0.6502  0.9412  0.6695  0.4271  0.4674  0.6534  0.6221  0.6861  0.6861  0.4571  0.5400  0.6705  0.4039  0.000040
epoch:800 0.6612  0.9431  0.6720  0.4280  0.4705  0.6676  0.6341  0.7016  0.7016  0.4583  0.5479  0.6885  0.3991  0.000040
