epoch:501 0.7140  0.9331  0.7753  0.5513  0.5833  0.7375  0.6936  0.7623  0.7623  0.5667  0.6202  0.8063  0.5958  0.000040
epoch:502 0.7368  0.9369  0.7731  0.5510  0.5822  0.7686  0.7081  0.7799  0.7799  0.5667  0.6158  0.8291  0.6153  0.000040
epoch:503 0.7384  0.9506  0.7839  0.5685  0.5737  0.7776  0.7109  0.7820  0.7820  0.5750  0.6071  0.8369  0.5917  0.000040
epoch:504 0.7290  0.9505  0.7682  0.5847  0.5540  0.7655  0.7085  0.7782  0.7782  0.5905  0.5988  0.8216  0.5852  0.000040
epoch:505 0.7025  0.9422  0.7515  0.5464  0.5649  0.7282  0.6783  0.7508  0.7508  0.5619  0.5992  0.7871  0.6110  0.000040
epoch:506 0.7245  0.9478  0.7589  0.5477  0.5609  0.7636  0.7072  0.7762  0.7762  0.5583  0.6134  0.8293  0.6122  0.000040
epoch:507 0.7388  0.9470  0.7808  0.5500  0.5825  0.7735  0.7118  0.7830  0.7830  0.5619  0.6178  0.8357  0.6114  0.000040
epoch:508 0.7389  0.9471  0.7634  0.5682  0.5907  0.7736  0.7109  0.7827  0.7827  0.5750  0.6245  0.8293  0.5934  0.000040
epoch:509 0.7355  0.9471  0.7760  0.5464  0.5793  0.7696  0.7093  0.7790  0.7790  0.5583  0.6158  0.8285  0.5916  0.000040
epoch:510 0.7300  0.9474  0.7618  0.5417  0.5913  0.7485  0.7064  0.7757  0.7757  0.5536  0.6257  0.8119  0.5982  0.000040
epoch:511 0.7456  0.9471  0.7836  0.5596  0.5999  0.7782  0.7150  0.7870  0.7870  0.5714  0.6328  0.8349  0.5697  0.000040
epoch:512 0.7352  0.9456  0.7617  0.5559  0.5812  0.7720  0.7065  0.7819  0.7819  0.5714  0.6178  0.8333  0.6061  0.000040
epoch:513 0.7391  0.9468  0.7885  0.5427  0.5908  0.7757  0.7122  0.7816  0.7816  0.5583  0.6300  0.8323  0.5995  0.000040
epoch:514 0.7264  0.9505  0.7598  0.5606  0.5678  0.7581  0.7022  0.7754  0.7754  0.5714  0.6115  0.8190  0.6119  0.000040
epoch:515 0.7381  0.9470  0.7620  0.5685  0.5861  0.7745  0.7132  0.7828  0.7828  0.5750  0.6221  0.8306  0.6000  0.000040
epoch:516 0.7369  0.9468  0.7723  0.5550  0.5847  0.7654  0.7070  0.7787  0.7787  0.5619  0.6221  0.8217  0.6237  0.000040
epoch:517 0.7372  0.9468  0.7741  0.5559  0.5855  0.7671  0.7101  0.7798  0.7798  0.5714  0.6197  0.8243  0.5825  0.000040
epoch:518 0.7377  0.9463  0.7704  0.5550  0.5982  0.7712  0.7162  0.7856  0.7856  0.5667  0.6372  0.8312  0.5880  0.000040
epoch:519 0.7320  0.9496  0.7697  0.5427  0.5824  0.7634  0.7073  0.7781  0.7781  0.5536  0.6202  0.8208  0.5888  0.000040
epoch:520 0.7194  0.9357  0.7697  0.5513  0.5937  0.7428  0.6907  0.7625  0.7625  0.5667  0.6324  0.7965  0.6090  0.000040
epoch:521 0.7338  0.9366  0.7470  0.5514  0.6001  0.7647  0.7074  0.7788  0.7788  0.5667  0.6328  0.8222  0.5777  0.000040
epoch:522 0.7358  0.9369  0.7809  0.5510  0.5918  0.7662  0.7113  0.7803  0.7803  0.5667  0.6305  0.8275  0.6048  0.000040
epoch:523 0.7095  0.9453  0.7600  0.5464  0.5675  0.7500  0.6877  0.7622  0.7622  0.5619  0.6051  0.8177  0.6080  0.000040
epoch:524 0.7321  0.9470  0.7779  0.5560  0.5714  0.7663  0.7091  0.7781  0.7781  0.5667  0.6118  0.8251  0.6134  0.000040
epoch:525 0.7386  0.9459  0.7623  0.5599  0.5917  0.7726  0.7104  0.7863  0.7863  0.5714  0.6269  0.8365  0.6241  0.000040
epoch:526 0.7379  0.9451  0.7683  0.5513  0.5740  0.7755  0.7079  0.7836  0.7836  0.5667  0.6138  0.8360  0.6130  0.000040
epoch:527 0.7084  0.9454  0.7553  0.5381  0.5815  0.7384  0.6798  0.7552  0.7552  0.5536  0.6197  0.7969  0.6041  0.000040
epoch:528 0.7321  0.9493  0.7767  0.5646  0.5679  0.7702  0.7059  0.7767  0.7767  0.5667  0.6095  0.8306  0.6071  0.000040
epoch:529 0.7262  0.9328  0.7634  0.5559  0.5881  0.7460  0.7060  0.7756  0.7756  0.5714  0.6257  0.8177  0.5887  0.000040
epoch:530 0.7336  0.9470  0.7666  0.5467  0.5884  0.7656  0.7107  0.7798  0.7798  0.5583  0.6261  0.8254  0.6171  0.000040
epoch:531 0.7427  0.9456  0.7761  0.5513  0.6001  0.7717  0.7110  0.7830  0.7830  0.5667  0.6348  0.8256  0.6079  0.000040
epoch:532 0.7103  0.9448  0.7563  0.5600  0.5745  0.7249  0.6821  0.7554  0.7554  0.5667  0.6134  0.7749  0.5876  0.000040
epoch:533 0.7384  0.9470  0.7793  0.5599  0.5897  0.7754  0.7125  0.7816  0.7816  0.5667  0.6265  0.8317  0.6173  0.000040
epoch:534 0.7348  0.9468  0.7801  0.5510  0.5855  0.7522  0.7090  0.7810  0.7810  0.5667  0.6181  0.8211  0.5982  0.000040
epoch:535 0.7342  0.9458  0.7766  0.5550  0.5795  0.7678  0.7137  0.7821  0.7821  0.5667  0.6202  0.8325  0.6095  0.000040
epoch:536 0.7405  0.9497  0.7849  0.5606  0.5911  0.7803  0.7094  0.7838  0.7838  0.5714  0.6300  0.8335  0.6077  0.000040
epoch:537 0.7254  0.9507  0.7574  0.5477  0.5591  0.7601  0.7053  0.7767  0.7767  0.5583  0.6071  0.8274  0.6102  0.000040
epoch:538 0.7341  0.9367  0.7595  0.5685  0.5882  0.7614  0.7098  0.7791  0.7791  0.5714  0.6245  0.8240  0.6014  0.000040
epoch:539 0.7349  0.9468  0.7747  0.5510  0.5723  0.7638  0.7066  0.7780  0.7780  0.5667  0.6114  0.8240  0.6020  0.000040
epoch:540 0.7421  0.9467  0.7853  0.5510  0.5867  0.7783  0.7165  0.7852  0.7852  0.5619  0.6245  0.8351  0.5989  0.000040
epoch:541 0.7284  0.9502  0.7704  0.5609  0.5669  0.7657  0.7060  0.7801  0.7801  0.5631  0.6154  0.8362  0.6021  0.000040
epoch:542 0.7334  0.9471  0.7743  0.5556  0.5830  0.7653  0.7132  0.7819  0.7819  0.5667  0.6178  0.8370  0.5863  0.000040
epoch:543 0.7398  0.9471  0.7822  0.5513  0.5898  0.7707  0.7134  0.7855  0.7855  0.5631  0.6305  0.8357  0.5828  0.000040
epoch:544 0.7396  0.9450  0.7630  0.5513  0.5899  0.7739  0.7073  0.7824  0.7824  0.5667  0.6281  0.8370  0.5842  0.000040
epoch:545 0.7381  0.9463  0.7805  0.5513  0.5839  0.7688  0.7134  0.7821  0.7821  0.5667  0.6221  0.8307  0.5832  0.000040
epoch:546 0.7302  0.9463  0.7749  0.5559  0.5774  0.7554  0.7070  0.7766  0.7766  0.5714  0.6154  0.8182  0.6121  0.000040
epoch:547 0.7392  0.9471  0.7653  0.5599  0.5902  0.7737  0.7157  0.7851  0.7851  0.5667  0.6269  0.8333  0.5990  0.000040
epoch:548 0.7146  0.9464  0.7586  0.5559  0.5903  0.7357  0.6917  0.7613  0.7613  0.5714  0.6265  0.7934  0.5981  0.000040
epoch:549 0.7416  0.9472  0.7770  0.5553  0.5869  0.7759  0.7155  0.7848  0.7848  0.5583  0.6245  0.8356  0.6103  0.000040
epoch:550 0.7368  0.9464  0.7758  0.5546  0.5744  0.7707  0.7096  0.7804  0.7804  0.5667  0.6138  0.8306  0.5755  0.000040
epoch:551 0.7375  0.9495  0.7692  0.5524  0.5834  0.7815  0.7125  0.7866  0.7866  0.5631  0.6202  0.8456  0.5961  0.000040
epoch:552 0.7162  0.9451  0.7519  0.5564  0.5941  0.7455  0.6889  0.7636  0.7636  0.5714  0.6245  0.8103  0.6040  0.000040
epoch:553 0.7180  0.9429  0.7693  0.5308  0.5840  0.7545  0.6919  0.7672  0.7672  0.5667  0.6221  0.8193  0.5881  0.000040
epoch:554 0.7210  0.9441  0.7537  0.5464  0.5927  0.7519  0.6902  0.7658  0.7658  0.5619  0.6265  0.8106  0.5778  0.000040
epoch:555 0.7356  0.9461  0.7707  0.5464  0.5899  0.7644  0.7093  0.7811  0.7811  0.5619  0.6300  0.8254  0.5894  0.000040
epoch:556 0.7358  0.9470  0.7807  0.5550  0.5796  0.7617  0.7090  0.7801  0.7801  0.5667  0.6178  0.8222  0.6037  0.000040
epoch:557 0.7323  0.9470  0.7862  0.5427  0.5674  0.7627  0.7063  0.7754  0.7754  0.5536  0.6067  0.8256  0.5941  0.000040
epoch:558 0.7149  0.9447  0.7579  0.5564  0.5736  0.7418  0.6877  0.7607  0.7607  0.5714  0.6118  0.8058  0.5883  0.000040
epoch:559 0.7396  0.9455  0.7675  0.5559  0.5823  0.7745  0.7081  0.7838  0.7838  0.5714  0.6142  0.8315  0.6061  0.000040
epoch:560 0.7359  0.9470  0.7628  0.5513  0.5857  0.7698  0.7079  0.7805  0.7805  0.5631  0.6221  0.8309  0.5957  0.000040
epoch:561 0.7373  0.9470  0.7627  0.5477  0.5925  0.7737  0.7140  0.7830  0.7830  0.5583  0.6309  0.8325  0.6016  0.000040
epoch:562 0.7351  0.9458  0.7600  0.5513  0.5855  0.7726  0.7100  0.7838  0.7838  0.5667  0.6265  0.8383  0.6142  0.000040
epoch:563 0.7441  0.9470  0.7844  0.5635  0.5890  0.7796  0.7165  0.7879  0.7879  0.5702  0.6245  0.8415  0.6010  0.000040
epoch:564 0.7300  0.9470  0.7792  0.5427  0.5738  0.7643  0.7055  0.7767  0.7767  0.5536  0.6095  0.8296  0.5990  0.000040
epoch:565 0.7334  0.9507  0.7727  0.5477  0.5603  0.7743  0.7094  0.7805  0.7805  0.5583  0.6118  0.8298  0.5792  0.000040
epoch:566 0.7379  0.9465  0.7525  0.5721  0.5909  0.7674  0.7088  0.7844  0.7844  0.5798  0.6245  0.8314  0.6076  0.000040
epoch:567 0.7180  0.9458  0.7563  0.5559  0.5896  0.7407  0.6869  0.7625  0.7625  0.5714  0.6305  0.8005  0.5931  0.000040
epoch:568 0.7281  0.9508  0.7636  0.5434  0.5702  0.7676  0.7073  0.7775  0.7775  0.5536  0.6158  0.8311  0.6047  0.000040
epoch:569 0.7344  0.9471  0.7601  0.5560  0.5874  0.7666  0.7100  0.7790  0.7790  0.5667  0.6225  0.8241  0.5996  0.000040
epoch:570 0.7337  0.9495  0.7549  0.5731  0.5783  0.7626  0.7089  0.7827  0.7827  0.5798  0.6114  0.8345  0.6051  0.000040
epoch:571 0.7415  0.9470  0.7829  0.5524  0.5908  0.7764  0.7147  0.7843  0.7843  0.5631  0.6265  0.8343  0.5905  0.000040
epoch:572 0.7421  0.9469  0.7797  0.5596  0.6040  0.7730  0.7184  0.7881  0.7881  0.5714  0.6372  0.8391  0.6071  0.000040
epoch:573 0.7106  0.9351  0.7696  0.5400  0.5733  0.7418  0.6901  0.7594  0.7594  0.5762  0.6114  0.8071  0.5898  0.000040
epoch:574 0.7278  0.9452  0.7607  0.5170  0.5733  0.7636  0.7084  0.7769  0.7769  0.5536  0.6158  0.8280  0.5985  0.000040
epoch:575 0.7275  0.9462  0.7683  0.5559  0.5797  0.7461  0.7036  0.7751  0.7751  0.5714  0.6174  0.8148  0.5994  0.000040
epoch:576 0.7315  0.9451  0.7757  0.5297  0.5819  0.7631  0.7097  0.7784  0.7784  0.5667  0.6225  0.8246  0.5894  0.000040
epoch:577 0.7352  0.9472  0.7834  0.5477  0.5825  0.7758  0.7087  0.7780  0.7780  0.5583  0.6197  0.8307  0.6037  0.000040
epoch:578 0.7329  0.9467  0.7733  0.5477  0.5880  0.7537  0.7066  0.7760  0.7760  0.5631  0.6281  0.8148  0.6008  0.000040
epoch:579 0.7195  0.9460  0.7748  0.5561  0.5775  0.7478  0.6882  0.7629  0.7629  0.5714  0.6158  0.8074  0.5908  0.000040
epoch:580 0.7415  0.9463  0.7722  0.5646  0.5889  0.7680  0.7105  0.7865  0.7865  0.5762  0.6245  0.8319  0.5808  0.000040
epoch:581 0.7179  0.9358  0.7784  0.5513  0.5935  0.7435  0.6924  0.7617  0.7617  0.5667  0.6305  0.8002  0.6086  0.000040
epoch:582 0.7377  0.9471  0.7735  0.5510  0.5807  0.7705  0.7135  0.7823  0.7823  0.5619  0.6162  0.8314  0.6114  0.000040
epoch:583 0.7075  0.9443  0.7620  0.5353  0.5771  0.7394  0.6897  0.7591  0.7591  0.5714  0.6197  0.8074  0.6081  0.000040
epoch:584 0.7384  0.9446  0.7724  0.5270  0.5854  0.7713  0.7130  0.7850  0.7850  0.5631  0.6245  0.8362  0.5965  0.000040
epoch:585 0.7342  0.9468  0.7705  0.5431  0.5864  0.7594  0.7089  0.7776  0.7776  0.5583  0.6281  0.8209  0.5862  0.000040
epoch:586 0.7315  0.9451  0.7746  0.5510  0.5831  0.7574  0.7061  0.7788  0.7788  0.5619  0.6221  0.8254  0.5986  0.000040
epoch:587 0.7331  0.9349  0.7679  0.5345  0.5825  0.7587  0.7099  0.7814  0.7814  0.5714  0.6261  0.8259  0.6007  0.000040
epoch:588 0.7350  0.9472  0.7781  0.5510  0.5747  0.7711  0.7138  0.7826  0.7826  0.5619  0.6114  0.8362  0.6137  0.000040
epoch:589 0.7357  0.9470  0.7656  0.5510  0.5810  0.7587  0.7094  0.7806  0.7806  0.5619  0.6202  0.8211  0.5949  0.000040
epoch:590 0.7413  0.9465  0.7862  0.5513  0.5894  0.7765  0.7119  0.7842  0.7842  0.5631  0.6305  0.8346  0.5913  0.000040
epoch:591 0.7396  0.9473  0.7953  0.5560  0.5791  0.7763  0.7141  0.7835  0.7835  0.5667  0.6186  0.8327  0.6009  0.000040
epoch:592 0.7378  0.9448  0.7845  0.5514  0.5794  0.7716  0.7130  0.7827  0.7827  0.5667  0.6181  0.8325  0.6050  0.000040
epoch:593 0.7369  0.9471  0.7599  0.5596  0.5803  0.7652  0.7097  0.7811  0.7811  0.5714  0.6142  0.8293  0.5983  0.000040
epoch:594 0.7293  0.9498  0.7632  0.5553  0.5805  0.7622  0.7088  0.7799  0.7799  0.5619  0.6178  0.8337  0.5767  0.000040
epoch:595 0.7356  0.9470  0.7734  0.5546  0.5828  0.7609  0.7102  0.7792  0.7792  0.5667  0.6221  0.8227  0.5996  0.000040
epoch:596 0.7368  0.9492  0.7799  0.5559  0.5703  0.7815  0.7127  0.7838  0.7838  0.5619  0.6142  0.8375  0.5771  0.000040
epoch:597 0.7399  0.9470  0.7665  0.5556  0.5887  0.7708  0.7143  0.7836  0.7836  0.5667  0.6221  0.8333  0.6014  0.000040
epoch:598 0.7279  0.9469  0.7655  0.5427  0.5723  0.7581  0.7049  0.7737  0.7737  0.5536  0.6134  0.8169  0.5908  0.000040
epoch:599 0.7390  0.9350  0.7742  0.5297  0.5947  0.7710  0.7111  0.7831  0.7831  0.5667  0.6348  0.8291  0.6023  0.000040
epoch:600 0.7344  0.9476  0.7852  0.5474  0.5827  0.7676  0.7106  0.7803  0.7803  0.5583  0.6178  0.8280  0.5988  0.000040
epoch:601 0.7406  0.9438  0.7689  0.5297  0.5958  0.7744  0.7119  0.7876  0.7876  0.5667  0.6348  0.8367  0.6078  0.000040
epoch:602 0.7357  0.9469  0.7836  0.5390  0.5823  0.7683  0.7081  0.7769  0.7769  0.5536  0.6242  0.8193  0.5923  0.000040
epoch:603 0.7327  0.9470  0.7608  0.5477  0.5930  0.7628  0.7107  0.7803  0.7803  0.5583  0.6305  0.8253  0.5863  0.000040
epoch:604 0.7367  0.9465  0.7704  0.5606  0.5831  0.7655  0.7153  0.7840  0.7840  0.5714  0.6225  0.8325  0.5756  0.000040
epoch:605 0.7385  0.9449  0.7625  0.5513  0.5862  0.7754  0.7153  0.7879  0.7879  0.5667  0.6273  0.8375  0.5994  0.000040
epoch:606 0.7342  0.9503  0.7871  0.5427  0.5766  0.7725  0.7087  0.7801  0.7801  0.5536  0.6134  0.8348  0.5868  0.000040
epoch:607 0.7139  0.9446  0.7513  0.5564  0.5807  0.7439  0.6905  0.7630  0.7630  0.5714  0.6181  0.8098  0.6024  0.000040
epoch:608 0.7320  0.9500  0.7790  0.5427  0.5732  0.7685  0.7044  0.7786  0.7786  0.5536  0.6150  0.8340  0.6011  0.000040
epoch:609 0.7330  0.9449  0.7742  0.5297  0.5731  0.7647  0.7079  0.7793  0.7793  0.5667  0.6134  0.8291  0.5863  0.000040
epoch:610 0.7108  0.9469  0.7673  0.5477  0.5767  0.7465  0.6935  0.7625  0.7625  0.5631  0.6281  0.8132  0.5935  0.000040
epoch:611 0.7324  0.9470  0.7799  0.5427  0.5816  0.7689  0.7117  0.7804  0.7804  0.5536  0.6202  0.8338  0.6244  0.000040
epoch:612 0.7371  0.9507  0.7710  0.5692  0.5820  0.7727  0.7081  0.7819  0.7819  0.5714  0.6237  0.8298  0.5941  0.000040
epoch:613 0.7182  0.9437  0.7659  0.5297  0.5739  0.7530  0.6935  0.7664  0.7664  0.5667  0.6162  0.8135  0.6010  0.000040
epoch:614 0.7326  0.9506  0.7632  0.5428  0.5772  0.7709  0.7055  0.7796  0.7796  0.5536  0.6134  0.8337  0.5975  0.000040
epoch:615 0.7268  0.9477  0.7680  0.5427  0.5743  0.7528  0.7040  0.7731  0.7731  0.5536  0.6150  0.8209  0.5858  0.000040
epoch:616 0.7260  0.9444  0.7589  0.5308  0.5748  0.7532  0.7066  0.7783  0.7783  0.5667  0.6134  0.8285  0.5765  0.000040
epoch:617 0.7123  0.9426  0.7518  0.5300  0.5872  0.7236  0.6842  0.7580  0.7580  0.5667  0.6242  0.7793  0.5885  0.000040
epoch:618 0.7378  0.9501  0.7817  0.5464  0.5817  0.7799  0.7095  0.7836  0.7836  0.5583  0.6197  0.8380  0.5943  0.000040
epoch:619 0.7332  0.9453  0.7777  0.5300  0.5834  0.7713  0.7127  0.7814  0.7814  0.5667  0.6202  0.8312  0.5932  0.000040
epoch:620 0.7423  0.9449  0.7800  0.5297  0.5921  0.7809  0.7181  0.7877  0.7877  0.5667  0.6289  0.8370  0.6089  0.000040
epoch:621 0.7362  0.9451  0.7829  0.5297  0.5865  0.7674  0.7094  0.7812  0.7812  0.5667  0.6265  0.8293  0.6037  0.000040
epoch:622 0.7127  0.9428  0.7466  0.5297  0.5867  0.7450  0.6891  0.7645  0.7645  0.5667  0.6245  0.8119  0.5842  0.000040
epoch:623 0.7385  0.9450  0.7733  0.5297  0.5834  0.7747  0.7115  0.7832  0.7832  0.5667  0.6241  0.8328  0.6085  0.000040
epoch:624 0.7336  0.9444  0.7726  0.5308  0.5728  0.7647  0.7025  0.7782  0.7782  0.5667  0.6114  0.8264  0.6064  0.000040
epoch:625 0.7415  0.9467  0.7804  0.5300  0.5883  0.7869  0.7155  0.7869  0.7869  0.5667  0.6249  0.8390  0.6082  0.000040
epoch:626 0.7357  0.9448  0.7692  0.5297  0.5941  0.7646  0.7107  0.7827  0.7827  0.5667  0.6324  0.8306  0.6009  0.000040
epoch:627 0.7310  0.9444  0.7614  0.5297  0.5793  0.7657  0.7117  0.7820  0.7820  0.5667  0.6300  0.8317  0.5966  0.000040
epoch:628 0.7355  0.9348  0.7721  0.5345  0.5823  0.7654  0.7090  0.7804  0.7804  0.5714  0.6202  0.8288  0.5926  0.000040
epoch:629 0.7313  0.9443  0.7695  0.5308  0.5871  0.7621  0.7071  0.7789  0.7789  0.5667  0.6241  0.8267  0.6190  0.000040
epoch:630 0.7342  0.9495  0.7870  0.5477  0.5799  0.7685  0.7046  0.7787  0.7787  0.5583  0.6154  0.8345  0.5903  0.000040
epoch:631 0.7359  0.9479  0.7699  0.5462  0.5820  0.7782  0.7162  0.7873  0.7873  0.5750  0.6225  0.8382  0.5895  0.000040
epoch:632 0.7302  0.9337  0.7655  0.5253  0.5909  0.7575  0.7059  0.7764  0.7764  0.5619  0.6305  0.8177  0.5928  0.000040
epoch:633 0.7433  0.9472  0.7803  0.5635  0.5854  0.7735  0.7180  0.7874  0.7874  0.5702  0.6265  0.8362  0.5971  0.000040
epoch:634 0.7279  0.9452  0.7642  0.5309  0.5829  0.7489  0.7062  0.7752  0.7752  0.5667  0.6197  0.8108  0.5811  0.000040
epoch:635 0.7338  0.9470  0.7707  0.5513  0.5812  0.7566  0.7069  0.7790  0.7790  0.5631  0.6257  0.8238  0.5990  0.000040
epoch:636 0.7319  0.9451  0.7754  0.5300  0.5815  0.7644  0.7094  0.7805  0.7805  0.5667  0.6202  0.8296  0.6056  0.000040
epoch:637 0.7313  0.9471  0.7718  0.5553  0.5770  0.7653  0.7118  0.7806  0.7806  0.5619  0.6285  0.8259  0.5873  0.000040
epoch:638 0.7332  0.9496  0.7767  0.5477  0.5802  0.7706  0.7082  0.7820  0.7820  0.5583  0.6281  0.8346  0.5887  0.000040
epoch:639 0.7394  0.9436  0.7667  0.5345  0.5928  0.7731  0.7103  0.7860  0.7860  0.5714  0.6348  0.8346  0.5920  0.000040
epoch:640 0.7345  0.9453  0.7576  0.5297  0.5949  0.7592  0.7119  0.7809  0.7809  0.5667  0.6348  0.8211  0.5857  0.000040
epoch:641 0.7323  0.9466  0.7686  0.5427  0.5818  0.7716  0.7091  0.7811  0.7811  0.5536  0.6348  0.8309  0.5979  0.000040
epoch:642 0.7297  0.9452  0.7621  0.5253  0.5746  0.7692  0.7119  0.7806  0.7806  0.5619  0.6114  0.8378  0.5767  0.000040
epoch:643 0.7351  0.9335  0.7679  0.5253  0.5958  0.7631  0.7105  0.7822  0.7822  0.5619  0.6348  0.8240  0.5776  0.000040
epoch:644 0.7318  0.9453  0.7627  0.5478  0.5806  0.7650  0.7119  0.7813  0.7813  0.5798  0.6202  0.8330  0.5946  0.000040
epoch:645 0.7319  0.9413  0.7562  0.5287  0.5870  0.7651  0.7094  0.7814  0.7814  0.5714  0.6265  0.8224  0.5914  0.000040
epoch:646 0.7309  0.9471  0.7708  0.5596  0.5737  0.7571  0.7080  0.7768  0.7768  0.5714  0.6134  0.8222  0.5898  0.000040
epoch:647 0.7323  0.9449  0.7687  0.5297  0.5832  0.7613  0.7103  0.7796  0.7796  0.5667  0.6241  0.8230  0.6240  0.000040
epoch:648 0.7091  0.9415  0.7599  0.5297  0.5771  0.7442  0.6860  0.7610  0.7610  0.5667  0.6118  0.8108  0.5983  0.000040
epoch:649 0.7290  0.9475  0.7518  0.5500  0.5764  0.7610  0.7085  0.7776  0.7776  0.5619  0.6257  0.8277  0.5887  0.000040
epoch:650 0.7107  0.9438  0.7423  0.5297  0.5853  0.7387  0.6860  0.7604  0.7604  0.5667  0.6245  0.7979  0.6069  0.000040
epoch:651 0.7355  0.9468  0.7694  0.5381  0.5754  0.7680  0.7112  0.7802  0.7802  0.5536  0.6221  0.8309  0.5998  0.000040
epoch:652 0.7122  0.9424  0.7506  0.5297  0.5837  0.7471  0.6873  0.7630  0.7630  0.5667  0.6241  0.8039  0.5865  0.000040
epoch:653 0.7345  0.9472  0.7906  0.5474  0.5842  0.7679  0.7089  0.7788  0.7788  0.5583  0.6221  0.8264  0.6030  0.000040
epoch:654 0.7340  0.9450  0.7630  0.5215  0.5802  0.7647  0.7114  0.7828  0.7828  0.5583  0.6221  0.8330  0.6037  0.000040
epoch:655 0.7347  0.9444  0.7626  0.5400  0.5854  0.7649  0.7122  0.7842  0.7842  0.5762  0.6245  0.8317  0.6085  0.000040
epoch:656 0.7091  0.9434  0.7703  0.5297  0.5731  0.7346  0.6856  0.7573  0.7573  0.5667  0.6134  0.7976  0.6011  0.000040
epoch:657 0.7332  0.9498  0.7543  0.5474  0.5761  0.7761  0.7126  0.7834  0.7834  0.5583  0.6285  0.8354  0.6239  0.000040
epoch:658 0.7344  0.9344  0.7567  0.5353  0.5975  0.7611  0.7090  0.7813  0.7813  0.5714  0.6348  0.8243  0.5937  0.000040
epoch:659 0.7355  0.9448  0.7744  0.5297  0.5874  0.7679  0.7144  0.7855  0.7855  0.5667  0.6305  0.8360  0.5675  0.000040
epoch:660 0.7081  0.9430  0.7426  0.5297  0.5848  0.7426  0.6871  0.7615  0.7615  0.5667  0.6281  0.8084  0.5983  0.000040
epoch:661 0.7274  0.9450  0.7577  0.5215  0.5731  0.7583  0.7086  0.7800  0.7800  0.5583  0.6197  0.8309  0.5898  0.000040
epoch:662 0.7109  0.9441  0.7520  0.5297  0.5753  0.7437  0.6930  0.7623  0.7623  0.5667  0.6305  0.8000  0.5725  0.000040
epoch:663 0.7322  0.9444  0.7522  0.5297  0.5832  0.7604  0.7084  0.7810  0.7810  0.5667  0.6241  0.8248  0.5807  0.000040
epoch:664 0.7305  0.9452  0.7582  0.5345  0.5674  0.7638  0.7123  0.7814  0.7814  0.5714  0.6178  0.8264  0.5834  0.000040
epoch:665 0.7347  0.9488  0.7843  0.5427  0.5783  0.7797  0.7128  0.7869  0.7869  0.5536  0.6305  0.8457  0.5765  0.000040
epoch:666 0.7291  0.9453  0.7496  0.5262  0.5776  0.7572  0.7095  0.7791  0.7791  0.5631  0.6202  0.8230  0.6047  0.000040
epoch:667 0.7375  0.9504  0.7834  0.5477  0.5728  0.7711  0.7124  0.7839  0.7839  0.5583  0.6138  0.8348  0.6155  0.000040
epoch:668 0.7280  0.9447  0.7610  0.5297  0.5739  0.7587  0.7128  0.7816  0.7816  0.5667  0.6142  0.8322  0.5939  0.000040
epoch:669 0.7196  0.9443  0.7475  0.5300  0.5722  0.7456  0.7042  0.7736  0.7736  0.5667  0.6237  0.8119  0.5898  0.000040
epoch:670 0.7336  0.9452  0.7676  0.5262  0.5867  0.7625  0.7098  0.7791  0.7791  0.5631  0.6324  0.8235  0.5774  0.000040
epoch:671 0.7270  0.9480  0.7670  0.5218  0.5617  0.7699  0.7092  0.7800  0.7800  0.5583  0.6099  0.8300  0.6150  0.000040
epoch:672 0.7383  0.9471  0.7757  0.5550  0.5823  0.7710  0.7150  0.7867  0.7867  0.5667  0.6245  0.8367  0.5842  0.000040
epoch:673 0.7232  0.9482  0.7578  0.5132  0.5578  0.7590  0.7056  0.7768  0.7768  0.5500  0.6197  0.8216  0.5962  0.000040
epoch:674 0.7283  0.9318  0.7659  0.5345  0.5797  0.7537  0.7102  0.7792  0.7792  0.5714  0.6197  0.8278  0.5717  0.000040
epoch:675 0.7374  0.9479  0.7668  0.5477  0.5838  0.7727  0.7132  0.7829  0.7829  0.5583  0.6265  0.8327  0.5916  0.000040
epoch:676 0.7289  0.9454  0.7671  0.5226  0.5836  0.7674  0.7114  0.7817  0.7817  0.5583  0.6391  0.8240  0.5867  0.000040
epoch:677 0.7327  0.9433  0.7618  0.5011  0.5724  0.7652  0.7070  0.7827  0.7827  0.5381  0.6162  0.8312  0.5816  0.000040
epoch:678 0.7303  0.9448  0.7660  0.5253  0.5842  0.7552  0.7071  0.7756  0.7756  0.5619  0.6281  0.8140  0.5990  0.000040
epoch:679 0.7393  0.9449  0.7664  0.5345  0.5903  0.7729  0.7113  0.7830  0.7830  0.5714  0.6333  0.8246  0.5840  0.000040
epoch:680 0.7346  0.9472  0.7692  0.5427  0.5906  0.7628  0.7123  0.7811  0.7811  0.5536  0.6300  0.8272  0.5908  0.000040
epoch:681 0.7307  0.9471  0.7742  0.5513  0.5764  0.7653  0.7090  0.7786  0.7786  0.5631  0.6217  0.8293  0.6011  0.000040
epoch:682 0.7350  0.9438  0.7619  0.5345  0.5790  0.7721  0.7103  0.7853  0.7853  0.5714  0.6221  0.8359  0.5814  0.000040
epoch:683 0.7292  0.9453  0.7569  0.5218  0.5793  0.7659  0.7108  0.7808  0.7808  0.5583  0.6324  0.8211  0.6033  0.000040
epoch:684 0.7276  0.9500  0.7738  0.5427  0.5633  0.7656  0.7075  0.7783  0.7783  0.5536  0.6154  0.8288  0.5756  0.000040
epoch:685 0.7366  0.9450  0.7675  0.5318  0.5954  0.7669  0.7133  0.7856  0.7856  0.5679  0.6352  0.8293  0.5955  0.000040
epoch:686 0.7429  0.9485  0.7810  0.5310  0.5816  0.7854  0.7168  0.7912  0.7912  0.5631  0.6269  0.8443  0.5942  0.000040
epoch:687 0.7338  0.9454  0.7820  0.5262  0.5882  0.7644  0.7113  0.7810  0.7810  0.5631  0.6300  0.8272  0.6054  0.000040
epoch:688 0.7303  0.9451  0.7704  0.5170  0.5711  0.7698  0.7120  0.7805  0.7805  0.5536  0.6178  0.8291  0.6014  0.000040
epoch:689 0.7330  0.9451  0.7794  0.5218  0.5887  0.7716  0.7110  0.7801  0.7801  0.5583  0.6305  0.8264  0.5794  0.000040
epoch:690 0.7373  0.9452  0.7657  0.5318  0.5852  0.7722  0.7133  0.7835  0.7835  0.5679  0.6305  0.8341  0.5962  0.000040
epoch:691 0.7326  0.9453  0.7603  0.5345  0.5881  0.7602  0.7113  0.7800  0.7800  0.5714  0.6309  0.8214  0.5987  0.000040
epoch:692 0.7304  0.9507  0.7667  0.5477  0.5618  0.7752  0.7112  0.7821  0.7821  0.5583  0.6261  0.8354  0.5792  0.000040
epoch:693 0.7201  0.9492  0.7651  0.5165  0.5415  0.7684  0.7045  0.7762  0.7762  0.5488  0.6067  0.8295  0.5884  0.000040
epoch:694 0.7206  0.9446  0.7511  0.5270  0.5644  0.7529  0.7088  0.7787  0.7787  0.5631  0.6217  0.8275  0.5644  0.000040
epoch:695 0.7193  0.9442  0.7479  0.5345  0.5594  0.7487  0.7061  0.7743  0.7743  0.5714  0.6115  0.8196  0.5936  0.000040
epoch:696 0.7238  0.9479  0.7761  0.5170  0.5718  0.7560  0.7006  0.7720  0.7720  0.5536  0.6146  0.8182  0.5887  0.000040
epoch:697 0.7158  0.9428  0.7616  0.5345  0.5908  0.7422  0.6884  0.7631  0.7631  0.5714  0.6328  0.8037  0.5842  0.000040
epoch:698 0.7374  0.9343  0.7651  0.5400  0.5943  0.7651  0.7108  0.7831  0.7831  0.5762  0.6348  0.8240  0.5740  0.000040
epoch:699 0.7185  0.9429  0.7419  0.5215  0.5616  0.7481  0.6985  0.7744  0.7744  0.5583  0.6241  0.8087  0.5848  0.000040
epoch:700 0.7259  0.9457  0.7635  0.5310  0.5584  0.7620  0.7071  0.7791  0.7791  0.5631  0.6197  0.8248  0.5943  0.000040
epoch:701 0.7352  0.9437  0.7630  0.5345  0.5846  0.7617  0.7104  0.7827  0.7827  0.5714  0.6300  0.8267  0.5726  0.000040
epoch:702 0.7326  0.9449  0.7602  0.5345  0.5842  0.7622  0.7081  0.7801  0.7801  0.5714  0.6265  0.8230  0.5762  0.000040
epoch:703 0.7294  0.9443  0.7768  0.5215  0.5801  0.7662  0.7098  0.7794  0.7794  0.5583  0.6281  0.8306  0.5876  0.000040
epoch:704 0.7176  0.9448  0.7638  0.5400  0.5908  0.7470  0.6919  0.7643  0.7643  0.5762  0.6305  0.8108  0.5967  0.000040
epoch:705 0.7365  0.9452  0.7639  0.5274  0.5868  0.7741  0.7134  0.7837  0.7837  0.5631  0.6289  0.8274  0.5707  0.000040
epoch:706 0.7362  0.9339  0.7657  0.5345  0.5883  0.7701  0.7122  0.7840  0.7840  0.5714  0.6328  0.8352  0.5647  0.000040
epoch:707 0.7316  0.9454  0.7635  0.5253  0.5753  0.7655  0.7121  0.7812  0.7812  0.5619  0.6174  0.8328  0.5652  0.000040
epoch:708 0.7246  0.9453  0.7482  0.5318  0.5670  0.7645  0.7076  0.7781  0.7781  0.5679  0.6217  0.8277  0.6122  0.000040
epoch:709 0.7086  0.9443  0.7514  0.5297  0.5637  0.7473  0.6901  0.7615  0.7615  0.5667  0.6162  0.8095  0.5806  0.000040
epoch:710 0.7275  0.9453  0.7623  0.5253  0.5651  0.7665  0.7109  0.7799  0.7799  0.5619  0.6174  0.8293  0.6113  0.000040
epoch:711 0.7292  0.9454  0.7719  0.5255  0.5712  0.7721  0.7105  0.7798  0.7798  0.5583  0.6241  0.8304  0.6006  0.000040
epoch:712 0.7274  0.9447  0.7582  0.5215  0.5705  0.7654  0.7104  0.7800  0.7800  0.5583  0.6281  0.8227  0.5882  0.000040
epoch:713 0.7329  0.9450  0.7554  0.5400  0.5831  0.7688  0.7127  0.7830  0.7830  0.5762  0.6348  0.8283  0.5952  0.000040
epoch:714 0.7287  0.9452  0.7588  0.5400  0.5816  0.7582  0.7088  0.7787  0.7787  0.5762  0.6221  0.8227  0.5940  0.000040
epoch:715 0.7296  0.9450  0.7606  0.5345  0.5748  0.7645  0.7127  0.7821  0.7821  0.5714  0.6245  0.8296  0.5750  0.000040
epoch:716 0.7319  0.9452  0.7598  0.5353  0.5826  0.7620  0.7085  0.7805  0.7805  0.5714  0.6217  0.8296  0.5845  0.000040
epoch:717 0.7348  0.9452  0.7704  0.5378  0.5779  0.7653  0.7118  0.7805  0.7805  0.5702  0.6178  0.8221  0.6003  0.000040
epoch:718 0.7338  0.9450  0.7627  0.5400  0.5779  0.7657  0.7137  0.7836  0.7836  0.5762  0.6265  0.8262  0.6096  0.000040
epoch:719 0.7270  0.9448  0.7539  0.5300  0.5665  0.7569  0.7080  0.7800  0.7800  0.5667  0.6181  0.8193  0.5859  0.000040
epoch:720 0.7289  0.9452  0.7597  0.5218  0.5735  0.7653  0.7119  0.7812  0.7812  0.5583  0.6197  0.8370  0.5797  0.000040
epoch:721 0.7143  0.9432  0.7514  0.5345  0.5874  0.7440  0.6880  0.7621  0.7621  0.5714  0.6289  0.8042  0.5921  0.000040
epoch:722 0.7324  0.9489  0.7725  0.5255  0.5649  0.7702  0.7093  0.7813  0.7813  0.5583  0.6158  0.8309  0.5685  0.000040
epoch:723 0.7272  0.9435  0.7517  0.5170  0.5782  0.7566  0.7048  0.7759  0.7759  0.5536  0.6285  0.8132  0.5894  0.000040
epoch:724 0.7321  0.9450  0.7710  0.5309  0.5849  0.7525  0.7122  0.7815  0.7815  0.5667  0.6221  0.8219  0.5693  0.000040
epoch:725 0.7252  0.9484  0.7507  0.5290  0.5606  0.7698  0.7109  0.7826  0.7826  0.5619  0.6241  0.8353  0.5755  0.000040
epoch:726 0.7382  0.9426  0.7671  0.5416  0.5782  0.7735  0.7126  0.7869  0.7869  0.5702  0.6269  0.8354  0.5781  0.000040
epoch:727 0.7337  0.9454  0.7633  0.5218  0.5863  0.7736  0.7111  0.7807  0.7807  0.5583  0.6269  0.8304  0.5965  0.000040
epoch:728 0.7263  0.9453  0.7605  0.5208  0.5563  0.7777  0.7107  0.7798  0.7798  0.5536  0.6197  0.8325  0.5942  0.000040
epoch:729 0.7216  0.9451  0.7499  0.5218  0.5577  0.7630  0.7043  0.7769  0.7769  0.5583  0.6158  0.8280  0.5828  0.000040
epoch:730 0.7293  0.9452  0.7679  0.5218  0.5755  0.7610  0.7082  0.7772  0.7772  0.5583  0.6221  0.8177  0.5962  0.000040
epoch:731 0.7308  0.9453  0.7550  0.5356  0.5820  0.7701  0.7133  0.7829  0.7829  0.5714  0.6328  0.8314  0.5865  0.000040
epoch:732 0.7372  0.9443  0.7645  0.5262  0.5869  0.7651  0.7117  0.7840  0.7840  0.5631  0.6348  0.8275  0.5670  0.000040
epoch:733 0.7367  0.9449  0.7629  0.5345  0.5865  0.7712  0.7131  0.7845  0.7845  0.5714  0.6289  0.8328  0.5714  0.000040
epoch:734 0.7327  0.9449  0.7577  0.5297  0.5823  0.7648  0.7122  0.7836  0.7836  0.5667  0.6245  0.8317  0.5819  0.000040
epoch:735 0.7354  0.9425  0.7600  0.5262  0.5913  0.7737  0.7108  0.7864  0.7864  0.5631  0.6352  0.8367  0.6003  0.000040
epoch:736 0.7074  0.9323  0.7537  0.5400  0.5726  0.7371  0.6903  0.7600  0.7600  0.5762  0.6221  0.8016  0.5802  0.000040
epoch:737 0.7290  0.9510  0.7785  0.5459  0.5519  0.7800  0.7070  0.7790  0.7790  0.5536  0.6134  0.8340  0.5865  0.000040
epoch:738 0.7255  0.9440  0.7675  0.5128  0.5715  0.7716  0.7112  0.7802  0.7802  0.5452  0.6328  0.8320  0.5771  0.000040
epoch:739 0.7309  0.9453  0.7577  0.5300  0.5782  0.7589  0.7101  0.7792  0.7792  0.5667  0.6193  0.8235  0.6010  0.000040
epoch:740 0.7265  0.9491  0.7648  0.5208  0.5568  0.7751  0.7098  0.7812  0.7812  0.5536  0.6197  0.8361  0.6017  0.000040
epoch:741 0.7140  0.9417  0.7559  0.4967  0.5828  0.7438  0.6851  0.7610  0.7610  0.5333  0.6165  0.8045  0.5811  0.000040
epoch:742 0.7108  0.9426  0.7648  0.5351  0.5916  0.7347  0.6868  0.7615  0.7615  0.5750  0.6324  0.7998  0.5816  0.000040
epoch:743 0.7316  0.9460  0.7678  0.5218  0.5797  0.7707  0.7122  0.7819  0.7819  0.5583  0.6265  0.8317  0.5782  0.000040
epoch:744 0.7314  0.9443  0.7567  0.5345  0.5839  0.7609  0.7090  0.7811  0.7811  0.5714  0.6245  0.8291  0.5984  0.000040
epoch:745 0.7383  0.9458  0.7716  0.5337  0.5857  0.7835  0.7133  0.7850  0.7850  0.5667  0.6309  0.8388  0.5982  0.000040
epoch:746 0.7373  0.9444  0.7630  0.5262  0.5830  0.7720  0.7095  0.7858  0.7858  0.5631  0.6312  0.8344  0.5918  0.000040
epoch:747 0.7329  0.9452  0.7716  0.5170  0.5749  0.7718  0.7116  0.7825  0.7825  0.5536  0.6197  0.8354  0.6027  0.000040
epoch:748 0.7293  0.9451  0.7713  0.5337  0.5707  0.7706  0.7117  0.7834  0.7834  0.5667  0.6281  0.8344  0.5856  0.000040
epoch:749 0.7351  0.9448  0.7685  0.5345  0.5929  0.7656  0.7121  0.7842  0.7842  0.5714  0.6245  0.8372  0.5954  0.000040
epoch:750 0.7318  0.9449  0.7606  0.5400  0.5818  0.7705  0.7105  0.7828  0.7828  0.5762  0.6328  0.8306  0.5786  0.000040
epoch:751 0.7275  0.9506  0.7536  0.5524  0.5573  0.7693  0.7065  0.7809  0.7809  0.5631  0.6114  0.8343  0.5855  0.000040
epoch:752 0.7375  0.9430  0.7621  0.5345  0.5907  0.7747  0.7089  0.7845  0.7845  0.5714  0.6328  0.8330  0.5853  0.000040
epoch:753 0.7186  0.9443  0.7621  0.5345  0.5806  0.7540  0.6924  0.7686  0.7686  0.5714  0.6241  0.8187  0.5981  0.000040
epoch:754 0.7266  0.9436  0.7527  0.5262  0.5691  0.7620  0.7093  0.7810  0.7810  0.5631  0.6281  0.8304  0.5778  0.000040
epoch:755 0.7243  0.9447  0.7601  0.5218  0.5667  0.7606  0.7073  0.7795  0.7795  0.5583  0.6221  0.8304  0.5729  0.000040
epoch:756 0.7140  0.9310  0.7619  0.5345  0.5924  0.7400  0.6908  0.7628  0.7628  0.5714  0.6348  0.8031  0.5971  0.000040
epoch:757 0.7106  0.9438  0.7514  0.5345  0.5748  0.7405  0.6851  0.7601  0.7601  0.5714  0.6162  0.8069  0.5758  0.000040
epoch:758 0.7208  0.9451  0.7503  0.5135  0.5541  0.7556  0.7013  0.7757  0.7757  0.5500  0.6197  0.8198  0.5853  0.000040
epoch:759 0.7282  0.9327  0.7607  0.5345  0.5703  0.7576  0.7076  0.7796  0.7796  0.5714  0.6114  0.8296  0.5900  0.000040
epoch:760 0.7330  0.9452  0.7585  0.5400  0.5865  0.7644  0.7112  0.7815  0.7815  0.5762  0.6265  0.8280  0.5939  0.000040
epoch:761 0.7257  0.9439  0.7487  0.5218  0.5679  0.7651  0.7080  0.7813  0.7813  0.5583  0.6261  0.8328  0.6005  0.000040
epoch:762 0.7255  0.9454  0.7758  0.5170  0.5675  0.7605  0.7083  0.7774  0.7774  0.5536  0.6130  0.8325  0.5672  0.000040
epoch:763 0.7284  0.9342  0.7640  0.5345  0.5775  0.7596  0.7048  0.7768  0.7768  0.5714  0.6181  0.8225  0.5749  0.000040
epoch:764 0.7287  0.9485  0.7752  0.5208  0.5647  0.7669  0.7090  0.7804  0.7804  0.5536  0.6138  0.8303  0.5797  0.000040
epoch:765 0.7346  0.9451  0.7562  0.5300  0.5893  0.7615  0.7101  0.7819  0.7819  0.5667  0.6293  0.8193  0.5850  0.000040
epoch:766 0.7262  0.9429  0.7394  0.5340  0.5776  0.7598  0.7057  0.7808  0.7808  0.5750  0.6166  0.8280  0.5566  0.000040
epoch:767 0.7255  0.9489  0.7676  0.5165  0.5587  0.7723  0.7084  0.7792  0.7792  0.5488  0.6221  0.8282  0.6061  0.000040
epoch:768 0.7315  0.9449  0.7540  0.5345  0.5810  0.7598  0.7105  0.7825  0.7825  0.5714  0.6221  0.8314  0.5655  0.000040
epoch:769 0.7305  0.9450  0.7635  0.5262  0.5803  0.7606  0.7062  0.7785  0.7785  0.5631  0.6265  0.8270  0.5587  0.000040
epoch:770 0.7290  0.9448  0.7724  0.5218  0.5591  0.7752  0.7138  0.7823  0.7823  0.5583  0.6158  0.8362  0.5631  0.000040
epoch:771 0.7358  0.9443  0.7591  0.5300  0.5832  0.7712  0.7122  0.7839  0.7839  0.5667  0.6245  0.8322  0.5626  0.000040
epoch:772 0.7252  0.9454  0.7613  0.5218  0.5561  0.7619  0.7093  0.7783  0.7783  0.5583  0.6142  0.8198  0.5960  0.000040
epoch:773 0.7244  0.9451  0.7587  0.5297  0.5823  0.7582  0.7076  0.7799  0.7799  0.5667  0.6344  0.8291  0.5970  0.000040
epoch:774 0.7303  0.9454  0.7706  0.5218  0.5759  0.7703  0.7108  0.7802  0.7802  0.5583  0.6197  0.8346  0.5862  0.000040
epoch:775 0.7249  0.9448  0.7567  0.5170  0.5708  0.7612  0.7073  0.7792  0.7792  0.5536  0.6261  0.8291  0.5653  0.000040
epoch:776 0.7274  0.9450  0.7507  0.5345  0.5710  0.7600  0.7091  0.7811  0.7811  0.5714  0.6221  0.8296  0.5791  0.000040
epoch:777 0.7248  0.9451  0.7526  0.5226  0.5688  0.7634  0.7091  0.7811  0.7811  0.5583  0.6241  0.8315  0.5978  0.000040
epoch:778 0.7306  0.9458  0.7721  0.5274  0.5734  0.7702  0.7085  0.7805  0.7805  0.5631  0.6197  0.8333  0.5819  0.000040
epoch:779 0.7353  0.9432  0.7590  0.5218  0.5863  0.7727  0.7099  0.7846  0.7846  0.5583  0.6352  0.8330  0.5836  0.000040
epoch:780 0.7296  0.9453  0.7622  0.5218  0.5702  0.7749  0.7135  0.7852  0.7852  0.5583  0.6328  0.8346  0.5908  0.000040
epoch:781 0.7090  0.9428  0.7586  0.5215  0.5672  0.7407  0.6855  0.7605  0.7605  0.5583  0.6142  0.8069  0.5808  0.000040
epoch:782 0.7262  0.9454  0.7609  0.5255  0.5656  0.7746  0.7103  0.7817  0.7817  0.5583  0.6309  0.8314  0.5798  0.000040
epoch:783 0.7274  0.9487  0.7556  0.5218  0.5652  0.7721  0.7101  0.7818  0.7818  0.5583  0.6217  0.8348  0.5928  0.000040
epoch:784 0.7286  0.9447  0.7550  0.5274  0.5740  0.7696  0.7100  0.7844  0.7844  0.5631  0.6320  0.8357  0.5560  0.000040
epoch:785 0.7201  0.9440  0.7518  0.5356  0.5599  0.7527  0.7045  0.7735  0.7735  0.5714  0.6130  0.8156  0.5861  0.000040
epoch:786 0.7276  0.9451  0.7539  0.5188  0.5749  0.7601  0.7092  0.7815  0.7815  0.5548  0.6372  0.8235  0.5727  0.000040
epoch:787 0.7272  0.9452  0.7615  0.5274  0.5670  0.7685  0.7088  0.7805  0.7805  0.5631  0.6197  0.8320  0.5895  0.000040
epoch:788 0.7259  0.9470  0.7700  0.5255  0.5551  0.7754  0.7067  0.7827  0.7827  0.5583  0.6181  0.8361  0.6031  0.000040
epoch:789 0.7174  0.9428  0.7656  0.5345  0.5926  0.7463  0.6892  0.7654  0.7654  0.5714  0.6348  0.8042  0.5775  0.000040
epoch:790 0.7306  0.9449  0.7510  0.5400  0.5764  0.7666  0.7103  0.7830  0.7830  0.5762  0.6265  0.8301  0.5726  0.000040
epoch:791 0.7109  0.9421  0.7517  0.5305  0.5778  0.7398  0.6867  0.7620  0.7620  0.5714  0.6241  0.8044  0.5777  0.000040
epoch:792 0.7342  0.9443  0.7551  0.5297  0.5749  0.7756  0.7116  0.7875  0.7875  0.5667  0.6289  0.8381  0.5750  0.000040
epoch:793 0.7356  0.9451  0.7678  0.5300  0.5863  0.7669  0.7122  0.7839  0.7839  0.5667  0.6269  0.8267  0.5647  0.000040
epoch:794 0.7256  0.9454  0.7587  0.5218  0.5684  0.7575  0.7100  0.7794  0.7794  0.5583  0.6241  0.8198  0.5798  0.000040
epoch:795 0.7257  0.9450  0.7506  0.5297  0.5669  0.7588  0.7082  0.7799  0.7799  0.5667  0.6193  0.8269  0.5913  0.000040
epoch:796 0.7317  0.9451  0.7715  0.5215  0.5787  0.7669  0.7098  0.7816  0.7816  0.5583  0.6245  0.8317  0.5722  0.000040
epoch:797 0.7282  0.9450  0.7510  0.5318  0.5726  0.7666  0.7121  0.7847  0.7847  0.5679  0.6324  0.8330  0.5925  0.000040
epoch:798 0.7229  0.9432  0.7464  0.5262  0.5635  0.7561  0.7084  0.7802  0.7802  0.5631  0.6225  0.8246  0.6007  0.000040
epoch:799 0.7281  0.9436  0.7528  0.5300  0.5647  0.7670  0.7095  0.7812  0.7812  0.5667  0.6162  0.8296  0.5685  0.000040
epoch:800 0.7240  0.9448  0.7525  0.5297  0.5638  0.7585  0.7065  0.7786  0.7786  0.5667  0.6158  0.8280  0.6018  0.000040
epoch:801 0.7295  0.9448  0.7571  0.5255  0.5719  0.7718  0.7073  0.7790  0.7790  0.5583  0.6245  0.8283  0.5969  0.000040
epoch:802 0.7131  0.9450  0.7622  0.5345  0.5771  0.7467  0.6905  0.7626  0.7626  0.5714  0.6186  0.8097  0.5927  0.000040
epoch:803 0.7255  0.9452  0.7484  0.5318  0.5626  0.7623  0.7084  0.7804  0.7804  0.5679  0.6202  0.8301  0.5891  0.000040
epoch:804 0.7339  0.9454  0.7599  0.5318  0.5810  0.7658  0.7097  0.7823  0.7823  0.5679  0.6241  0.8325  0.5990  0.000040
epoch:805 0.7308  0.9481  0.7754  0.5310  0.5626  0.7687  0.7071  0.7806  0.7806  0.5631  0.6095  0.8311  0.5947  0.000040
epoch:806 0.7251  0.9452  0.7520  0.5262  0.5608  0.7596  0.7109  0.7799  0.7799  0.5631  0.6182  0.8264  0.5611  0.000040
epoch:807 0.7339  0.9450  0.7579  0.5345  0.5842  0.7600  0.7091  0.7814  0.7814  0.5714  0.6265  0.8187  0.5937  0.000040
epoch:808 0.7309  0.9477  0.7514  0.5310  0.5681  0.7782  0.7111  0.7855  0.7855  0.5631  0.6328  0.8364  0.5670  0.000040
epoch:809 0.7281  0.9454  0.7478  0.5218  0.5676  0.7673  0.7117  0.7808  0.7808  0.5583  0.6225  0.8248  0.5697  0.000040
epoch:810 0.7281  0.9444  0.7596  0.5218  0.5633  0.7706  0.7111  0.7828  0.7828  0.5583  0.6221  0.8343  0.5693  0.000040
epoch:811 0.7257  0.9453  0.7626  0.5208  0.5602  0.7755  0.7101  0.7816  0.7816  0.5536  0.6245  0.8322  0.5815  0.000040
epoch:812 0.7265  0.9451  0.7490  0.5345  0.5676  0.7653  0.7129  0.7822  0.7822  0.5714  0.6221  0.8309  0.5860  0.000040
epoch:813 0.7291  0.9443  0.7555  0.5345  0.5716  0.7642  0.7063  0.7810  0.7810  0.5714  0.6245  0.8259  0.5953  0.000040
epoch:814 0.7292  0.9449  0.7523  0.5400  0.5712  0.7578  0.7080  0.7807  0.7807  0.5762  0.6217  0.8248  0.5800  0.000040
epoch:815 0.7318  0.9449  0.7529  0.5300  0.5900  0.7594  0.7074  0.7791  0.7791  0.5667  0.6328  0.8172  0.5872  0.000040
epoch:816 0.7284  0.9452  0.7635  0.5208  0.5645  0.7785  0.7136  0.7847  0.7847  0.5536  0.6309  0.8362  0.5824  0.000040
epoch:817 0.7279  0.9453  0.7673  0.5208  0.5640  0.7727  0.7120  0.7843  0.7843  0.5536  0.6284  0.8317  0.5854  0.000040
epoch:818 0.7304  0.9453  0.7644  0.5255  0.5643  0.7812  0.7146  0.7861  0.7861  0.5583  0.6285  0.8391  0.6000  0.000040
epoch:819 0.7274  0.9452  0.7612  0.5274  0.5633  0.7661  0.7094  0.7814  0.7814  0.5631  0.6162  0.8296  0.5758  0.000040
epoch:820 0.7300  0.9441  0.7511  0.5262  0.5806  0.7680  0.7124  0.7844  0.7844  0.5631  0.6400  0.8309  0.5875  0.000040
epoch:821 0.7242  0.9450  0.7514  0.5135  0.5654  0.7596  0.7079  0.7802  0.7802  0.5500  0.6300  0.8238  0.5816  0.000040
epoch:822 0.7262  0.9448  0.7469  0.5297  0.5730  0.7535  0.7077  0.7797  0.7797  0.5667  0.6265  0.8182  0.5654  0.000040
epoch:823 0.7281  0.9453  0.7512  0.5310  0.5615  0.7704  0.7121  0.7847  0.7847  0.5631  0.6241  0.8367  0.5678  0.000040
epoch:824 0.7213  0.9449  0.7474  0.5218  0.5596  0.7545  0.7085  0.7772  0.7772  0.5583  0.6178  0.8238  0.6066  0.000040
epoch:825 0.7103  0.9443  0.7601  0.5400  0.5834  0.7332  0.6886  0.7580  0.7580  0.5762  0.6197  0.8003  0.5811  0.000040
epoch:826 0.7344  0.9435  0.7626  0.5255  0.5731  0.7722  0.7100  0.7844  0.7844  0.5583  0.6273  0.8341  0.5778  0.000040
epoch:827 0.7269  0.9452  0.7492  0.5345  0.5745  0.7573  0.7127  0.7827  0.7827  0.5714  0.6265  0.8301  0.5826  0.000040
epoch:828 0.7361  0.9452  0.7614  0.5345  0.5899  0.7700  0.7141  0.7837  0.7837  0.5714  0.6312  0.8293  0.5939  0.000040
epoch:829 0.7097  0.9446  0.7521  0.5345  0.5712  0.7478  0.6936  0.7633  0.7633  0.5714  0.6241  0.8108  0.5918  0.000040
epoch:830 0.7268  0.9445  0.7641  0.5274  0.5689  0.7708  0.7071  0.7817  0.7817  0.5631  0.6245  0.8335  0.5796  0.000040
epoch:831 0.7235  0.9450  0.7509  0.5218  0.5673  0.7582  0.7057  0.7772  0.7772  0.5583  0.6245  0.8158  0.6037  0.000040
epoch:832 0.7316  0.9446  0.7629  0.5300  0.5716  0.7739  0.7168  0.7861  0.7861  0.5667  0.6245  0.8362  0.5760  0.000040
epoch:833 0.7289  0.9482  0.7664  0.5255  0.5654  0.7656  0.7115  0.7833  0.7833  0.5583  0.6245  0.8264  0.5909  0.000040
epoch:834 0.7271  0.9451  0.7547  0.5262  0.5661  0.7674  0.7103  0.7824  0.7824  0.5631  0.6245  0.8320  0.5764  0.000040
epoch:835 0.7240  0.9452  0.7470  0.5318  0.5670  0.7563  0.7108  0.7807  0.7807  0.5679  0.6221  0.8301  0.5953  0.000040
epoch:836 0.7243  0.9445  0.7646  0.5208  0.5601  0.7676  0.7075  0.7793  0.7793  0.5536  0.6217  0.8277  0.5966  0.000040
epoch:837 0.7273  0.9483  0.7676  0.5255  0.5587  0.7786  0.7109  0.7826  0.7826  0.5583  0.6221  0.8359  0.5805  0.000040
epoch:838 0.7272  0.9451  0.7584  0.5215  0.5594  0.7709  0.7096  0.7814  0.7814  0.5583  0.6138  0.8328  0.5877  0.000040
epoch:839 0.7095  0.9436  0.7571  0.5345  0.5654  0.7437  0.6908  0.7628  0.7628  0.5714  0.6181  0.8068  0.5911  0.000040
epoch:840 0.7107  0.9411  0.7553  0.5262  0.5600  0.7513  0.6883  0.7639  0.7639  0.5631  0.6166  0.8148  0.5842  0.000040
epoch:841 0.7288  0.9453  0.7485  0.5218  0.5677  0.7720  0.7135  0.7825  0.7825  0.5583  0.6269  0.8304  0.5738  0.000040
epoch:842 0.7390  0.9442  0.7623  0.5300  0.5951  0.7732  0.7128  0.7849  0.7849  0.5667  0.6372  0.8312  0.6080  0.000040
epoch:843 0.7280  0.9490  0.7633  0.5255  0.5640  0.7639  0.7033  0.7768  0.7768  0.5583  0.6158  0.8261  0.5818  0.000040
epoch:844 0.7286  0.9450  0.7533  0.5262  0.5647  0.7617  0.7112  0.7835  0.7835  0.5631  0.6205  0.8322  0.5838  0.000040
epoch:845 0.7318  0.9453  0.7617  0.5345  0.5879  0.7666  0.7115  0.7808  0.7808  0.5714  0.6293  0.8259  0.5899  0.000040
epoch:846 0.7352  0.9444  0.7643  0.5345  0.5875  0.7709  0.7118  0.7835  0.7835  0.5714  0.6309  0.8317  0.5800  0.000040
epoch:847 0.7272  0.9481  0.7674  0.5255  0.5598  0.7685  0.7104  0.7818  0.7818  0.5583  0.6205  0.8253  0.5791  0.000040
epoch:848 0.7350  0.9441  0.7619  0.5262  0.5801  0.7694  0.7123  0.7846  0.7846  0.5631  0.6265  0.8335  0.5790  0.000040
epoch:849 0.7280  0.9453  0.7557  0.5218  0.5761  0.7550  0.7073  0.7764  0.7764  0.5583  0.6197  0.8172  0.5662  0.000040
epoch:850 0.7269  0.9482  0.7689  0.5255  0.5616  0.7746  0.7100  0.7820  0.7820  0.5583  0.6281  0.8309  0.5948  0.000040
epoch:851 0.7085  0.9430  0.7450  0.5215  0.5656  0.7457  0.6877  0.7631  0.7631  0.5583  0.6273  0.8095  0.5916  0.000040
epoch:852 0.7283  0.9453  0.7608  0.5274  0.5747  0.7653  0.7109  0.7809  0.7809  0.5631  0.6289  0.8251  0.5827  0.000040
epoch:853 0.7198  0.9431  0.7644  0.5345  0.5960  0.7529  0.6910  0.7670  0.7670  0.5714  0.6372  0.8132  0.5798  0.000040
epoch:854 0.7350  0.9482  0.7748  0.5310  0.5780  0.7731  0.7092  0.7834  0.7834  0.5631  0.6281  0.8372  0.5703  0.000040
epoch:855 0.7316  0.9452  0.7609  0.5262  0.5740  0.7643  0.7103  0.7817  0.7817  0.5631  0.6197  0.8336  0.5913  0.000040
epoch:856 0.7325  0.9456  0.7724  0.5274  0.5763  0.7701  0.7077  0.7801  0.7801  0.5631  0.6158  0.8306  0.5417  0.000040
epoch:857 0.7070  0.9434  0.7537  0.5345  0.5732  0.7363  0.6883  0.7606  0.7606  0.5714  0.6241  0.7989  0.5891  0.000040
epoch:858 0.7242  0.9488  0.7627  0.5255  0.5503  0.7721  0.7083  0.7800  0.7800  0.5583  0.6134  0.8353  0.5684  0.000040
epoch:859 0.7360  0.9452  0.7575  0.5300  0.5816  0.7741  0.7154  0.7848  0.7848  0.5667  0.6241  0.8344  0.5912  0.000040
epoch:860 0.7242  0.9484  0.7622  0.5255  0.5486  0.7678  0.7085  0.7802  0.7802  0.5583  0.6114  0.8303  0.5804  0.000040
epoch:861 0.7266  0.9448  0.7679  0.5255  0.5654  0.7644  0.7085  0.7801  0.7801  0.5583  0.6265  0.8254  0.5835  0.000040
epoch:862 0.7305  0.9450  0.7535  0.5345  0.5702  0.7718  0.7135  0.7828  0.7828  0.5714  0.6249  0.8267  0.5917  0.000040
epoch:863 0.7250  0.9447  0.7491  0.5218  0.5657  0.7675  0.7081  0.7806  0.7806  0.5583  0.6265  0.8256  0.5821  0.000040
epoch:864 0.7328  0.9431  0.7562  0.5262  0.5681  0.7751  0.7136  0.7882  0.7882  0.5631  0.6269  0.8391  0.5789  0.000040
epoch:865 0.7214  0.9444  0.7543  0.5345  0.5632  0.7528  0.7036  0.7757  0.7757  0.5714  0.6169  0.8209  0.5859  0.000040
epoch:866 0.7269  0.9452  0.7539  0.5353  0.5700  0.7619  0.7083  0.7809  0.7809  0.5679  0.6348  0.8193  0.5860  0.000040
epoch:867 0.7345  0.9443  0.7610  0.5262  0.5810  0.7709  0.7118  0.7838  0.7838  0.5631  0.6293  0.8312  0.5962  0.000040
epoch:868 0.7268  0.9446  0.7579  0.5270  0.5740  0.7644  0.7053  0.7808  0.7808  0.5631  0.6324  0.8312  0.5586  0.000040
epoch:869 0.7327  0.9443  0.7509  0.5300  0.5809  0.7662  0.7122  0.7842  0.7842  0.5667  0.6372  0.8217  0.5808  0.000040
epoch:870 0.7309  0.9474  0.7621  0.5212  0.5707  0.7672  0.7075  0.7814  0.7814  0.5500  0.6221  0.8345  0.5639  0.000040
epoch:871 0.7230  0.9451  0.7529  0.5218  0.5707  0.7562  0.7073  0.7770  0.7770  0.5583  0.6261  0.8206  0.5851  0.000040
epoch:872 0.7206  0.9450  0.7537  0.5188  0.5631  0.7571  0.7077  0.7777  0.7777  0.5548  0.6261  0.8277  0.5789  0.000040
epoch:873 0.7248  0.9452  0.7416  0.5274  0.5766  0.7539  0.7068  0.7791  0.7791  0.5631  0.6348  0.8158  0.6001  0.000040
epoch:874 0.7236  0.9376  0.7532  0.5255  0.5552  0.7623  0.7044  0.7782  0.7782  0.5583  0.6197  0.8248  0.5801  0.000040
epoch:875 0.7312  0.9453  0.7660  0.5218  0.5741  0.7670  0.7136  0.7838  0.7838  0.5583  0.6284  0.8296  0.5733  0.000040
epoch:876 0.7344  0.9437  0.7527  0.5345  0.5861  0.7715  0.7109  0.7862  0.7862  0.5714  0.6396  0.8328  0.5801  0.000040
epoch:877 0.7301  0.9438  0.7541  0.5345  0.5794  0.7598  0.7135  0.7834  0.7834  0.5714  0.6308  0.8248  0.5691  0.000040
epoch:878 0.7231  0.9440  0.7418  0.5170  0.5727  0.7533  0.7058  0.7778  0.7778  0.5536  0.6261  0.8182  0.5742  0.000040
epoch:879 0.7327  0.9447  0.7661  0.5218  0.5776  0.7709  0.7118  0.7853  0.7853  0.5583  0.6312  0.8317  0.5868  0.000040
epoch:880 0.7220  0.9449  0.7528  0.5262  0.5641  0.7538  0.7047  0.7764  0.7764  0.5631  0.6225  0.8235  0.5689  0.000040
epoch:881 0.7202  0.9354  0.7501  0.5255  0.5618  0.7579  0.7053  0.7747  0.7747  0.5583  0.6265  0.8204  0.5935  0.000040
epoch:882 0.7193  0.9451  0.7495  0.5218  0.5457  0.7544  0.7040  0.7755  0.7755  0.5583  0.6090  0.8190  0.5847  0.000040
epoch:883 0.7271  0.9448  0.7418  0.5218  0.5777  0.7605  0.7117  0.7814  0.7814  0.5583  0.6372  0.8227  0.5918  0.000040
epoch:884 0.6959  0.9394  0.7505  0.5247  0.5776  0.7162  0.6756  0.7483  0.7483  0.5714  0.6225  0.7762  0.5947  0.000040
epoch:885 0.7131  0.9448  0.7637  0.5262  0.5820  0.7408  0.6885  0.7608  0.7608  0.5631  0.6265  0.8031  0.5878  0.000040
epoch:886 0.7253  0.9446  0.7505  0.5345  0.5635  0.7611  0.7083  0.7800  0.7800  0.5714  0.6178  0.8291  0.5769  0.000040
epoch:887 0.7290  0.9449  0.7513  0.5300  0.5708  0.7672  0.7110  0.7824  0.7824  0.5667  0.6221  0.8325  0.5648  0.000040
epoch:888 0.7288  0.9453  0.7568  0.5310  0.5724  0.7687  0.7102  0.7828  0.7828  0.5631  0.6308  0.8320  0.5815  0.000040
epoch:889 0.7273  0.9486  0.7711  0.5255  0.5585  0.7674  0.7096  0.7816  0.7816  0.5583  0.6213  0.8311  0.5797  0.000040
epoch:890 0.7302  0.9431  0.7429  0.5262  0.5833  0.7606  0.7088  0.7841  0.7841  0.5631  0.6419  0.8275  0.5796  0.000040
epoch:891 0.7238  0.9442  0.7497  0.5345  0.5628  0.7550  0.7074  0.7792  0.7792  0.5714  0.6138  0.8291  0.5827  0.000040
epoch:892 0.7270  0.9481  0.7567  0.5255  0.5581  0.7669  0.7080  0.7821  0.7821  0.5583  0.6213  0.8338  0.5859  0.000040
epoch:893 0.7315  0.9444  0.7532  0.5337  0.5732  0.7731  0.7151  0.7868  0.7868  0.5667  0.6352  0.8341  0.5746  0.000040
epoch:894 0.7273  0.9453  0.7519  0.5267  0.5663  0.7687  0.7103  0.7826  0.7826  0.5548  0.6289  0.8333  0.5609  0.000040
epoch:895 0.7068  0.9338  0.7483  0.5345  0.5761  0.7314  0.6882  0.7599  0.7599  0.5714  0.6269  0.7984  0.5808  0.000040
epoch:896 0.7273  0.9452  0.7510  0.5218  0.5759  0.7610  0.7103  0.7797  0.7797  0.5583  0.6352  0.8169  0.5687  0.000040
epoch:897 0.7292  0.9445  0.7514  0.5218  0.5648  0.7688  0.7117  0.7834  0.7834  0.5583  0.6245  0.8351  0.5722  0.000040
epoch:898 0.7332  0.9445  0.7581  0.5172  0.5687  0.7753  0.7079  0.7838  0.7838  0.5500  0.6265  0.8320  0.5842  0.000040
epoch:899 0.7242  0.9445  0.7557  0.5215  0.5761  0.7549  0.7071  0.7797  0.7797  0.5583  0.6340  0.8230  0.5894  0.000040
epoch:900 0.7240  0.9444  0.7524  0.5345  0.5665  0.7559  0.7044  0.7770  0.7770  0.5714  0.6177  0.8246  0.6012  0.000040
epoch:901 0.7269  0.9383  0.7521  0.5274  0.5720  0.7631  0.7079  0.7817  0.7817  0.5631  0.6333  0.8295  0.5959  0.000040
epoch:902 0.7251  0.9352  0.7520  0.5318  0.5704  0.7608  0.7082  0.7805  0.7805  0.5679  0.6269  0.8270  0.5867  0.000040
epoch:903 0.7250  0.9451  0.7540  0.5218  0.5712  0.7673  0.7090  0.7814  0.7814  0.5583  0.6284  0.8309  0.5826  0.000040
epoch:904 0.7239  0.9479  0.7536  0.5274  0.5578  0.7703  0.7066  0.7813  0.7813  0.5631  0.6130  0.8369  0.5688  0.000040
epoch:905 0.7310  0.9448  0.7528  0.5345  0.5743  0.7695  0.7121  0.7839  0.7839  0.5714  0.6269  0.8312  0.5794  0.000040
epoch:906 0.7226  0.9489  0.7457  0.5310  0.5489  0.7663  0.7050  0.7791  0.7791  0.5631  0.6114  0.8285  0.5782  0.000040
epoch:907 0.7233  0.9489  0.7674  0.5165  0.5530  0.7698  0.7067  0.7775  0.7775  0.5488  0.6150  0.8295  0.5878  0.000040
epoch:908 0.7259  0.9451  0.7498  0.5255  0.5613  0.7648  0.7095  0.7813  0.7813  0.5583  0.6245  0.8312  0.5695  0.000040
epoch:909 0.7304  0.9450  0.7519  0.5400  0.5770  0.7597  0.7089  0.7815  0.7815  0.5762  0.6265  0.8243  0.5668  0.000040
epoch:910 0.7279  0.9450  0.7522  0.5310  0.5570  0.7675  0.7105  0.7825  0.7825  0.5631  0.6197  0.8335  0.5766  0.000040
epoch:911 0.7300  0.9453  0.7494  0.5262  0.5723  0.7615  0.7135  0.7832  0.7832  0.5631  0.6269  0.8259  0.5899  0.000040
epoch:912 0.7321  0.9449  0.7526  0.5345  0.5763  0.7699  0.7133  0.7850  0.7850  0.5714  0.6293  0.8309  0.5708  0.000040
epoch:913 0.7309  0.9452  0.7600  0.5255  0.5695  0.7761  0.7154  0.7847  0.7847  0.5583  0.6312  0.8323  0.5703  0.000040
epoch:914 0.7212  0.9451  0.7510  0.5400  0.5694  0.7557  0.7062  0.7768  0.7768  0.5762  0.6213  0.8291  0.5806  0.000040
epoch:915 0.7112  0.9350  0.7519  0.5262  0.5747  0.7408  0.6903  0.7626  0.7626  0.5631  0.6312  0.8015  0.5789  0.000040
epoch:916 0.7264  0.9456  0.7507  0.5300  0.5696  0.7624  0.7082  0.7796  0.7796  0.5667  0.6221  0.8288  0.5645  0.000040
epoch:917 0.7103  0.9342  0.7591  0.5345  0.5814  0.7407  0.6908  0.7625  0.7625  0.5714  0.6328  0.8018  0.5717  0.000040
epoch:918 0.7306  0.9450  0.7573  0.5345  0.5753  0.7675  0.7147  0.7846  0.7846  0.5714  0.6265  0.8338  0.5744  0.000040
epoch:919 0.7237  0.9453  0.7620  0.5218  0.5618  0.7619  0.7107  0.7801  0.7801  0.5583  0.6221  0.8283  0.5796  0.000040
epoch:920 0.7240  0.9450  0.7479  0.5235  0.5613  0.7554  0.7071  0.7791  0.7791  0.5595  0.6245  0.8164  0.5861  0.000040
epoch:921 0.7216  0.9477  0.7660  0.5255  0.5496  0.7703  0.7059  0.7800  0.7800  0.5583  0.6130  0.8359  0.5792  0.000040
epoch:922 0.7295  0.9452  0.7510  0.5300  0.5653  0.7621  0.7140  0.7827  0.7827  0.5667  0.6206  0.8272  0.5675  0.000040
epoch:923 0.7325  0.9443  0.7511  0.5345  0.5736  0.7654  0.7103  0.7846  0.7846  0.5714  0.6273  0.8278  0.5737  0.000040
epoch:924 0.7284  0.9450  0.7495  0.5310  0.5627  0.7604  0.7091  0.7811  0.7811  0.5631  0.6245  0.8206  0.5829  0.000040
epoch:925 0.7284  0.9450  0.7500  0.5262  0.5731  0.7598  0.7115  0.7815  0.7815  0.5631  0.6312  0.8180  0.5912  0.000040
epoch:926 0.7205  0.9412  0.7559  0.5297  0.5671  0.7477  0.7001  0.7754  0.7754  0.5667  0.6177  0.8190  0.5736  0.000040
epoch:927 0.7091  0.9442  0.7540  0.5356  0.5761  0.7428  0.6905  0.7625  0.7625  0.5714  0.6277  0.8103  0.5684  0.000040
epoch:928 0.7255  0.9351  0.7518  0.5345  0.5681  0.7551  0.7090  0.7789  0.7789  0.5714  0.6217  0.8227  0.5644  0.000040
epoch:929 0.7245  0.9442  0.7513  0.5318  0.5594  0.7611  0.7079  0.7805  0.7805  0.5679  0.6181  0.8299  0.5704  0.000040
epoch:930 0.7103  0.9433  0.7509  0.5345  0.5821  0.7417  0.6882  0.7632  0.7632  0.5714  0.6352  0.8042  0.5871  0.000040
epoch:931 0.7287  0.9449  0.7521  0.5262  0.5696  0.7640  0.7107  0.7828  0.7828  0.5631  0.6269  0.8264  0.5818  0.000040
epoch:932 0.7301  0.9446  0.7535  0.5345  0.5846  0.7640  0.7128  0.7825  0.7825  0.5714  0.6396  0.8227  0.5717  0.000040
epoch:933 0.7272  0.9439  0.7477  0.5345  0.5824  0.7489  0.7103  0.7799  0.7799  0.5714  0.6376  0.8063  0.5921  0.000040
epoch:934 0.7318  0.9454  0.7499  0.5393  0.5731  0.7675  0.7150  0.7850  0.7850  0.5714  0.6289  0.8320  0.5789  0.000040
epoch:935 0.7091  0.9419  0.7547  0.5262  0.5640  0.7469  0.6900  0.7650  0.7650  0.5631  0.6209  0.8137  0.5710  0.000040
epoch:936 0.7313  0.9452  0.7646  0.5356  0.5762  0.7606  0.7099  0.7823  0.7823  0.5714  0.6265  0.8224  0.5689  0.000040
epoch:937 0.7267  0.9477  0.7585  0.5337  0.5602  0.7702  0.7087  0.7834  0.7834  0.5667  0.6201  0.8359  0.5786  0.000040
epoch:938 0.7322  0.9451  0.7517  0.5345  0.5740  0.7677  0.7138  0.7837  0.7837  0.5714  0.6289  0.8214  0.5972  0.000040
epoch:939 0.7280  0.9453  0.7528  0.5345  0.5698  0.7718  0.7134  0.7830  0.7830  0.5714  0.6265  0.8322  0.5800  0.000040
epoch:940 0.7285  0.9453  0.7540  0.5393  0.5791  0.7676  0.7107  0.7830  0.7830  0.5714  0.6372  0.8285  0.5832  0.000040
epoch:941 0.7269  0.9450  0.7507  0.5345  0.5720  0.7620  0.7098  0.7795  0.7795  0.5714  0.6265  0.8217  0.5966  0.000040
epoch:942 0.7248  0.9450  0.7513  0.5400  0.5652  0.7577  0.7051  0.7774  0.7774  0.5762  0.6197  0.8214  0.5802  0.000040
epoch:943 0.7314  0.9479  0.7614  0.5255  0.5728  0.7716  0.7110  0.7854  0.7854  0.5583  0.6348  0.8325  0.5570  0.000040
epoch:944 0.7253  0.9352  0.7547  0.5300  0.5774  0.7636  0.7086  0.7786  0.7786  0.5667  0.6308  0.8227  0.5739  0.000040
epoch:945 0.7277  0.9452  0.7503  0.5300  0.5715  0.7600  0.7085  0.7806  0.7806  0.5667  0.6241  0.8209  0.5646  0.000040
epoch:946 0.7247  0.9451  0.7531  0.5218  0.5724  0.7582  0.7063  0.7783  0.7783  0.5583  0.6289  0.8262  0.5775  0.000040
epoch:947 0.7044  0.9428  0.7423  0.5262  0.5687  0.7382  0.6857  0.7598  0.7598  0.5631  0.6249  0.8053  0.5804  0.000040
epoch:948 0.7255  0.9444  0.7522  0.5345  0.5637  0.7636  0.7053  0.7803  0.7803  0.5714  0.6197  0.8312  0.5637  0.000040
epoch:949 0.7260  0.9490  0.7704  0.5220  0.5565  0.7682  0.7074  0.7788  0.7788  0.5536  0.6134  0.8248  0.5743  0.000040
epoch:950 0.7280  0.9490  0.7524  0.5255  0.5561  0.7764  0.7110  0.7818  0.7818  0.5583  0.6202  0.8343  0.5854  0.000040
epoch:951 0.7315  0.9430  0.7524  0.5262  0.5767  0.7679  0.7116  0.7865  0.7865  0.5631  0.6400  0.8320  0.5651  0.000040
epoch:952 0.7113  0.9343  0.7513  0.5345  0.5808  0.7462  0.6935  0.7655  0.7655  0.5714  0.6352  0.8103  0.5685  0.000040
epoch:953 0.7252  0.9484  0.7550  0.5255  0.5632  0.7666  0.7094  0.7817  0.7817  0.5583  0.6277  0.8314  0.5698  0.000040
epoch:954 0.7290  0.9451  0.7557  0.5253  0.5801  0.7628  0.7116  0.7836  0.7836  0.5619  0.6368  0.8275  0.5911  0.000040
epoch:955 0.7306  0.9449  0.7585  0.5297  0.5748  0.7703  0.7117  0.7840  0.7840  0.5667  0.6284  0.8320  0.5853  0.000040
epoch:956 0.7254  0.9353  0.7517  0.5218  0.5747  0.7556  0.7090  0.7784  0.7784  0.5583  0.6348  0.8143  0.5901  0.000040
epoch:957 0.7214  0.9376  0.7605  0.5255  0.5604  0.7611  0.7015  0.7762  0.7762  0.5583  0.6232  0.8277  0.5715  0.000040
epoch:958 0.7242  0.9453  0.7612  0.5218  0.5691  0.7598  0.7069  0.7757  0.7757  0.5583  0.6245  0.8146  0.5704  0.000040
epoch:959 0.7262  0.9483  0.7669  0.5267  0.5680  0.7632  0.7071  0.7794  0.7794  0.5548  0.6261  0.8277  0.5860  0.000040
epoch:960 0.7236  0.9447  0.7467  0.5300  0.5661  0.7572  0.7065  0.7785  0.7785  0.5667  0.6217  0.8233  0.5940  0.000040
epoch:961 0.7231  0.9353  0.7671  0.5218  0.5702  0.7610  0.7062  0.7758  0.7758  0.5583  0.6289  0.8177  0.5570  0.000040
epoch:962 0.7249  0.9444  0.7485  0.5170  0.5642  0.7561  0.7070  0.7784  0.7784  0.5536  0.6245  0.8174  0.5576  0.000040
epoch:963 0.7262  0.9480  0.7515  0.5310  0.5631  0.7718  0.7062  0.7806  0.7806  0.5631  0.6277  0.8332  0.5656  0.000040
epoch:964 0.7355  0.9433  0.7483  0.5300  0.5820  0.7659  0.7121  0.7870  0.7870  0.5667  0.6336  0.8254  0.5793  0.000040
epoch:965 0.7281  0.9452  0.7469  0.5253  0.5793  0.7654  0.7142  0.7833  0.7833  0.5619  0.6352  0.8301  0.5568  0.000040
epoch:966 0.7282  0.9454  0.7416  0.5300  0.5746  0.7655  0.7117  0.7813  0.7813  0.5667  0.6289  0.8277  0.5657  0.000040
epoch:967 0.7230  0.9449  0.7419  0.5262  0.5662  0.7561  0.7075  0.7798  0.7798  0.5631  0.6265  0.8259  0.6099  0.000040
epoch:968 0.7102  0.9424  0.7560  0.5345  0.5731  0.7437  0.6885  0.7632  0.7632  0.5714  0.6245  0.8063  0.5782  0.000040
epoch:969 0.7134  0.9422  0.7459  0.5345  0.5837  0.7487  0.6894  0.7644  0.7644  0.5714  0.6376  0.8084  0.5883  0.000040
epoch:970 0.7303  0.9446  0.7561  0.5297  0.5805  0.7607  0.7109  0.7833  0.7833  0.5667  0.6344  0.8267  0.5744  0.000040
epoch:971 0.7299  0.9441  0.7550  0.5345  0.5792  0.7627  0.7110  0.7833  0.7833  0.5714  0.6348  0.8256  0.5812  0.000040
epoch:972 0.7300  0.9450  0.7529  0.5345  0.5734  0.7656  0.7108  0.7829  0.7829  0.5714  0.6265  0.8299  0.5736  0.000040
epoch:973 0.7295  0.9445  0.7533  0.5297  0.5682  0.7606  0.7071  0.7820  0.7820  0.5667  0.6241  0.8230  0.5804  0.000040
epoch:974 0.7272  0.9456  0.7489  0.5170  0.5763  0.7664  0.7140  0.7830  0.7830  0.5536  0.6376  0.8304  0.5660  0.000040
epoch:975 0.7040  0.9334  0.7470  0.5262  0.5620  0.7327  0.6865  0.7586  0.7586  0.5631  0.6186  0.8026  0.5924  0.000040
epoch:976 0.7224  0.9491  0.7595  0.5263  0.5557  0.7617  0.7053  0.7767  0.7767  0.5583  0.6174  0.8221  0.5803  0.000040
epoch:977 0.7246  0.9428  0.7526  0.5262  0.5594  0.7569  0.7042  0.7795  0.7795  0.5631  0.6181  0.8254  0.5694  0.000040
epoch:978 0.7289  0.9444  0.7516  0.5262  0.5636  0.7677  0.7089  0.7845  0.7845  0.5631  0.6229  0.8338  0.5875  0.000040
epoch:979 0.7269  0.9481  0.7655  0.5255  0.5545  0.7722  0.7089  0.7833  0.7833  0.5583  0.6181  0.8375  0.5610  0.000040
epoch:980 0.7288  0.9451  0.7509  0.5400  0.5768  0.7648  0.7129  0.7831  0.7831  0.5762  0.6289  0.8256  0.5827  0.000040
epoch:981 0.7254  0.9344  0.7546  0.5356  0.5730  0.7513  0.7063  0.7786  0.7786  0.5714  0.6241  0.8166  0.5643  0.000040
epoch:982 0.7284  0.9449  0.7518  0.5400  0.5740  0.7609  0.7109  0.7812  0.7812  0.5762  0.6300  0.8246  0.5717  0.000040
epoch:983 0.7335  0.9486  0.7621  0.5255  0.5710  0.7720  0.7124  0.7842  0.7842  0.5583  0.6217  0.8372  0.5746  0.000040
epoch:984 0.7249  0.9488  0.7593  0.5310  0.5561  0.7654  0.7040  0.7790  0.7790  0.5631  0.6181  0.8256  0.5804  0.000040
epoch:985 0.7335  0.9442  0.7526  0.5353  0.5780  0.7735  0.7153  0.7877  0.7877  0.5714  0.6312  0.8346  0.5678  0.000040
epoch:986 0.7086  0.9344  0.7521  0.5262  0.5670  0.7453  0.6912  0.7635  0.7635  0.5631  0.6289  0.8095  0.5626  0.000040
epoch:987 0.7440  0.9490  0.7660  0.5263  0.5594  0.7794  0.7250  0.7970  0.7970  0.5583  0.6205  0.8385  0.5602  0.000040
epoch:988 0.7297  0.9454  0.7736  0.5255  0.5628  0.7750  0.7160  0.7854  0.7854  0.5583  0.6293  0.8288  0.5931  0.000040
epoch:989 0.7093  0.9442  0.7426  0.5345  0.5715  0.7367  0.6872  0.7625  0.7625  0.5714  0.6229  0.8021  0.5726  0.000040
epoch:990 0.7299  0.9449  0.7523  0.5262  0.5710  0.7704  0.7124  0.7845  0.7845  0.5631  0.6289  0.8335  0.5453  0.000040
epoch:991 0.7240  0.9450  0.7529  0.5310  0.5598  0.7672  0.7101  0.7798  0.7798  0.5631  0.6245  0.8298  0.5714  0.000040
epoch:992 0.7321  0.9447  0.7499  0.5218  0.5723  0.7721  0.7133  0.7861  0.7861  0.5583  0.6312  0.8317  0.5833  0.000040
epoch:993 0.7242  0.9488  0.7510  0.5310  0.5651  0.7614  0.7039  0.7780  0.7780  0.5631  0.6281  0.8235  0.5881  0.000040
epoch:994 0.7288  0.9450  0.7643  0.5255  0.5622  0.7781  0.7151  0.7845  0.7845  0.5583  0.6293  0.8343  0.5526  0.000040
epoch:995 0.7277  0.9445  0.7530  0.5345  0.5695  0.7589  0.7107  0.7800  0.7800  0.5714  0.6221  0.8243  0.5770  0.000040
epoch:996 0.7272  0.9349  0.7523  0.5345  0.5752  0.7565  0.7103  0.7802  0.7802  0.5714  0.6289  0.8206  0.5613  0.000040
epoch:997 0.7271  0.9451  0.7535  0.5345  0.5668  0.7645  0.7100  0.7799  0.7799  0.5714  0.6217  0.8277  0.5631  0.000040
epoch:998 0.7295  0.9483  0.7624  0.5255  0.5602  0.7797  0.7147  0.7856  0.7856  0.5583  0.6249  0.8364  0.5756  0.000040
epoch:999 0.7298  0.9487  0.7521  0.5255  0.5602  0.7672  0.7109  0.7823  0.7823  0.5583  0.6221  0.8301  0.5723  0.000040
epoch:1000 0.7279  0.9451  0.7520  0.5345  0.5681  0.7594  0.7112  0.7809  0.7809  0.5714  0.6217  0.8264  0.5791  0.000040
