epoch:0 0.0266  0.0792  0.0047  0.0099  0.0495  0.0289  0.0389  0.0861  0.1191  0.0095  0.1176  0.1197  2.5178  0.004000
epoch:1 0.2521  0.4923  0.2509  0.1752  0.3332  0.2154  0.2610  0.3749  0.3844  0.2214  0.4258  0.3709  1.7688  0.004000
epoch:2 0.3623  0.6638  0.3581  0.3536  0.3742  0.3274  0.4154  0.5046  0.5073  0.3643  0.4520  0.5171  1.3939  0.004000
epoch:3 0.4615  0.7890  0.4623  0.3770  0.4023  0.4247  0.5092  0.5855  0.5876  0.3881  0.4708  0.5987  1.1749  0.004000
epoch:4 0.5528  0.9078  0.6936  0.4923  0.4845  0.5250  0.5395  0.6113  0.6122  0.4952  0.5340  0.6353  0.9952  0.004000
epoch:5 0.6220  0.9315  0.6479  0.5238  0.5334  0.6221  0.5968  0.6677  0.6683  0.5310  0.5817  0.6728  0.9123  0.004000
epoch:6 0.6351  0.9388  0.7108  0.5310  0.5475  0.6358  0.6039  0.6754  0.6754  0.5345  0.5936  0.6994  0.8272  0.004000
epoch:7 0.6695  0.9263  0.7509  0.5464  0.5313  0.6686  0.6423  0.7079  0.7079  0.5536  0.5723  0.7157  0.7668  0.004000
epoch:8 0.6327  0.9431  0.7197  0.5099  0.4863  0.6642  0.6123  0.6770  0.6770  0.5095  0.5319  0.7242  0.7202  0.004000
epoch:9 0.6507  0.9321  0.7851  0.5825  0.5688  0.6803  0.6194  0.6924  0.6924  0.5821  0.6190  0.7314  0.6911  0.004000
epoch:10 0.6702  0.9447  0.7572  0.5117  0.5293  0.7025  0.6498  0.7159  0.7159  0.5131  0.5859  0.7496  0.6636  0.004000
epoch:11 0.6925  0.9312  0.7656  0.5359  0.5381  0.7167  0.6666  0.7321  0.7321  0.5393  0.5949  0.7626  0.6298  0.004000
epoch:12 0.6880  0.9311  0.7428  0.5063  0.5309  0.7196  0.6640  0.7307  0.7307  0.5095  0.5910  0.7697  0.5990  0.004000
epoch:13 0.6808  0.9394  0.7393  0.5006  0.5409  0.6954  0.6521  0.7224  0.7224  0.5131  0.5801  0.7480  0.5706  0.004000
epoch:14 0.6885  0.9405  0.7543  0.5198  0.5505  0.7222  0.6597  0.7328  0.7328  0.5190  0.6070  0.7761  0.5817  0.004000
epoch:15 0.6971  0.9425  0.7795  0.5601  0.5572  0.7262  0.6680  0.7412  0.7412  0.5595  0.6210  0.7887  0.5380  0.004000
epoch:16 0.7054  0.9439  0.7702  0.5680  0.5660  0.7355  0.6742  0.7468  0.7468  0.5714  0.6127  0.7987  0.5117  0.000400
epoch:17 0.7229  0.9498  0.7738  0.5541  0.5661  0.7479  0.6966  0.7669  0.7669  0.5536  0.6198  0.8042  0.4954  0.000400
epoch:18 0.7075  0.9449  0.7710  0.5673  0.5634  0.7326  0.6765  0.7495  0.7495  0.5667  0.6194  0.7905  0.5020  0.000400
epoch:19 0.7217  0.9366  0.7818  0.5581  0.5646  0.7424  0.6937  0.7613  0.7613  0.5571  0.6115  0.7942  0.4905  0.000400
epoch:20 0.7054  0.9474  0.7606  0.5495  0.5564  0.7292  0.6795  0.7468  0.7468  0.5488  0.6052  0.7873  0.4807  0.000400
epoch:21 0.7032  0.9436  0.7539  0.5452  0.5700  0.7270  0.6780  0.7485  0.7485  0.5571  0.6305  0.7821  0.4932  0.000400
epoch:22 0.6967  0.9431  0.7840  0.5673  0.5766  0.7219  0.6696  0.7434  0.7434  0.5667  0.6341  0.7819  0.4794  0.000040
epoch:23 0.7060  0.9442  0.7742  0.5663  0.5755  0.7339  0.6752  0.7487  0.7487  0.5655  0.6265  0.7887  0.4884  0.000040
epoch:24 0.7271  0.9429  0.7722  0.5520  0.5782  0.7517  0.6952  0.7663  0.7663  0.5667  0.6329  0.8070  0.4811  0.000040
epoch:25 0.7069  0.9426  0.7803  0.5452  0.5784  0.7237  0.6775  0.7489  0.7489  0.5571  0.6345  0.7783  0.4878  0.000040
epoch:26 0.6935  0.9425  0.7830  0.5783  0.5751  0.7105  0.6681  0.7414  0.7414  0.5952  0.6312  0.7719  0.4801  0.000040
epoch:27 0.7043  0.9428  0.7836  0.5449  0.5776  0.7281  0.6774  0.7485  0.7485  0.5571  0.6349  0.7827  0.4715  0.000040
epoch:28 0.7130  0.9439  0.7670  0.5452  0.5819  0.7386  0.6846  0.7551  0.7551  0.5571  0.6373  0.7903  0.5027  0.000040
epoch:29 0.7253  0.9432  0.7760  0.5452  0.5685  0.7598  0.6983  0.7691  0.7691  0.5571  0.6182  0.8201  0.4739  0.000040
epoch:30 0.7280  0.9455  0.7816  0.5498  0.5775  0.7603  0.6971  0.7706  0.7706  0.5619  0.6270  0.8149  0.4935  0.000040
epoch:31 0.7222  0.9442  0.7605  0.5452  0.5706  0.7535  0.6931  0.7639  0.7639  0.5571  0.6182  0.8057  0.4831  0.000040
epoch:32 0.7199  0.9456  0.7747  0.5403  0.5689  0.7488  0.6921  0.7626  0.7626  0.5524  0.6198  0.8054  0.4834  0.000040
epoch:33 0.7063  0.9437  0.7546  0.5452  0.5730  0.7320  0.6778  0.7498  0.7498  0.5571  0.6218  0.7910  0.4730  0.000040
epoch:34 0.7228  0.9416  0.7612  0.5498  0.5710  0.7476  0.6952  0.7672  0.7672  0.5619  0.6202  0.8027  0.4946  0.000040
epoch:35 0.7259  0.9454  0.7647  0.5502  0.5798  0.7535  0.6970  0.7684  0.7684  0.5619  0.6265  0.8043  0.4902  0.000040
epoch:36 0.7265  0.9448  0.7762  0.5502  0.5736  0.7524  0.6955  0.7672  0.7672  0.5619  0.6178  0.8120  0.4862  0.000040
epoch:37 0.7053  0.9363  0.7625  0.5502  0.5763  0.7286  0.6779  0.7481  0.7481  0.5619  0.6310  0.7826  0.4771  0.000040
epoch:38 0.7001  0.9431  0.7733  0.5548  0.5796  0.7236  0.6724  0.7453  0.7453  0.5667  0.6345  0.7824  0.4956  0.000040
epoch:39 0.7030  0.9469  0.7282  0.5403  0.5491  0.7363  0.6788  0.7461  0.7461  0.5524  0.5996  0.7914  0.4878  0.000040
epoch:40 0.7037  0.9441  0.7365  0.5356  0.5620  0.7280  0.6803  0.7507  0.7507  0.5476  0.6202  0.7924  0.4810  0.000040
epoch:41 0.7051  0.9431  0.7719  0.5502  0.5823  0.7258  0.6762  0.7475  0.7475  0.5619  0.6301  0.7852  0.4820  0.000040
epoch:42 0.7082  0.9419  0.7436  0.5551  0.5807  0.7261  0.6797  0.7520  0.7520  0.5667  0.6353  0.7794  0.4704  0.000040
epoch:43 0.7093  0.9423  0.7670  0.5452  0.5717  0.7334  0.6798  0.7515  0.7515  0.5571  0.6261  0.7921  0.4726  0.000040
epoch:44 0.7230  0.9440  0.7561  0.5452  0.5648  0.7517  0.6971  0.7673  0.7673  0.5571  0.6198  0.8093  0.4821  0.000040
epoch:45 0.7249  0.9431  0.7862  0.5452  0.5808  0.7467  0.6959  0.7673  0.7673  0.5571  0.6242  0.8037  0.4912  0.000040
epoch:46 0.7052  0.9431  0.7472  0.5409  0.5639  0.7282  0.6776  0.7487  0.7487  0.5488  0.6162  0.7892  0.4797  0.000040
epoch:47 0.7235  0.9442  0.7522  0.5409  0.5585  0.7489  0.6954  0.7656  0.7656  0.5488  0.6036  0.8095  0.4754  0.000040
epoch:48 0.6971  0.9333  0.7740  0.5498  0.5859  0.7089  0.6679  0.7416  0.7416  0.5619  0.6384  0.7671  0.4689  0.000040
epoch:49 0.7094  0.9433  0.7471  0.5581  0.5683  0.7344  0.6801  0.7512  0.7512  0.5571  0.6162  0.7926  0.4830  0.000040
epoch:50 0.7039  0.9440  0.7505  0.5498  0.5735  0.7292  0.6771  0.7488  0.7488  0.5619  0.6242  0.7876  0.4694  0.000040
epoch:51 0.6998  0.9423  0.7446  0.5498  0.5653  0.7234  0.6760  0.7471  0.7471  0.5619  0.6139  0.7853  0.4654  0.000040
epoch:52 0.7054  0.9431  0.7673  0.5597  0.5819  0.7304  0.6763  0.7486  0.7486  0.5714  0.6305  0.7879  0.4828  0.000040
epoch:53 0.7070  0.9414  0.7540  0.5677  0.5764  0.7278  0.6792  0.7514  0.7514  0.5667  0.6301  0.7868  0.4646  0.000040
epoch:54 0.7193  0.9447  0.7427  0.5452  0.5657  0.7484  0.6945  0.7653  0.7653  0.5571  0.6246  0.8052  0.4705  0.000040
epoch:55 0.7300  0.9438  0.7488  0.5581  0.5668  0.7588  0.6995  0.7712  0.7712  0.5571  0.6142  0.8156  0.4860  0.000040
epoch:56 0.7063  0.9440  0.7479  0.5498  0.5623  0.7337  0.6788  0.7499  0.7499  0.5619  0.6095  0.7924  0.4830  0.000040
epoch:57 0.7259  0.9454  0.7472  0.5403  0.5626  0.7612  0.6986  0.7699  0.7699  0.5524  0.6182  0.8165  0.4915  0.000040
epoch:58 0.7053  0.9419  0.7559  0.5498  0.5682  0.7310  0.6794  0.7508  0.7508  0.5619  0.6198  0.7953  0.4677  0.000040
epoch:59 0.7076  0.9430  0.7534  0.5548  0.5668  0.7343  0.6793  0.7507  0.7507  0.5667  0.6139  0.7916  0.4808  0.000040
epoch:60 0.7091  0.9452  0.7529  0.5452  0.5665  0.7320  0.6827  0.7532  0.7532  0.5571  0.6198  0.7876  0.4712  0.000040
epoch:61 0.7080  0.9441  0.7572  0.5581  0.5551  0.7394  0.6793  0.7501  0.7501  0.5571  0.6079  0.7923  0.4878  0.000040
epoch:62 0.7107  0.9426  0.7516  0.5581  0.5648  0.7354  0.6824  0.7545  0.7545  0.5571  0.6178  0.7934  0.4796  0.000040
epoch:63 0.6933  0.9437  0.7550  0.5627  0.5777  0.7193  0.6629  0.7375  0.7375  0.5619  0.6349  0.7775  0.4799  0.000040
epoch:64 0.7107  0.9450  0.7547  0.5726  0.5718  0.7373  0.6801  0.7518  0.7518  0.5714  0.6242  0.7916  0.4819  0.000040
epoch:65 0.7012  0.9436  0.7570  0.5499  0.5704  0.7276  0.6761  0.7480  0.7480  0.5667  0.6178  0.7901  0.4666  0.000040
epoch:66 0.7030  0.9427  0.7520  0.5452  0.5701  0.7226  0.6747  0.7452  0.7452  0.5571  0.6134  0.7808  0.4769  0.000040
epoch:67 0.7015  0.9421  0.7572  0.5677  0.5739  0.7278  0.6764  0.7484  0.7484  0.5667  0.6218  0.7903  0.4895  0.000040
epoch:68 0.7237  0.9452  0.7472  0.5581  0.5524  0.7566  0.6970  0.7684  0.7684  0.5571  0.6051  0.8183  0.4817  0.000040
epoch:69 0.7061  0.9439  0.7415  0.5581  0.5632  0.7316  0.6788  0.7499  0.7499  0.5571  0.6162  0.7903  0.4661  0.000040
epoch:70 0.7242  0.9427  0.7661  0.5581  0.5768  0.7506  0.6927  0.7665  0.7665  0.5571  0.6305  0.8069  0.4606  0.000040
epoch:71 0.7010  0.9352  0.7419  0.5542  0.5511  0.7256  0.6779  0.7461  0.7461  0.5571  0.6115  0.7812  0.4576  0.000040
epoch:72 0.7077  0.9436  0.7419  0.5485  0.5484  0.7386  0.6783  0.7488  0.7488  0.5476  0.5996  0.7884  0.4912  0.000040
epoch:73 0.7062  0.9436  0.7482  0.5581  0.5769  0.7258  0.6763  0.7512  0.7512  0.5571  0.6349  0.7860  0.4717  0.000040
epoch:74 0.7056  0.9440  0.7575  0.5627  0.5746  0.7274  0.6792  0.7520  0.7520  0.5619  0.6285  0.7863  0.4624  0.000040
epoch:75 0.7196  0.9423  0.7457  0.5627  0.5637  0.7411  0.6894  0.7639  0.7639  0.5619  0.6143  0.8041  0.4669  0.000040
epoch:76 0.6936  0.9424  0.7556  0.5589  0.5535  0.7165  0.6699  0.7409  0.7409  0.5619  0.6063  0.7779  0.4749  0.000040
epoch:77 0.7268  0.9459  0.7602  0.5581  0.5702  0.7530  0.6994  0.7710  0.7710  0.5571  0.6265  0.8090  0.4656  0.000040
epoch:78 0.7069  0.9442  0.7521  0.5627  0.5582  0.7363  0.6787  0.7501  0.7501  0.5619  0.6158  0.7905  0.4679  0.000040
epoch:79 0.7051  0.9347  0.7500  0.5581  0.5629  0.7340  0.6820  0.7502  0.7502  0.5571  0.6162  0.7937  0.4786  0.000040
epoch:80 0.7039  0.9425  0.7518  0.5581  0.5714  0.7254  0.6761  0.7478  0.7478  0.5571  0.6202  0.7821  0.4743  0.000040
epoch:81 0.7192  0.9425  0.7454  0.5581  0.5624  0.7488  0.6936  0.7647  0.7647  0.5571  0.6158  0.8083  0.4726  0.000040
epoch:82 0.7100  0.9436  0.7711  0.5677  0.5812  0.7344  0.6792  0.7539  0.7539  0.5667  0.6373  0.7913  0.4790  0.000040
epoch:83 0.6989  0.9424  0.7549  0.5677  0.5703  0.7249  0.6732  0.7478  0.7478  0.5667  0.6246  0.7877  0.4568  0.000040
epoch:84 0.7088  0.9446  0.7439  0.5581  0.5655  0.7389  0.6816  0.7530  0.7530  0.5571  0.6162  0.7984  0.4670  0.000040
epoch:85 0.7051  0.9423  0.7453  0.5630  0.5565  0.7359  0.6794  0.7508  0.7508  0.5619  0.6091  0.7945  0.4722  0.000040
epoch:86 0.7044  0.9444  0.7480  0.5644  0.5624  0.7244  0.6759  0.7463  0.7463  0.5631  0.6222  0.7760  0.4807  0.000040
epoch:87 0.6981  0.9353  0.7530  0.5535  0.5803  0.7182  0.6714  0.7425  0.7425  0.5524  0.6285  0.7752  0.4695  0.000040
epoch:88 0.6978  0.9413  0.7495  0.5677  0.5671  0.7211  0.6742  0.7450  0.7450  0.5667  0.6222  0.7803  0.4859  0.000040
epoch:89 0.7056  0.9347  0.7477  0.5627  0.5762  0.7306  0.6777  0.7491  0.7491  0.5619  0.6325  0.7894  0.4825  0.000040
epoch:90 0.7126  0.9442  0.7605  0.5535  0.5665  0.7420  0.6851  0.7562  0.7562  0.5524  0.6202  0.7947  0.4613  0.000040
epoch:91 0.7083  0.9434  0.7528  0.5535  0.5716  0.7347  0.6807  0.7518  0.7518  0.5524  0.6289  0.7903  0.4805  0.000040
epoch:92 0.7065  0.9430  0.7552  0.5535  0.5575  0.7387  0.6797  0.7505  0.7505  0.5524  0.6075  0.7974  0.4667  0.000040
epoch:93 0.7013  0.9429  0.7475  0.5726  0.5677  0.7209  0.6745  0.7475  0.7475  0.5714  0.6246  0.7723  0.4732  0.000040
epoch:94 0.7274  0.9436  0.7539  0.5581  0.5633  0.7581  0.7016  0.7727  0.7727  0.5571  0.6158  0.8161  0.4680  0.000040
epoch:95 0.7099  0.9428  0.7377  0.5535  0.5636  0.7396  0.6809  0.7534  0.7534  0.5524  0.6162  0.7961  0.4587  0.000040
epoch:96 0.7098  0.9441  0.7515  0.5535  0.5692  0.7423  0.6836  0.7547  0.7547  0.5524  0.6289  0.7958  0.4753  0.000040
epoch:97 0.6945  0.9429  0.7447  0.5639  0.5689  0.7125  0.6719  0.7453  0.7453  0.5667  0.6325  0.7721  0.4604  0.000040
epoch:98 0.7255  0.9433  0.7411  0.5630  0.5652  0.7557  0.6999  0.7713  0.7713  0.5619  0.6222  0.8162  0.4846  0.000040
epoch:99 0.7350  0.9436  0.7537  0.5581  0.5679  0.7685  0.7083  0.7797  0.7797  0.5571  0.6230  0.8243  0.4850  0.000040
epoch:100 0.7024  0.9441  0.7598  0.5581  0.5697  0.7250  0.6742  0.7456  0.7456  0.5571  0.6162  0.7866  0.4709  0.000040
epoch:101 0.7136  0.9462  0.7553  0.5446  0.5651  0.7406  0.6822  0.7580  0.7580  0.5440  0.6118  0.8034  0.4717  0.000040
epoch:102 0.7249  0.9417  0.7379  0.5535  0.5621  0.7507  0.6983  0.7694  0.7694  0.5524  0.6182  0.8069  0.4678  0.000040
epoch:103 0.7266  0.9448  0.7417  0.5535  0.5700  0.7550  0.6995  0.7706  0.7706  0.5524  0.6270  0.8138  0.4638  0.000040
epoch:104 0.6989  0.9411  0.7484  0.5535  0.5773  0.7246  0.6706  0.7473  0.7473  0.5524  0.6349  0.7874  0.4797  0.000040
epoch:105 0.7102  0.9451  0.7509  0.5498  0.5688  0.7360  0.6820  0.7534  0.7534  0.5488  0.6270  0.7950  0.4688  0.000040
epoch:106 0.7019  0.9424  0.7443  0.5680  0.5664  0.7187  0.6716  0.7453  0.7453  0.5667  0.6222  0.7696  0.4690  0.000040
epoch:107 0.7241  0.9451  0.7456  0.5584  0.5532  0.7605  0.6935  0.7678  0.7678  0.5571  0.5972  0.8223  0.4724  0.000040
epoch:108 0.6960  0.9418  0.7506  0.5492  0.5729  0.7137  0.6696  0.7430  0.7430  0.5524  0.6325  0.7667  0.4770  0.000040
epoch:109 0.7301  0.9448  0.7560  0.5535  0.5730  0.7592  0.7015  0.7729  0.7729  0.5524  0.6265  0.8149  0.4781  0.000040
epoch:110 0.7068  0.9425  0.7378  0.5535  0.5544  0.7332  0.6775  0.7483  0.7483  0.5524  0.6036  0.7881  0.4751  0.000040
epoch:111 0.7083  0.9438  0.7478  0.5584  0.5487  0.7395  0.6805  0.7519  0.7519  0.5571  0.5936  0.8008  0.4655  0.000040
epoch:112 0.6949  0.9416  0.7524  0.5578  0.5706  0.7159  0.6726  0.7446  0.7446  0.5571  0.6218  0.7752  0.4763  0.000040
epoch:113 0.7046  0.9347  0.7406  0.5677  0.5745  0.7263  0.6817  0.7504  0.7504  0.5667  0.6310  0.7855  0.4616  0.000040
epoch:114 0.7011  0.9418  0.7487  0.5406  0.5706  0.7246  0.6750  0.7485  0.7485  0.5524  0.6162  0.7911  0.4775  0.000040
epoch:115 0.7258  0.9455  0.7491  0.5581  0.5674  0.7509  0.6960  0.7704  0.7704  0.5571  0.6202  0.8122  0.4628  0.000040
epoch:116 0.7020  0.9343  0.7411  0.5677  0.5682  0.7306  0.6788  0.7479  0.7479  0.5667  0.6162  0.7897  0.4632  0.000040
epoch:117 0.7082  0.9419  0.7449  0.5535  0.5717  0.7302  0.6821  0.7522  0.7522  0.5524  0.6265  0.7799  0.4679  0.000040
epoch:118 0.6801  0.9409  0.7504  0.5639  0.5711  0.6978  0.6546  0.7283  0.7283  0.5667  0.6265  0.7554  0.4838  0.000040
epoch:119 0.7222  0.9450  0.7501  0.5535  0.5606  0.7550  0.6914  0.7648  0.7648  0.5524  0.6139  0.8066  0.4706  0.000040
epoch:120 0.7240  0.9415  0.7485  0.5498  0.5612  0.7485  0.6951  0.7658  0.7658  0.5619  0.6075  0.8027  0.4840  0.000040
epoch:121 0.7136  0.9448  0.7542  0.5498  0.5627  0.7470  0.6863  0.7580  0.7580  0.5488  0.6206  0.8066  0.4609  0.000040
epoch:122 0.7122  0.9416  0.7480  0.5535  0.5741  0.7394  0.6850  0.7557  0.7557  0.5524  0.6285  0.7990  0.4716  0.000040
epoch:123 0.7075  0.9421  0.7510  0.5419  0.5756  0.7348  0.6795  0.7531  0.7531  0.5536  0.6345  0.7932  0.4644  0.000040
epoch:124 0.7055  0.9404  0.7429  0.5455  0.5764  0.7250  0.6815  0.7504  0.7504  0.5571  0.6310  0.7820  0.4694  0.000040
epoch:125 0.7111  0.9440  0.7513  0.5419  0.5681  0.7431  0.6844  0.7558  0.7558  0.5536  0.6329  0.7982  0.4658  0.000040
epoch:126 0.7130  0.9409  0.7503  0.5406  0.5760  0.7385  0.6874  0.7591  0.7591  0.5524  0.6289  0.8011  0.4800  0.000040
epoch:127 0.6961  0.9425  0.7455  0.5630  0.5809  0.7127  0.6708  0.7415  0.7415  0.5619  0.6345  0.7639  0.4545  0.000040
epoch:128 0.7099  0.9431  0.7412  0.5455  0.5764  0.7385  0.6814  0.7554  0.7554  0.5571  0.6310  0.7961  0.4870  0.000040
epoch:129 0.6898  0.9422  0.7493  0.5556  0.5615  0.7097  0.6662  0.7393  0.7393  0.5583  0.6194  0.7679  0.4654  0.000040
epoch:130 0.7125  0.9417  0.7483  0.5535  0.5700  0.7464  0.6857  0.7575  0.7575  0.5524  0.6230  0.8048  0.4650  0.000040
epoch:131 0.7069  0.9437  0.7480  0.5406  0.5693  0.7279  0.6748  0.7515  0.7515  0.5524  0.6182  0.7841  0.4711  0.000040
epoch:132 0.7222  0.9423  0.7475  0.5535  0.5739  0.7398  0.6922  0.7659  0.7659  0.5524  0.6246  0.7924  0.4677  0.000040
epoch:133 0.6965  0.9431  0.7449  0.5597  0.5716  0.7144  0.6722  0.7438  0.7438  0.5583  0.6349  0.7673  0.4699  0.000040
epoch:134 0.7242  0.9446  0.7377  0.5581  0.5525  0.7575  0.6983  0.7697  0.7697  0.5571  0.6015  0.8183  0.4595  0.000040
epoch:135 0.6978  0.9347  0.7435  0.5559  0.5655  0.7157  0.6737  0.7418  0.7418  0.5583  0.6246  0.7686  0.4598  0.000040
epoch:136 0.7040  0.9423  0.7378  0.5373  0.5646  0.7248  0.6747  0.7496  0.7496  0.5488  0.6265  0.7815  0.4649  0.000040
epoch:137 0.7217  0.9440  0.7428  0.5485  0.5690  0.7428  0.6940  0.7645  0.7645  0.5476  0.6162  0.7966  0.4648  0.000040
epoch:138 0.7271  0.9436  0.7535  0.5677  0.5659  0.7510  0.6971  0.7678  0.7678  0.5667  0.6162  0.8030  0.4662  0.000040
epoch:139 0.7045  0.9418  0.7462  0.5296  0.5690  0.7310  0.6806  0.7508  0.7508  0.5440  0.6207  0.7929  0.4598  0.000040
epoch:140 0.7118  0.9419  0.7515  0.5556  0.5629  0.7347  0.6880  0.7590  0.7590  0.5583  0.6194  0.7927  0.4600  0.000040
epoch:141 0.7055  0.9418  0.7378  0.5463  0.5637  0.7289  0.6789  0.7500  0.7500  0.5619  0.6143  0.7852  0.4570  0.000040
epoch:142 0.7130  0.9440  0.7472  0.5502  0.5739  0.7428  0.6839  0.7562  0.7562  0.5619  0.6261  0.7974  0.4586  0.000040
epoch:143 0.7016  0.9407  0.7492  0.5477  0.5564  0.7334  0.6769  0.7505  0.7505  0.5631  0.6198  0.7918  0.4631  0.000040
epoch:144 0.7127  0.9417  0.7536  0.5452  0.5719  0.7398  0.6845  0.7549  0.7549  0.5571  0.6186  0.7881  0.4545  0.000040
epoch:145 0.7060  0.9454  0.7378  0.5485  0.5677  0.7372  0.6813  0.7535  0.7535  0.5476  0.6202  0.7960  0.4622  0.000040
epoch:146 0.7086  0.9427  0.7423  0.5409  0.5691  0.7375  0.6808  0.7516  0.7516  0.5488  0.6162  0.7932  0.4663  0.000040
epoch:147 0.7184  0.9415  0.7479  0.5498  0.5742  0.7364  0.6931  0.7642  0.7642  0.5619  0.6286  0.7929  0.4597  0.000040
epoch:148 0.7293  0.9423  0.7492  0.5406  0.5667  0.7640  0.7020  0.7731  0.7731  0.5524  0.6186  0.8196  0.4656  0.000040
epoch:149 0.7191  0.9396  0.7477  0.5370  0.5681  0.7489  0.6921  0.7652  0.7652  0.5488  0.6250  0.8054  0.4583  0.000040
epoch:150 0.7241  0.9399  0.7454  0.5452  0.5736  0.7498  0.6991  0.7695  0.7695  0.5571  0.6265  0.8080  0.4680  0.000040
epoch:151 0.7242  0.9425  0.7504  0.5452  0.5627  0.7577  0.6995  0.7709  0.7709  0.5571  0.6158  0.8193  0.4637  0.000040
epoch:152 0.7213  0.9425  0.7395  0.5495  0.5619  0.7469  0.6954  0.7662  0.7662  0.5488  0.6198  0.8024  0.4553  0.000040
epoch:153 0.7048  0.9435  0.7360  0.5406  0.5609  0.7393  0.6774  0.7488  0.7488  0.5524  0.6118  0.7956  0.4527  0.000040
epoch:154 0.7222  0.9402  0.7432  0.5455  0.5700  0.7418  0.6948  0.7643  0.7643  0.5571  0.6182  0.7969  0.4625  0.000040
epoch:155 0.7106  0.9452  0.7575  0.5502  0.5742  0.7404  0.6830  0.7547  0.7547  0.5488  0.6328  0.7990  0.4678  0.000040
epoch:156 0.7042  0.9413  0.7416  0.5454  0.5619  0.7295  0.6758  0.7489  0.7489  0.5476  0.6099  0.7879  0.4775  0.000040
epoch:157 0.7017  0.9352  0.7429  0.5356  0.5436  0.7373  0.6758  0.7466  0.7466  0.5476  0.5920  0.7953  0.4598  0.000040
epoch:158 0.7054  0.9423  0.7556  0.5560  0.5725  0.7278  0.6765  0.7481  0.7481  0.5714  0.6254  0.7831  0.4498  0.000040
epoch:159 0.7048  0.9440  0.7534  0.5294  0.5665  0.7291  0.6782  0.7499  0.7499  0.5452  0.6246  0.7863  0.4734  0.000040
epoch:160 0.7209  0.9420  0.7253  0.5274  0.5533  0.7579  0.6968  0.7676  0.7676  0.5393  0.6099  0.8157  0.4644  0.000040
epoch:161 0.7002  0.9418  0.7569  0.5893  0.5732  0.7245  0.6742  0.7461  0.7461  0.6048  0.6254  0.7826  0.4541  0.000040
epoch:162 0.7268  0.9398  0.7520  0.5406  0.5637  0.7570  0.6999  0.7703  0.7703  0.5524  0.6158  0.8135  0.4538  0.000040
epoch:163 0.7075  0.9438  0.7541  0.5502  0.5805  0.7342  0.6786  0.7506  0.7506  0.5619  0.6281  0.7937  0.4588  0.000040
epoch:164 0.7065  0.9429  0.7506  0.5470  0.5772  0.7258  0.6802  0.7509  0.7509  0.5619  0.6325  0.7826  0.4615  0.000040
epoch:165 0.7265  0.9431  0.7593  0.5548  0.5745  0.7548  0.6985  0.7711  0.7711  0.5667  0.6261  0.8162  0.4600  0.000040
epoch:166 0.7272  0.9445  0.7369  0.5455  0.5634  0.7558  0.6945  0.7692  0.7692  0.5571  0.6099  0.8109  0.4504  0.000040
epoch:167 0.7094  0.9438  0.7536  0.5419  0.5801  0.7352  0.6819  0.7529  0.7529  0.5536  0.6368  0.7903  0.4556  0.000040
epoch:168 0.7103  0.9457  0.7511  0.5452  0.5655  0.7397  0.6838  0.7555  0.7555  0.5571  0.6202  0.7981  0.4742  0.000040
epoch:169 0.7212  0.9412  0.7496  0.5323  0.5647  0.7434  0.6944  0.7642  0.7642  0.5440  0.6246  0.7961  0.4727  0.000040
epoch:170 0.7030  0.9451  0.7428  0.5373  0.5660  0.7282  0.6740  0.7451  0.7451  0.5488  0.6226  0.7794  0.4722  0.000040
epoch:171 0.7246  0.9421  0.7328  0.5455  0.5522  0.7614  0.7014  0.7728  0.7728  0.5571  0.6055  0.8238  0.4536  0.000040
epoch:172 0.7251  0.9417  0.7568  0.5296  0.5717  0.7582  0.6998  0.7706  0.7706  0.5440  0.6242  0.8193  0.4600  0.000040
epoch:173 0.7161  0.9336  0.7495  0.5244  0.5744  0.7427  0.6900  0.7597  0.7597  0.5405  0.6305  0.7971  0.4602  0.000040
epoch:174 0.7038  0.9433  0.7470  0.5356  0.5833  0.7310  0.6756  0.7491  0.7491  0.5476  0.6349  0.7893  0.4652  0.000040
epoch:175 0.7224  0.9426  0.7402  0.5502  0.5656  0.7503  0.6961  0.7675  0.7675  0.5619  0.6139  0.8085  0.4661  0.000040
epoch:176 0.7052  0.9387  0.7493  0.5413  0.5749  0.7239  0.6749  0.7491  0.7491  0.5571  0.6266  0.7802  0.4630  0.000040
epoch:177 0.7024  0.9421  0.7356  0.5406  0.5508  0.7385  0.6794  0.7505  0.7505  0.5524  0.6134  0.7942  0.4690  0.000040
epoch:178 0.7198  0.9425  0.7263  0.5274  0.5489  0.7568  0.6973  0.7705  0.7705  0.5393  0.6119  0.8135  0.4571  0.000040
epoch:179 0.7247  0.9409  0.7450  0.5452  0.5502  0.7586  0.6981  0.7692  0.7692  0.5571  0.5996  0.8185  0.4458  0.000040
epoch:180 0.7026  0.9427  0.7342  0.5217  0.5658  0.7255  0.6786  0.7482  0.7482  0.5405  0.6246  0.7792  0.4546  0.000040
epoch:181 0.7034  0.9330  0.7439  0.5406  0.5536  0.7335  0.6829  0.7516  0.7516  0.5524  0.6178  0.7886  0.4599  0.000040
epoch:182 0.7041  0.9397  0.7501  0.5548  0.5680  0.7280  0.6779  0.7473  0.7473  0.5667  0.6139  0.7873  0.4500  0.000040
epoch:183 0.6980  0.9401  0.7468  0.5627  0.5725  0.7227  0.6733  0.7433  0.7433  0.5786  0.6329  0.7792  0.4603  0.000040
epoch:184 0.6985  0.9432  0.7481  0.5477  0.5692  0.7201  0.6728  0.7444  0.7444  0.5631  0.6277  0.7755  0.4608  0.000040
epoch:185 0.7086  0.9457  0.7441  0.5419  0.5684  0.7400  0.6801  0.7524  0.7524  0.5536  0.6285  0.7931  0.4690  0.000040
epoch:186 0.7048  0.9435  0.7397  0.5455  0.5637  0.7359  0.6801  0.7505  0.7505  0.5571  0.6158  0.7963  0.4564  0.000040
epoch:187 0.7001  0.9432  0.7446  0.5465  0.5594  0.7286  0.6738  0.7448  0.7448  0.5583  0.6139  0.7848  0.4588  0.000040
epoch:188 0.7084  0.9429  0.7366  0.5373  0.5652  0.7411  0.6835  0.7549  0.7549  0.5488  0.6265  0.7976  0.4539  0.000040
epoch:189 0.7033  0.9436  0.7605  0.5452  0.5728  0.7339  0.6771  0.7487  0.7487  0.5571  0.6261  0.7898  0.4542  0.000040
epoch:190 0.7287  0.9406  0.7462  0.5406  0.5578  0.7667  0.7021  0.7719  0.7719  0.5524  0.6119  0.8246  0.4611  0.000040
epoch:191 0.7057  0.9339  0.7372  0.5406  0.5519  0.7325  0.6824  0.7499  0.7499  0.5524  0.6055  0.7879  0.4594  0.000040
epoch:192 0.7019  0.9434  0.7357  0.5323  0.5624  0.7333  0.6782  0.7490  0.7490  0.5440  0.6162  0.7871  0.4506  0.000040
epoch:193 0.6958  0.9425  0.7438  0.5248  0.5707  0.7146  0.6702  0.7409  0.7409  0.5405  0.6282  0.7657  0.4457  0.000040
epoch:194 0.7048  0.9417  0.7471  0.5406  0.5711  0.7369  0.6773  0.7507  0.7507  0.5524  0.6202  0.7934  0.4557  0.000040
epoch:195 0.7288  0.9435  0.7512  0.5406  0.5622  0.7605  0.7005  0.7716  0.7716  0.5524  0.6162  0.8109  0.4491  0.000040
epoch:196 0.6922  0.9338  0.7347  0.5413  0.5770  0.7218  0.6652  0.7375  0.7375  0.5488  0.6329  0.7807  0.4345  0.000040
epoch:197 0.7041  0.9426  0.7506  0.5708  0.5838  0.7231  0.6792  0.7490  0.7490  0.5857  0.6329  0.7771  0.4530  0.000040
epoch:198 0.7118  0.9424  0.7476  0.5789  0.5735  0.7417  0.6849  0.7553  0.7553  0.5905  0.6265  0.7950  0.4524  0.000040
epoch:199 0.7194  0.9415  0.7444  0.5455  0.5805  0.7354  0.6930  0.7627  0.7627  0.5571  0.6329  0.7884  0.4474  0.000040
epoch:200 0.6962  0.9414  0.7527  0.5761  0.5801  0.7169  0.6718  0.7431  0.7431  0.5917  0.6384  0.7736  0.4547  0.000040
epoch:201 0.7076  0.9415  0.7454  0.5413  0.5691  0.7394  0.6817  0.7518  0.7518  0.5488  0.6210  0.7876  0.4513  0.000040
epoch:202 0.7207  0.9425  0.7373  0.5373  0.5567  0.7480  0.6952  0.7657  0.7657  0.5488  0.6163  0.8035  0.4512  0.000040
epoch:203 0.7044  0.9429  0.7448  0.5392  0.5654  0.7299  0.6772  0.7501  0.7501  0.5536  0.6242  0.7860  0.4543  0.000040
epoch:204 0.6991  0.9401  0.7439  0.5331  0.5520  0.7256  0.6747  0.7454  0.7454  0.5488  0.6174  0.7773  0.4585  0.000040
epoch:205 0.7042  0.9427  0.7362  0.5455  0.5574  0.7414  0.6786  0.7503  0.7503  0.5571  0.6075  0.7956  0.4394  0.000040
epoch:206 0.7293  0.9434  0.7565  0.5455  0.5745  0.7664  0.7018  0.7732  0.7732  0.5571  0.6265  0.8162  0.4737  0.000040
epoch:207 0.7283  0.9438  0.7405  0.5406  0.5626  0.7637  0.6978  0.7689  0.7689  0.5524  0.6123  0.8101  0.4539  0.000040
epoch:208 0.7018  0.9416  0.7458  0.5292  0.5668  0.7238  0.6767  0.7468  0.7468  0.5440  0.6301  0.7757  0.4584  0.000040
epoch:209 0.7089  0.9410  0.7477  0.5455  0.5750  0.7352  0.6799  0.7522  0.7522  0.5571  0.6242  0.7918  0.4443  0.000040
epoch:210 0.7218  0.9436  0.7315  0.5455  0.5571  0.7594  0.6987  0.7704  0.7704  0.5571  0.6134  0.8156  0.4554  0.000040
epoch:211 0.6955  0.9411  0.7464  0.5438  0.5654  0.7231  0.6732  0.7451  0.7451  0.5583  0.6325  0.7808  0.4655  0.000040
epoch:212 0.7071  0.9406  0.7420  0.5455  0.5617  0.7401  0.6844  0.7562  0.7562  0.5571  0.6226  0.7942  0.4551  0.000040
epoch:213 0.7265  0.9432  0.7492  0.5502  0.5674  0.7569  0.6983  0.7706  0.7706  0.5619  0.6182  0.8088  0.4562  0.000040
epoch:214 0.7158  0.9328  0.7481  0.5505  0.5690  0.7435  0.6875  0.7599  0.7599  0.5619  0.6174  0.8009  0.4641  0.000040
epoch:215 0.7261  0.9450  0.7308  0.5413  0.5537  0.7663  0.6992  0.7706  0.7706  0.5488  0.6039  0.8201  0.4447  0.000040
epoch:216 0.7176  0.9389  0.7313  0.5455  0.5649  0.7435  0.6938  0.7656  0.7656  0.5571  0.6163  0.8022  0.4627  0.000040
epoch:217 0.6945  0.9395  0.7358  0.5248  0.5564  0.7277  0.6730  0.7442  0.7442  0.5405  0.6262  0.7858  0.4432  0.000040
epoch:218 0.7143  0.9431  0.7473  0.5294  0.5689  0.7396  0.6841  0.7608  0.7608  0.5452  0.6286  0.7977  0.4480  0.000040
epoch:219 0.6820  0.9423  0.7490  0.5438  0.5696  0.7092  0.6596  0.7309  0.7309  0.5583  0.6325  0.7688  0.4469  0.000040
epoch:220 0.7034  0.9427  0.7392  0.5551  0.5688  0.7270  0.6758  0.7501  0.7501  0.5667  0.6277  0.7815  0.4504  0.000040
epoch:221 0.7210  0.9429  0.7280  0.5345  0.5642  0.7604  0.6990  0.7701  0.7701  0.5488  0.6230  0.8114  0.4383  0.000040
epoch:222 0.7063  0.9422  0.7426  0.5373  0.5401  0.7449  0.6788  0.7505  0.7505  0.5488  0.5948  0.8003  0.4545  0.000040
epoch:223 0.7089  0.9415  0.7454  0.5363  0.5717  0.7456  0.6817  0.7548  0.7548  0.5440  0.6246  0.8016  0.4435  0.000040
epoch:224 0.7021  0.9434  0.7370  0.5373  0.5676  0.7322  0.6760  0.7455  0.7455  0.5488  0.6266  0.7844  0.4575  0.000040
epoch:225 0.7234  0.9345  0.7196  0.5406  0.5448  0.7665  0.7008  0.7706  0.7706  0.5524  0.6032  0.8251  0.4385  0.000040
epoch:226 0.6956  0.9410  0.7393  0.5520  0.5597  0.7229  0.6741  0.7445  0.7445  0.5667  0.6179  0.7797  0.4511  0.000040
epoch:227 0.7089  0.9438  0.7449  0.5455  0.5764  0.7327  0.6777  0.7521  0.7521  0.5571  0.6305  0.7879  0.4672  0.000040
epoch:228 0.7047  0.9404  0.7408  0.5392  0.5687  0.7303  0.6797  0.7488  0.7488  0.5536  0.6143  0.7847  0.4540  0.000040
epoch:229 0.7238  0.9435  0.7369  0.5502  0.5645  0.7566  0.6997  0.7717  0.7717  0.5619  0.6242  0.8138  0.4369  0.000040
epoch:230 0.7261  0.9420  0.7450  0.5345  0.5772  0.7563  0.6991  0.7698  0.7698  0.5488  0.6313  0.8095  0.4579  0.000040
epoch:231 0.7069  0.9436  0.7473  0.5455  0.5648  0.7411  0.6815  0.7532  0.7532  0.5571  0.6158  0.8005  0.4532  0.000040
epoch:232 0.7039  0.9425  0.7365  0.5373  0.5761  0.7312  0.6790  0.7500  0.7500  0.5488  0.6349  0.7820  0.4501  0.000040
epoch:233 0.7218  0.9428  0.7323  0.5345  0.5643  0.7599  0.6961  0.7696  0.7696  0.5488  0.6226  0.8125  0.4445  0.000040
epoch:234 0.7071  0.9434  0.7396  0.5455  0.5721  0.7371  0.6804  0.7512  0.7512  0.5571  0.6226  0.7900  0.4483  0.000040
epoch:235 0.7258  0.9439  0.7377  0.5314  0.5519  0.7608  0.6955  0.7660  0.7660  0.5393  0.6015  0.8053  0.4591  0.000040
epoch:236 0.7077  0.9433  0.7354  0.5455  0.5774  0.7365  0.6809  0.7520  0.7520  0.5571  0.6329  0.7860  0.4555  0.000040
epoch:237 0.7031  0.9443  0.7359  0.5413  0.5683  0.7305  0.6776  0.7480  0.7480  0.5488  0.6258  0.7855  0.4440  0.000040
epoch:238 0.6766  0.9349  0.7372  0.5392  0.5702  0.7036  0.6546  0.7260  0.7260  0.5536  0.6282  0.7610  0.4610  0.000040
epoch:239 0.7018  0.9416  0.7432  0.5424  0.5668  0.7261  0.6777  0.7478  0.7478  0.5571  0.6222  0.7787  0.4490  0.000040
epoch:240 0.7098  0.9438  0.7472  0.5345  0.5703  0.7455  0.6823  0.7534  0.7534  0.5488  0.6143  0.7976  0.4407  0.000040
epoch:241 0.6996  0.9435  0.7399  0.5345  0.5711  0.7316  0.6756  0.7486  0.7486  0.5488  0.6301  0.7898  0.4450  0.000040
epoch:242 0.7063  0.9419  0.7396  0.5345  0.5729  0.7397  0.6808  0.7519  0.7519  0.5488  0.6246  0.7918  0.4408  0.000040
epoch:243 0.7069  0.9409  0.7359  0.5345  0.5673  0.7422  0.6831  0.7516  0.7516  0.5488  0.6230  0.7908  0.4490  0.000040
epoch:244 0.7102  0.9433  0.7373  0.5455  0.5709  0.7406  0.6804  0.7545  0.7545  0.5571  0.6167  0.7955  0.4469  0.000040
epoch:245 0.7256  0.9437  0.7331  0.5455  0.5650  0.7556  0.6980  0.7691  0.7691  0.5571  0.6167  0.8037  0.4518  0.000040
epoch:246 0.6883  0.9350  0.7326  0.5455  0.5664  0.7158  0.6606  0.7339  0.7339  0.5571  0.6214  0.7728  0.4527  0.000040
epoch:247 0.7033  0.9424  0.7385  0.5425  0.5704  0.7294  0.6724  0.7484  0.7484  0.5571  0.6258  0.7852  0.4576  0.000040
epoch:248 0.6984  0.9342  0.7317  0.5345  0.5662  0.7327  0.6778  0.7456  0.7456  0.5488  0.6143  0.7884  0.4501  0.000040
epoch:249 0.7044  0.9448  0.7391  0.5248  0.5431  0.7370  0.6764  0.7480  0.7480  0.5405  0.5996  0.7854  0.4322  0.000040
epoch:250 0.7118  0.9441  0.7575  0.5413  0.5769  0.7450  0.6827  0.7547  0.7547  0.5488  0.6221  0.7987  0.4499  0.000040
epoch:251 0.7206  0.9375  0.7360  0.5425  0.5631  0.7488  0.6940  0.7668  0.7668  0.5571  0.6198  0.8045  0.4531  0.000040
epoch:252 0.7103  0.9416  0.7473  0.5455  0.5689  0.7470  0.6835  0.7533  0.7533  0.5571  0.6123  0.8008  0.4504  0.000040
epoch:253 0.7261  0.9442  0.7468  0.5345  0.5755  0.7623  0.6996  0.7710  0.7710  0.5488  0.6270  0.8135  0.4421  0.000040
epoch:254 0.7273  0.9429  0.7434  0.5455  0.5664  0.7627  0.6980  0.7718  0.7718  0.5571  0.6119  0.8162  0.4482  0.000040
epoch:255 0.7122  0.9393  0.7497  0.5721  0.5666  0.7350  0.6897  0.7609  0.7609  0.5869  0.6282  0.7932  0.4654  0.000040
epoch:256 0.6970  0.9328  0.7510  0.5804  0.5673  0.7150  0.6739  0.7426  0.7426  0.5952  0.6198  0.7697  0.4494  0.000040
epoch:257 0.7268  0.9378  0.7466  0.5413  0.5700  0.7591  0.6940  0.7681  0.7681  0.5488  0.6183  0.8079  0.4441  0.000040
epoch:258 0.7041  0.9432  0.7437  0.5303  0.5662  0.7375  0.6769  0.7501  0.7501  0.5405  0.6183  0.7945  0.4533  0.000040
epoch:259 0.7201  0.9408  0.7250  0.5345  0.5571  0.7583  0.6957  0.7671  0.7671  0.5488  0.6055  0.8165  0.4360  0.000040
epoch:260 0.7245  0.9354  0.7709  0.5330  0.5616  0.7586  0.6968  0.7669  0.7669  0.5405  0.6162  0.8061  0.4484  0.000040
epoch:261 0.7240  0.9414  0.7415  0.5406  0.5539  0.7619  0.6983  0.7678  0.7678  0.5524  0.6000  0.8154  0.4434  0.000040
epoch:262 0.7234  0.9422  0.7534  0.5296  0.5525  0.7561  0.6956  0.7668  0.7668  0.5440  0.6020  0.8022  0.4390  0.000040
epoch:263 0.7239  0.9429  0.7390  0.5422  0.5660  0.7544  0.6948  0.7683  0.7683  0.5536  0.6250  0.8024  0.4424  0.000040
epoch:264 0.7207  0.9370  0.7324  0.5406  0.5408  0.7632  0.6940  0.7651  0.7651  0.5524  0.5901  0.8178  0.4229  0.000040
epoch:265 0.7287  0.9433  0.7436  0.5455  0.5763  0.7619  0.7011  0.7712  0.7712  0.5571  0.6246  0.8117  0.4408  0.000040
epoch:266 0.7197  0.9446  0.7418  0.5455  0.5706  0.7520  0.6914  0.7651  0.7651  0.5571  0.6207  0.8064  0.4641  0.000040
epoch:267 0.7222  0.9363  0.7464  0.5375  0.5404  0.7694  0.6974  0.7679  0.7679  0.5524  0.5909  0.8244  0.4644  0.000040
epoch:268 0.7194  0.9427  0.7420  0.5419  0.5502  0.7558  0.6959  0.7657  0.7657  0.5536  0.6036  0.8101  0.4433  0.000040
epoch:269 0.7073  0.9358  0.7381  0.5505  0.5729  0.7375  0.6800  0.7549  0.7549  0.5619  0.6282  0.8006  0.4459  0.000040
epoch:270 0.6999  0.9416  0.7349  0.5455  0.5674  0.7313  0.6744  0.7456  0.7456  0.5571  0.6246  0.7803  0.4489  0.000040
epoch:271 0.6997  0.9305  0.7425  0.5438  0.5606  0.7225  0.6760  0.7457  0.7457  0.5583  0.6194  0.7767  0.4531  0.000040
epoch:272 0.7206  0.9361  0.7265  0.5455  0.5354  0.7623  0.6935  0.7643  0.7643  0.5571  0.5861  0.8122  0.4430  0.000040
epoch:273 0.7019  0.9407  0.7469  0.5463  0.5719  0.7258  0.6761  0.7497  0.7497  0.5619  0.6242  0.7863  0.4616  0.000040
epoch:274 0.7286  0.9440  0.7479  0.5413  0.5732  0.7653  0.7008  0.7725  0.7725  0.5488  0.6265  0.8185  0.4546  0.000040
epoch:275 0.7036  0.9366  0.7353  0.5455  0.5608  0.7351  0.6789  0.7487  0.7487  0.5571  0.6131  0.7908  0.4464  0.000040
epoch:276 0.7204  0.9424  0.7542  0.5502  0.5677  0.7557  0.6965  0.7679  0.7679  0.5619  0.6167  0.8144  0.4526  0.000040
epoch:277 0.6936  0.9394  0.7421  0.5757  0.5645  0.7114  0.6719  0.7431  0.7431  0.5905  0.6282  0.7675  0.4342  0.000040
epoch:278 0.7103  0.9418  0.7553  0.5248  0.5628  0.7471  0.6803  0.7543  0.7543  0.5405  0.6226  0.7982  0.4519  0.000040
epoch:279 0.7230  0.9424  0.7335  0.5455  0.5650  0.7532  0.6969  0.7670  0.7670  0.5571  0.6162  0.8019  0.4530  0.000040
epoch:280 0.7231  0.9335  0.7636  0.5452  0.5630  0.7544  0.6989  0.7661  0.7661  0.5571  0.6088  0.8016  0.4479  0.000040
epoch:281 0.7043  0.9442  0.7434  0.5382  0.5611  0.7448  0.6771  0.7482  0.7482  0.5488  0.6119  0.7927  0.4605  0.000040
epoch:282 0.7064  0.9335  0.7469  0.5838  0.5733  0.7349  0.6798  0.7522  0.7522  0.5952  0.6282  0.7921  0.4373  0.000040
epoch:283 0.7255  0.9430  0.7401  0.5459  0.5581  0.7603  0.6977  0.7684  0.7684  0.5536  0.6051  0.8122  0.4431  0.000040
epoch:284 0.7040  0.9445  0.7421  0.5413  0.5791  0.7378  0.6790  0.7494  0.7494  0.5488  0.6305  0.7945  0.4467  0.000040
epoch:285 0.7108  0.9363  0.7643  0.5363  0.5590  0.7486  0.6820  0.7522  0.7522  0.5440  0.6119  0.7926  0.4597  0.000040
epoch:286 0.7053  0.9451  0.7414  0.5548  0.5642  0.7430  0.6810  0.7514  0.7514  0.5667  0.6143  0.7972  0.4441  0.000040
epoch:287 0.7265  0.9431  0.7536  0.5455  0.5530  0.7667  0.6982  0.7693  0.7693  0.5571  0.6015  0.8133  0.4389  0.000040
epoch:288 0.7302  0.9457  0.7684  0.5459  0.5672  0.7670  0.6991  0.7714  0.7714  0.5536  0.6078  0.8154  0.4364  0.000040
epoch:289 0.7000  0.9425  0.7497  0.5345  0.5715  0.7359  0.6775  0.7473  0.7473  0.5488  0.6310  0.7916  0.4346  0.000040
epoch:290 0.7033  0.9399  0.7410  0.5455  0.5704  0.7272  0.6767  0.7494  0.7494  0.5571  0.6242  0.7850  0.4442  0.000040
epoch:291 0.7205  0.9415  0.7476  0.5323  0.5478  0.7594  0.6955  0.7653  0.7653  0.5440  0.5996  0.8138  0.4332  0.000040
epoch:292 0.7280  0.9438  0.7498  0.5455  0.5741  0.7615  0.7008  0.7725  0.7725  0.5571  0.6261  0.8109  0.4454  0.000040
epoch:293 0.7014  0.9436  0.7539  0.5373  0.5605  0.7402  0.6734  0.7472  0.7472  0.5488  0.6139  0.7916  0.4462  0.000040
epoch:294 0.7248  0.9444  0.7544  0.5303  0.5607  0.7594  0.6956  0.7673  0.7673  0.5405  0.6099  0.8074  0.4573  0.000040
epoch:295 0.7135  0.9348  0.7501  0.5392  0.5636  0.7417  0.6857  0.7584  0.7584  0.5536  0.6214  0.7967  0.4393  0.000040
epoch:296 0.7261  0.9422  0.7446  0.5455  0.5616  0.7629  0.7006  0.7723  0.7723  0.5571  0.6134  0.8177  0.4491  0.000040
epoch:297 0.7234  0.9372  0.7469  0.5455  0.5573  0.7620  0.6971  0.7685  0.7685  0.5571  0.6115  0.8164  0.4457  0.000040
epoch:298 0.6844  0.9397  0.7389  0.5422  0.5683  0.7128  0.6610  0.7308  0.7308  0.5536  0.6265  0.7646  0.4475  0.000040
epoch:299 0.7122  0.9448  0.7382  0.5455  0.5685  0.7507  0.6837  0.7551  0.7551  0.5571  0.6202  0.8008  0.4370  0.000040
epoch:300 0.7093  0.9405  0.7477  0.5502  0.5661  0.7409  0.6842  0.7546  0.7546  0.5619  0.6202  0.7916  0.4504  0.000040
epoch:301 0.7010  0.9405  0.7415  0.5455  0.5594  0.7300  0.6776  0.7484  0.7484  0.5571  0.6159  0.7863  0.4541  0.000040
epoch:302 0.7257  0.9421  0.7408  0.5551  0.5614  0.7565  0.6979  0.7680  0.7680  0.5667  0.6076  0.8096  0.4433  0.000040
epoch:303 0.7067  0.9426  0.7419  0.5455  0.5703  0.7351  0.6777  0.7491  0.7491  0.5571  0.6242  0.7836  0.4433  0.000040
epoch:304 0.7058  0.9434  0.7463  0.5455  0.5810  0.7319  0.6793  0.7507  0.7507  0.5571  0.6349  0.7868  0.4415  0.000040
epoch:305 0.7227  0.9339  0.7480  0.5373  0.5397  0.7659  0.6962  0.7658  0.7658  0.5488  0.5909  0.8172  0.4386  0.000040
epoch:306 0.7031  0.9433  0.7450  0.5323  0.5650  0.7398  0.6780  0.7488  0.7488  0.5440  0.6282  0.7897  0.4454  0.000040
epoch:307 0.7165  0.9277  0.7409  0.5373  0.5515  0.7449  0.6886  0.7610  0.7610  0.5488  0.6087  0.7947  0.4367  0.000040
epoch:308 0.6980  0.9419  0.7358  0.5342  0.5637  0.7258  0.6737  0.7450  0.7450  0.5488  0.6262  0.7815  0.4340  0.000040
epoch:309 0.7247  0.9427  0.7480  0.5406  0.5562  0.7602  0.6978  0.7673  0.7673  0.5524  0.5996  0.8143  0.4489  0.000040
epoch:310 0.7258  0.9384  0.7561  0.5455  0.5643  0.7616  0.6952  0.7669  0.7669  0.5571  0.6071  0.8093  0.4394  0.000040
epoch:311 0.7053  0.9426  0.7427  0.5406  0.5680  0.7362  0.6808  0.7507  0.7507  0.5524  0.6191  0.7871  0.4240  0.000040
epoch:312 0.7020  0.9388  0.7456  0.5599  0.5572  0.7272  0.6762  0.7450  0.7450  0.5786  0.6135  0.7778  0.4491  0.000040
epoch:313 0.7241  0.9434  0.7478  0.5455  0.5672  0.7555  0.6985  0.7696  0.7696  0.5571  0.6182  0.8114  0.4549  0.000040
epoch:314 0.7099  0.9424  0.7564  0.5356  0.5595  0.7484  0.6860  0.7552  0.7552  0.5476  0.6103  0.7979  0.4455  0.000040
epoch:315 0.7035  0.9366  0.7372  0.5425  0.5702  0.7359  0.6760  0.7465  0.7465  0.5571  0.6242  0.7819  0.4356  0.000040
epoch:316 0.6813  0.9432  0.7410  0.5438  0.5608  0.7092  0.6588  0.7280  0.7280  0.5583  0.6179  0.7636  0.4342  0.000040
epoch:317 0.6951  0.9326  0.7602  0.5510  0.5595  0.7198  0.6718  0.7433  0.7433  0.5667  0.6174  0.7760  0.4318  0.000040
epoch:318 0.7265  0.9445  0.7462  0.5345  0.5713  0.7604  0.6964  0.7672  0.7672  0.5488  0.6143  0.8053  0.4296  0.000040
epoch:319 0.7157  0.9421  0.7382  0.5406  0.5711  0.7461  0.6949  0.7637  0.7637  0.5524  0.6286  0.8054  0.4431  0.000040
epoch:320 0.7202  0.9433  0.7464  0.5363  0.5551  0.7532  0.6912  0.7638  0.7638  0.5440  0.6115  0.8037  0.4408  0.000040
epoch:321 0.7217  0.9436  0.7436  0.5455  0.5752  0.7541  0.6922  0.7653  0.7653  0.5571  0.6310  0.8035  0.4647  0.000040
epoch:322 0.7080  0.9430  0.7546  0.5413  0.5635  0.7405  0.6796  0.7504  0.7504  0.5488  0.6143  0.7889  0.4544  0.000040
epoch:323 0.7227  0.9420  0.7434  0.5406  0.5524  0.7587  0.6972  0.7683  0.7683  0.5524  0.6036  0.8095  0.4562  0.000040
epoch:324 0.7219  0.9398  0.7520  0.5345  0.5705  0.7513  0.6936  0.7683  0.7683  0.5488  0.6143  0.8119  0.4545  0.000040
epoch:325 0.7080  0.9447  0.7389  0.5413  0.5710  0.7390  0.6816  0.7521  0.7521  0.5488  0.6242  0.7926  0.4485  0.000040
epoch:326 0.7067  0.9359  0.7381  0.5406  0.5712  0.7405  0.6810  0.7518  0.7518  0.5524  0.6282  0.7934  0.4459  0.000040
epoch:327 0.7017  0.9389  0.7368  0.5455  0.5649  0.7339  0.6776  0.7488  0.7488  0.5571  0.6191  0.7866  0.4499  0.000040
epoch:328 0.7248  0.9452  0.7408  0.5345  0.5608  0.7644  0.6954  0.7662  0.7662  0.5488  0.6119  0.8090  0.4288  0.000040
epoch:329 0.6959  0.9382  0.7326  0.5364  0.5630  0.7210  0.6711  0.7432  0.7432  0.5536  0.6159  0.7787  0.4386  0.000040
epoch:330 0.7103  0.9360  0.7468  0.5406  0.5578  0.7454  0.6803  0.7517  0.7517  0.5524  0.6071  0.7939  0.4330  0.000040
epoch:331 0.7266  0.9421  0.7465  0.5455  0.5694  0.7607  0.7003  0.7704  0.7704  0.5571  0.6242  0.8106  0.4373  0.000040
epoch:332 0.7240  0.9422  0.7374  0.5381  0.5463  0.7661  0.6977  0.7682  0.7682  0.5524  0.6016  0.8138  0.4424  0.000040
epoch:333 0.7066  0.9408  0.7487  0.5455  0.5608  0.7449  0.6802  0.7509  0.7509  0.5571  0.6084  0.7955  0.4521  0.000040
epoch:334 0.7241  0.9364  0.7432  0.5455  0.5523  0.7614  0.6965  0.7676  0.7676  0.5571  0.5984  0.8148  0.4381  0.000040
epoch:335 0.7251  0.9430  0.7428  0.5373  0.5684  0.7588  0.6957  0.7684  0.7684  0.5488  0.6222  0.8106  0.4371  0.000040
epoch:336 0.6964  0.9354  0.7386  0.5455  0.5651  0.7256  0.6732  0.7433  0.7433  0.5571  0.6151  0.7853  0.4307  0.000040
epoch:337 0.6955  0.9415  0.7386  0.5375  0.5693  0.7193  0.6723  0.7424  0.7424  0.5524  0.6262  0.7731  0.4436  0.000040
epoch:338 0.7042  0.9343  0.7412  0.5422  0.5623  0.7394  0.6747  0.7469  0.7469  0.5536  0.6199  0.7905  0.4474  0.000040
epoch:339 0.7072  0.9432  0.7409  0.5425  0.5633  0.7403  0.6799  0.7510  0.7510  0.5571  0.6162  0.7879  0.4333  0.000040
epoch:340 0.7044  0.9443  0.7383  0.5455  0.5650  0.7401  0.6786  0.7494  0.7494  0.5571  0.6202  0.7911  0.4370  0.000040
epoch:341 0.7073  0.9433  0.7535  0.5373  0.5521  0.7475  0.6797  0.7502  0.7502  0.5488  0.6040  0.7955  0.4352  0.000040
epoch:342 0.7062  0.9382  0.7380  0.5382  0.5484  0.7412  0.6791  0.7490  0.7490  0.5488  0.5968  0.7926  0.4482  0.000040
epoch:343 0.7024  0.9417  0.7322  0.5455  0.5637  0.7326  0.6793  0.7496  0.7496  0.5571  0.6163  0.7919  0.4398  0.000040
epoch:344 0.6921  0.9346  0.7342  0.5455  0.5628  0.7247  0.6715  0.7398  0.7398  0.5571  0.6218  0.7789  0.4476  0.000040
epoch:345 0.6976  0.9357  0.7415  0.5345  0.5654  0.7255  0.6730  0.7425  0.7425  0.5488  0.6155  0.7800  0.4391  0.000040
epoch:346 0.6787  0.9331  0.7424  0.5807  0.5726  0.7017  0.6560  0.7245  0.7245  0.5952  0.6238  0.7567  0.4442  0.000040
epoch:347 0.7149  0.9360  0.7386  0.5253  0.5411  0.7508  0.6907  0.7612  0.7612  0.5357  0.5924  0.8061  0.4457  0.000040
epoch:348 0.7184  0.9436  0.7420  0.5455  0.5479  0.7565  0.6925  0.7633  0.7633  0.5571  0.5976  0.8064  0.4427  0.000040
epoch:349 0.7157  0.9332  0.7451  0.5363  0.5406  0.7490  0.6914  0.7606  0.7606  0.5440  0.5913  0.8014  0.4516  0.000040
epoch:350 0.7037  0.9414  0.7308  0.5413  0.5656  0.7304  0.6782  0.7484  0.7484  0.5488  0.6187  0.7852  0.4224  0.000040
epoch:351 0.6854  0.9349  0.7481  0.5835  0.5679  0.7095  0.6579  0.7274  0.7274  0.5952  0.6155  0.7596  0.4361  0.000040
epoch:352 0.7272  0.9432  0.7487  0.5303  0.5585  0.7669  0.6966  0.7668  0.7668  0.5405  0.6020  0.8138  0.4521  0.000040
epoch:353 0.7026  0.9400  0.7447  0.5706  0.5584  0.7229  0.6768  0.7444  0.7444  0.5821  0.6135  0.7709  0.4459  0.000040
epoch:354 0.6873  0.9346  0.7404  0.5455  0.5710  0.7129  0.6611  0.7322  0.7322  0.5571  0.6222  0.7675  0.4475  0.000040
epoch:355 0.7044  0.9433  0.7424  0.5455  0.5662  0.7332  0.6805  0.7504  0.7504  0.5571  0.6179  0.7881  0.4406  0.000040
epoch:356 0.7114  0.9432  0.7511  0.5455  0.5651  0.7453  0.6824  0.7529  0.7529  0.5571  0.6167  0.7886  0.4372  0.000040
epoch:357 0.7022  0.9430  0.7377  0.5455  0.5624  0.7340  0.6765  0.7457  0.7457  0.5571  0.6167  0.7805  0.4347  0.000040
epoch:358 0.7207  0.9413  0.7305  0.5413  0.5602  0.7518  0.6959  0.7670  0.7670  0.5488  0.6139  0.8106  0.4352  0.000040
epoch:359 0.7070  0.9367  0.7429  0.5455  0.5597  0.7423  0.6808  0.7506  0.7506  0.5571  0.6107  0.7960  0.4309  0.000040
epoch:360 0.7231  0.9340  0.7423  0.5502  0.5518  0.7616  0.6974  0.7682  0.7682  0.5619  0.6032  0.8148  0.4574  0.000040
epoch:361 0.7082  0.9418  0.7469  0.5455  0.5722  0.7367  0.6796  0.7494  0.7494  0.5571  0.6222  0.7831  0.4345  0.000040
epoch:362 0.7000  0.9252  0.7412  0.5392  0.5632  0.7263  0.6740  0.7425  0.7425  0.5536  0.6238  0.7744  0.4448  0.000040
epoch:363 0.7022  0.9364  0.7376  0.5413  0.5395  0.7391  0.6749  0.7472  0.7472  0.5488  0.5925  0.7921  0.4319  0.000040
epoch:364 0.7084  0.9430  0.7466  0.5345  0.5741  0.7407  0.6832  0.7531  0.7531  0.5488  0.6246  0.7947  0.4400  0.000040
epoch:365 0.7065  0.9431  0.7413  0.5455  0.5715  0.7399  0.6787  0.7485  0.7485  0.5571  0.6262  0.7873  0.4407  0.000040
epoch:366 0.6867  0.9409  0.7459  0.5373  0.5678  0.7137  0.6613  0.7295  0.7295  0.5488  0.6277  0.7667  0.4424  0.000040
epoch:367 0.7017  0.9414  0.7421  0.5474  0.5702  0.7239  0.6772  0.7467  0.7467  0.5619  0.6238  0.7813  0.4329  0.000040
epoch:368 0.7063  0.9415  0.7431  0.5345  0.5475  0.7424  0.6791  0.7499  0.7499  0.5488  0.5933  0.7934  0.4511  0.000040
epoch:369 0.7244  0.9360  0.7623  0.5548  0.5619  0.7625  0.6960  0.7683  0.7683  0.5667  0.6106  0.8193  0.4316  0.000040
epoch:370 0.7042  0.9429  0.7535  0.5373  0.5687  0.7386  0.6793  0.7492  0.7492  0.5488  0.6250  0.7937  0.4350  0.000040
epoch:371 0.7221  0.9349  0.7444  0.5455  0.5600  0.7540  0.6966  0.7677  0.7677  0.5571  0.6091  0.8135  0.4329  0.000040
epoch:372 0.7159  0.9424  0.7450  0.5392  0.5553  0.7545  0.6923  0.7631  0.7631  0.5536  0.6080  0.8072  0.4390  0.000040
epoch:373 0.7199  0.9344  0.7476  0.5406  0.5606  0.7496  0.6949  0.7657  0.7657  0.5524  0.6111  0.8090  0.4314  0.000040
epoch:374 0.7180  0.9379  0.7351  0.5345  0.5413  0.7549  0.6922  0.7627  0.7627  0.5488  0.5905  0.8064  0.4307  0.000040
epoch:375 0.7150  0.9398  0.7269  0.5455  0.5276  0.7512  0.6906  0.7604  0.7604  0.5571  0.5806  0.8066  0.4258  0.000040
epoch:376 0.6842  0.9441  0.7390  0.5345  0.5783  0.7107  0.6611  0.7325  0.7325  0.5488  0.6321  0.7729  0.4379  0.000040
epoch:377 0.7058  0.9369  0.7421  0.5455  0.5653  0.7429  0.6763  0.7501  0.7501  0.5571  0.6163  0.7974  0.4404  0.000040
epoch:378 0.6963  0.9337  0.7449  0.5513  0.5602  0.7241  0.6700  0.7446  0.7446  0.5667  0.6111  0.7877  0.4352  0.000040
epoch:379 0.7237  0.9373  0.7462  0.5413  0.5552  0.7622  0.6979  0.7684  0.7684  0.5488  0.6071  0.8159  0.4265  0.000040
epoch:380 0.6812  0.9401  0.7490  0.5474  0.5664  0.7061  0.6587  0.7273  0.7273  0.5619  0.6194  0.7623  0.4311  0.000040
epoch:381 0.6959  0.9404  0.7364  0.5758  0.5681  0.7148  0.6687  0.7418  0.7418  0.5905  0.6218  0.7689  0.4417  0.000040
epoch:382 0.6832  0.9407  0.7422  0.5438  0.5592  0.7116  0.6615  0.7314  0.7314  0.5583  0.6159  0.7699  0.4279  0.000040
epoch:383 0.7267  0.9416  0.7429  0.5425  0.5758  0.7527  0.6974  0.7682  0.7682  0.5571  0.6246  0.8069  0.4444  0.000040
epoch:384 0.7008  0.9420  0.7420  0.5455  0.5654  0.7329  0.6758  0.7482  0.7482  0.5571  0.6159  0.7914  0.4263  0.000040
epoch:385 0.6919  0.9415  0.7463  0.5757  0.5589  0.7111  0.6703  0.7395  0.7395  0.5905  0.6199  0.7649  0.4413  0.000040
epoch:386 0.7247  0.9346  0.7476  0.5413  0.5540  0.7618  0.6975  0.7683  0.7683  0.5488  0.5988  0.8220  0.4483  0.000040
epoch:387 0.7042  0.9386  0.7451  0.5425  0.5655  0.7382  0.6806  0.7498  0.7498  0.5571  0.6207  0.7913  0.4380  0.000040
epoch:388 0.7229  0.9418  0.7400  0.5455  0.5745  0.7482  0.6978  0.7676  0.7676  0.5571  0.6305  0.8056  0.4268  0.000040
epoch:389 0.7118  0.9352  0.7509  0.5502  0.5657  0.7476  0.6838  0.7531  0.7531  0.5619  0.6195  0.7995  0.4356  0.000040
epoch:390 0.7156  0.9361  0.7436  0.5462  0.5615  0.7473  0.6931  0.7633  0.7633  0.5536  0.6151  0.8138  0.4373  0.000040
epoch:391 0.7196  0.9413  0.7423  0.5455  0.5650  0.7550  0.6916  0.7647  0.7647  0.5571  0.6099  0.8090  0.4378  0.000040
epoch:392 0.6957  0.9438  0.7456  0.5373  0.5642  0.7235  0.6722  0.7430  0.7430  0.5488  0.6202  0.7840  0.4273  0.000040
epoch:393 0.6832  0.9430  0.7419  0.5373  0.5605  0.7162  0.6596  0.7301  0.7301  0.5488  0.6159  0.7744  0.4297  0.000040
epoch:394 0.6975  0.9378  0.7330  0.5455  0.5542  0.7299  0.6752  0.7438  0.7438  0.5571  0.5957  0.7887  0.4329  0.000040
epoch:395 0.7169  0.9346  0.7343  0.5406  0.5444  0.7479  0.6920  0.7626  0.7626  0.5524  0.5964  0.8027  0.4336  0.000040
epoch:396 0.7065  0.9351  0.7457  0.5413  0.5489  0.7408  0.6795  0.7494  0.7494  0.5488  0.5949  0.7947  0.4381  0.000040
epoch:397 0.6968  0.9413  0.7414  0.5551  0.5657  0.7247  0.6759  0.7449  0.7449  0.5536  0.6262  0.7866  0.4320  0.000040
epoch:398 0.7266  0.9428  0.7516  0.5413  0.5624  0.7578  0.7009  0.7711  0.7711  0.5488  0.6119  0.8167  0.4382  0.000040
epoch:399 0.7061  0.9354  0.7382  0.5455  0.5538  0.7449  0.6800  0.7508  0.7508  0.5571  0.6048  0.8011  0.4437  0.000040
epoch:400 0.7244  0.9346  0.7435  0.5406  0.5521  0.7565  0.6979  0.7675  0.7675  0.5524  0.5992  0.8148  0.4270  0.000040
epoch:401 0.7214  0.9359  0.7272  0.5413  0.5411  0.7554  0.6940  0.7648  0.7648  0.5488  0.5929  0.8072  0.4283  0.000040
epoch:402 0.7019  0.9352  0.7447  0.5413  0.5576  0.7344  0.6763  0.7468  0.7468  0.5488  0.6052  0.7948  0.4430  0.000040
epoch:403 0.7045  0.9412  0.7431  0.5327  0.5394  0.7400  0.6759  0.7467  0.7467  0.5405  0.5929  0.7905  0.4388  0.000040
epoch:404 0.7043  0.9420  0.7420  0.5455  0.5769  0.7306  0.6789  0.7481  0.7481  0.5571  0.6262  0.7887  0.4169  0.000040
epoch:405 0.7230  0.9434  0.7478  0.5455  0.5627  0.7576  0.6957  0.7665  0.7665  0.5571  0.6131  0.8154  0.4413  0.000040
epoch:406 0.7242  0.9426  0.7444  0.5296  0.5539  0.7566  0.6963  0.7674  0.7674  0.5440  0.6020  0.8127  0.4489  0.000040
epoch:407 0.7013  0.9341  0.7438  0.5413  0.5598  0.7361  0.6757  0.7462  0.7462  0.5488  0.6052  0.7929  0.4223  0.000040
epoch:408 0.7191  0.9350  0.7507  0.5363  0.5600  0.7509  0.6928  0.7636  0.7636  0.5440  0.6091  0.8095  0.4362  0.000040
epoch:409 0.7045  0.9348  0.7519  0.5419  0.5546  0.7357  0.6798  0.7499  0.7499  0.5536  0.6115  0.7897  0.4435  0.000040
epoch:410 0.6986  0.9349  0.7455  0.5455  0.5580  0.7324  0.6765  0.7464  0.7464  0.5571  0.6052  0.7930  0.4295  0.000040
epoch:411 0.7260  0.9374  0.7534  0.5584  0.5571  0.7574  0.6963  0.7674  0.7674  0.5571  0.6071  0.8135  0.4312  0.000040
epoch:412 0.7079  0.9429  0.7470  0.5455  0.5636  0.7406  0.6833  0.7547  0.7547  0.5571  0.6198  0.7995  0.4402  0.000040
epoch:413 0.7198  0.9360  0.7347  0.5406  0.5389  0.7550  0.6940  0.7636  0.7636  0.5524  0.5889  0.8056  0.4313  0.000040
epoch:414 0.7244  0.9369  0.7540  0.5502  0.5594  0.7550  0.6958  0.7666  0.7666  0.5619  0.6048  0.8080  0.4313  0.000040
epoch:415 0.7006  0.9397  0.7353  0.5345  0.5650  0.7332  0.6796  0.7478  0.7478  0.5488  0.6183  0.7924  0.4401  0.000040
epoch:416 0.6887  0.9441  0.7423  0.5345  0.5718  0.7175  0.6609  0.7315  0.7315  0.5488  0.6223  0.7646  0.4315  0.000040
epoch:417 0.7200  0.9428  0.7347  0.5406  0.5419  0.7550  0.6961  0.7663  0.7663  0.5524  0.5909  0.8138  0.4217  0.000040
epoch:418 0.7071  0.9425  0.7370  0.5584  0.5633  0.7392  0.6761  0.7489  0.7489  0.5571  0.6135  0.7921  0.4424  0.000040
epoch:419 0.7248  0.9402  0.7577  0.5356  0.5528  0.7568  0.6995  0.7711  0.7711  0.5476  0.6024  0.8111  0.4436  0.000040
epoch:420 0.6822  0.9342  0.7504  0.5517  0.5591  0.7075  0.6544  0.7263  0.7263  0.5536  0.6195  0.7659  0.4350  0.000040
epoch:421 0.7254  0.9354  0.7566  0.5498  0.5668  0.7573  0.6947  0.7652  0.7652  0.5488  0.6135  0.8114  0.4381  0.000040
epoch:422 0.7102  0.9418  0.7463  0.5373  0.5681  0.7416  0.6818  0.7526  0.7526  0.5488  0.6226  0.7950  0.4510  0.000040
epoch:423 0.6999  0.9418  0.7531  0.5893  0.5632  0.7224  0.6723  0.7450  0.7450  0.6048  0.6155  0.7808  0.4308  0.000040
epoch:424 0.7212  0.9418  0.7437  0.5459  0.5480  0.7561  0.6931  0.7639  0.7639  0.5536  0.5929  0.8109  0.4096  0.000040
epoch:425 0.7215  0.9370  0.7389  0.5345  0.5558  0.7574  0.6941  0.7646  0.7646  0.5488  0.6052  0.8106  0.4365  0.000040
epoch:426 0.7233  0.9354  0.7507  0.5584  0.5555  0.7513  0.6962  0.7661  0.7661  0.5571  0.6036  0.8067  0.4141  0.000040
epoch:427 0.7240  0.9354  0.7581  0.5459  0.5522  0.7608  0.6938  0.7643  0.7643  0.5536  0.5985  0.8135  0.4332  0.000040
epoch:428 0.7248  0.9378  0.7520  0.5455  0.5667  0.7569  0.6968  0.7679  0.7679  0.5571  0.6134  0.8122  0.4452  0.000040
epoch:429 0.7093  0.9431  0.7511  0.5584  0.5780  0.7372  0.6816  0.7517  0.7517  0.5571  0.6310  0.7897  0.4166  0.000040
epoch:430 0.7068  0.9424  0.7463  0.5373  0.5746  0.7378  0.6809  0.7501  0.7501  0.5488  0.6329  0.7895  0.4311  0.000040
epoch:431 0.7005  0.9347  0.7535  0.5303  0.5647  0.7248  0.6753  0.7438  0.7438  0.5405  0.6131  0.7836  0.4297  0.000040
epoch:432 0.7040  0.9348  0.7396  0.5455  0.5509  0.7366  0.6798  0.7488  0.7488  0.5571  0.6028  0.7947  0.4377  0.000040
epoch:433 0.7216  0.9380  0.7485  0.5455  0.5712  0.7462  0.6945  0.7653  0.7653  0.5571  0.6207  0.8013  0.4383  0.000040
epoch:434 0.7075  0.9362  0.7402  0.5548  0.5612  0.7426  0.6767  0.7504  0.7504  0.5536  0.6159  0.7985  0.4332  0.000040
epoch:435 0.7198  0.9437  0.7548  0.5413  0.5681  0.7507  0.6936  0.7647  0.7647  0.5488  0.6218  0.8049  0.4375  0.000040
epoch:436 0.7246  0.9348  0.7545  0.5413  0.5559  0.7604  0.6977  0.7679  0.7679  0.5488  0.6032  0.8167  0.4493  0.000040
epoch:437 0.6776  0.9411  0.7458  0.5804  0.5586  0.6933  0.6542  0.7235  0.7235  0.5821  0.6139  0.7419  0.4321  0.000040
epoch:438 0.7057  0.9409  0.7505  0.5455  0.5593  0.7390  0.6798  0.7506  0.7506  0.5571  0.6099  0.7945  0.4346  0.000040
epoch:439 0.7195  0.9363  0.7447  0.5299  0.5477  0.7567  0.6915  0.7617  0.7617  0.5405  0.5945  0.8106  0.4332  0.000040
epoch:440 0.6985  0.9422  0.7460  0.5413  0.5663  0.7274  0.6747  0.7433  0.7433  0.5488  0.6179  0.7858  0.4360  0.000040
epoch:441 0.7232  0.9359  0.7411  0.5363  0.5418  0.7576  0.6950  0.7655  0.7655  0.5440  0.5924  0.8103  0.4332  0.000040
epoch:442 0.7090  0.9412  0.7396  0.5363  0.5428  0.7417  0.6813  0.7518  0.7518  0.5440  0.5893  0.7955  0.4298  0.000040
epoch:443 0.6991  0.9357  0.7482  0.5413  0.5644  0.7304  0.6727  0.7445  0.7445  0.5488  0.6131  0.7951  0.4378  0.000040
epoch:444 0.7034  0.9418  0.7442  0.5584  0.5644  0.7350  0.6748  0.7470  0.7470  0.5571  0.6120  0.7903  0.4323  0.000040
epoch:445 0.7048  0.9356  0.7569  0.5373  0.5675  0.7330  0.6759  0.7467  0.7467  0.5488  0.6258  0.7831  0.4367  0.000040
epoch:446 0.7237  0.9345  0.7481  0.5551  0.5624  0.7571  0.6978  0.7665  0.7665  0.5667  0.6092  0.8140  0.4347  0.000040
epoch:447 0.7041  0.9337  0.7519  0.5413  0.5496  0.7407  0.6784  0.7480  0.7480  0.5488  0.6004  0.8013  0.4186  0.000040
epoch:448 0.7002  0.9264  0.7412  0.5413  0.5507  0.7327  0.6760  0.7436  0.7436  0.5488  0.6088  0.7828  0.4201  0.000040
epoch:449 0.7037  0.9385  0.7465  0.5843  0.5592  0.7277  0.6771  0.7453  0.7453  0.5869  0.6124  0.7794  0.4315  0.000040
epoch:450 0.7094  0.9407  0.7514  0.5584  0.5553  0.7429  0.6813  0.7512  0.7512  0.5571  0.6016  0.7958  0.4281  0.000040
epoch:451 0.7244  0.9338  0.7506  0.5545  0.5639  0.7531  0.6953  0.7657  0.7657  0.5536  0.6111  0.8074  0.4286  0.000040
epoch:452 0.7078  0.9368  0.7576  0.5584  0.5639  0.7346  0.6790  0.7492  0.7492  0.5571  0.6115  0.7879  0.4330  0.000040
epoch:453 0.7119  0.9363  0.7603  0.5498  0.5640  0.7383  0.6805  0.7513  0.7513  0.5488  0.6095  0.7921  0.4221  0.000040
epoch:454 0.7067  0.9431  0.7427  0.5634  0.5729  0.7329  0.6778  0.7487  0.7487  0.5619  0.6255  0.7832  0.4326  0.000040
epoch:455 0.7020  0.9373  0.7509  0.5498  0.5572  0.7366  0.6760  0.7465  0.7465  0.5488  0.6028  0.7958  0.4346  0.000040
epoch:456 0.7102  0.9409  0.7489  0.5584  0.5718  0.7363  0.6817  0.7512  0.7512  0.5571  0.6207  0.7881  0.4164  0.000040
epoch:457 0.7096  0.9436  0.7512  0.5584  0.5760  0.7392  0.6800  0.7514  0.7514  0.5571  0.6242  0.7960  0.4274  0.000040
epoch:458 0.7115  0.9422  0.7638  0.5498  0.5635  0.7397  0.6788  0.7522  0.7522  0.5488  0.6099  0.7971  0.4277  0.000040
epoch:459 0.7147  0.9414  0.7557  0.5545  0.5582  0.7471  0.6851  0.7556  0.7556  0.5536  0.6036  0.8013  0.4241  0.000040
epoch:460 0.6815  0.9324  0.7537  0.5557  0.5654  0.7074  0.6557  0.7262  0.7262  0.5583  0.6174  0.7681  0.4294  0.000040
epoch:461 0.7141  0.9426  0.7509  0.5548  0.5835  0.7384  0.6807  0.7521  0.7521  0.5536  0.6325  0.7918  0.4249  0.000040
epoch:462 0.7235  0.9331  0.7422  0.5449  0.5470  0.7523  0.6946  0.7641  0.7641  0.5440  0.5929  0.8072  0.4291  0.000040
epoch:463 0.7104  0.9427  0.7502  0.5498  0.5609  0.7383  0.6821  0.7526  0.7526  0.5488  0.6123  0.7923  0.4463  0.000040
epoch:464 0.7068  0.9352  0.7291  0.5498  0.5407  0.7410  0.6779  0.7484  0.7484  0.5488  0.5953  0.7955  0.4224  0.000040
epoch:465 0.7040  0.9406  0.7531  0.5498  0.5824  0.7318  0.6764  0.7479  0.7479  0.5488  0.6310  0.7887  0.4171  0.000040
epoch:466 0.7053  0.9409  0.7445  0.5584  0.5540  0.7398  0.6776  0.7466  0.7466  0.5571  0.6036  0.7911  0.4178  0.000040
epoch:467 0.7008  0.9358  0.7519  0.5520  0.5717  0.7282  0.6740  0.7432  0.7432  0.5536  0.6262  0.7816  0.4295  0.000040
epoch:468 0.7229  0.9406  0.7490  0.5603  0.5744  0.7500  0.6904  0.7649  0.7649  0.5619  0.6203  0.8111  0.4262  0.000040
epoch:469 0.7053  0.9284  0.7335  0.5535  0.5555  0.7359  0.6792  0.7465  0.7465  0.5524  0.6012  0.7894  0.4303  0.000040
epoch:470 0.7141  0.9413  0.7592  0.5545  0.5674  0.7470  0.6824  0.7535  0.7535  0.5536  0.6159  0.7995  0.4306  0.000040
epoch:471 0.7282  0.9427  0.7607  0.5545  0.5716  0.7580  0.6985  0.7687  0.7687  0.5536  0.6202  0.8124  0.4217  0.000040
epoch:472 0.7273  0.9432  0.7526  0.5502  0.5760  0.7537  0.6978  0.7674  0.7674  0.5488  0.6266  0.8088  0.4177  0.000040
epoch:473 0.6862  0.9374  0.7492  0.5502  0.5778  0.7139  0.6562  0.7266  0.7266  0.5488  0.6277  0.7654  0.4385  0.000040
epoch:474 0.7255  0.9453  0.7372  0.5584  0.5430  0.7566  0.6971  0.7673  0.7673  0.5571  0.5933  0.8042  0.4276  0.000040
epoch:475 0.7285  0.9375  0.7483  0.5498  0.5668  0.7585  0.6976  0.7687  0.7687  0.5488  0.6130  0.8140  0.4199  0.000040
epoch:476 0.7062  0.9412  0.7492  0.5917  0.5656  0.7284  0.6769  0.7488  0.7488  0.5905  0.6116  0.7863  0.4309  0.000040
epoch:477 0.7067  0.9359  0.7551  0.5498  0.5571  0.7351  0.6759  0.7464  0.7464  0.5488  0.6076  0.7863  0.4206  0.000040
epoch:478 0.7114  0.9354  0.7551  0.5498  0.5539  0.7450  0.6793  0.7510  0.7510  0.5488  0.6036  0.7944  0.4216  0.000040
epoch:479 0.7038  0.9348  0.7426  0.5641  0.5640  0.7341  0.6753  0.7472  0.7472  0.5667  0.6139  0.7887  0.4310  0.000040
epoch:480 0.7032  0.9420  0.7488  0.5584  0.5623  0.7318  0.6742  0.7442  0.7442  0.5571  0.6124  0.7826  0.4227  0.000040
epoch:481 0.7224  0.9437  0.7567  0.5498  0.5613  0.7548  0.6936  0.7647  0.7647  0.5488  0.6055  0.8117  0.4271  0.000040
epoch:482 0.7077  0.9396  0.7484  0.5502  0.5569  0.7398  0.6800  0.7489  0.7489  0.5488  0.6032  0.7950  0.4137  0.000040
epoch:483 0.7038  0.9402  0.7574  0.5498  0.5723  0.7307  0.6772  0.7473  0.7473  0.5488  0.6222  0.7892  0.4171  0.000040
epoch:484 0.7093  0.9439  0.7493  0.5416  0.5714  0.7401  0.6796  0.7494  0.7494  0.5405  0.6222  0.7908  0.4402  0.000040
epoch:485 0.7268  0.9410  0.7556  0.5416  0.5630  0.7591  0.6981  0.7686  0.7686  0.5405  0.6123  0.8148  0.4399  0.000040
epoch:486 0.7150  0.9355  0.7460  0.5509  0.5593  0.7350  0.6885  0.7568  0.7568  0.5536  0.6116  0.7895  0.4187  0.000040
epoch:487 0.7124  0.9429  0.7447  0.5548  0.5769  0.7385  0.6820  0.7525  0.7525  0.5536  0.6270  0.7892  0.4202  0.000040
epoch:488 0.7098  0.9415  0.7489  0.5592  0.5756  0.7340  0.6799  0.7511  0.7511  0.5619  0.6251  0.7860  0.4271  0.000040
epoch:489 0.7108  0.9367  0.7536  0.5832  0.5579  0.7423  0.6775  0.7495  0.7495  0.5821  0.6052  0.7913  0.4228  0.000040
epoch:490 0.7265  0.9415  0.7493  0.5584  0.5645  0.7567  0.6982  0.7684  0.7684  0.5571  0.6135  0.8127  0.4200  0.000040
epoch:491 0.7284  0.9413  0.7549  0.5584  0.5450  0.7690  0.6993  0.7695  0.7695  0.5571  0.5877  0.8249  0.4089  0.000040
epoch:492 0.7021  0.9416  0.7467  0.5416  0.5730  0.7269  0.6744  0.7449  0.7449  0.5405  0.6262  0.7781  0.4265  0.000040
epoch:493 0.7126  0.9427  0.7598  0.5584  0.5577  0.7431  0.6864  0.7596  0.7596  0.5571  0.6092  0.7947  0.4188  0.000040
epoch:494 0.6902  0.9436  0.7472  0.5878  0.5717  0.7205  0.6616  0.7324  0.7324  0.5869  0.6238  0.7752  0.4382  0.000040
epoch:495 0.7131  0.9425  0.7567  0.5553  0.5625  0.7357  0.6822  0.7521  0.7521  0.5571  0.6127  0.7807  0.4219  0.000040
epoch:496 0.7059  0.9379  0.7428  0.5498  0.5529  0.7339  0.6735  0.7437  0.7437  0.5488  0.5968  0.7802  0.4191  0.000040
epoch:497 0.7046  0.9417  0.7602  0.5548  0.5640  0.7344  0.6764  0.7466  0.7466  0.5536  0.6144  0.7866  0.4215  0.000040
epoch:498 0.7259  0.9355  0.7580  0.5548  0.5635  0.7562  0.6948  0.7656  0.7656  0.5536  0.6099  0.8093  0.4259  0.000040
epoch:499 0.7068  0.9352  0.7484  0.5498  0.5571  0.7404  0.6772  0.7474  0.7474  0.5488  0.6052  0.7937  0.4214  0.000040
epoch:500 0.7262  0.9415  0.7521  0.5498  0.5562  0.7524  0.6963  0.7656  0.7656  0.5488  0.6060  0.8011  0.4224  0.000040
epoch:501 0.7256  0.9355  0.7501  0.5584  0.5602  0.7555  0.6952  0.7654  0.7654  0.5571  0.6076  0.8056  0.4336  0.000040
epoch:502 0.7052  0.9437  0.7503  0.5502  0.5691  0.7387  0.6783  0.7481  0.7481  0.5488  0.6282  0.7900  0.4282  0.000040
epoch:503 0.7128  0.9398  0.7534  0.5584  0.5632  0.7406  0.6806  0.7520  0.7520  0.5571  0.6064  0.7908  0.4290  0.000040
epoch:504 0.7036  0.9427  0.7565  0.5545  0.5767  0.7276  0.6735  0.7440  0.7440  0.5536  0.6262  0.7800  0.4209  0.000040
epoch:505 0.7028  0.9380  0.7543  0.6013  0.5687  0.7269  0.6764  0.7438  0.7438  0.6000  0.6120  0.7876  0.4295  0.000040
epoch:506 0.7051  0.9326  0.7503  0.5502  0.5614  0.7388  0.6797  0.7467  0.7467  0.5488  0.6099  0.7889  0.4199  0.000040
epoch:507 0.7096  0.9374  0.7538  0.5498  0.5676  0.7444  0.6774  0.7487  0.7487  0.5488  0.6076  0.7937  0.4314  0.000040
epoch:508 0.6977  0.9348  0.7550  0.5884  0.5755  0.7170  0.6700  0.7395  0.7395  0.5869  0.6218  0.7721  0.4078  0.000040
epoch:509 0.7056  0.9414  0.7474  0.5465  0.5600  0.7362  0.6754  0.7457  0.7457  0.5452  0.6020  0.7911  0.4428  0.000040
epoch:510 0.7070  0.9372  0.7513  0.5416  0.5542  0.7389  0.6762  0.7455  0.7455  0.5405  0.6013  0.7887  0.4124  0.000040
epoch:511 0.7160  0.9451  0.7775  0.5584  0.5685  0.7516  0.6867  0.7596  0.7596  0.5571  0.6190  0.7999  0.4331  0.000040
epoch:512 0.7083  0.9416  0.7577  0.5462  0.5651  0.7392  0.6769  0.7474  0.7474  0.5452  0.6080  0.7881  0.4349  0.000040
epoch:513 0.7078  0.9438  0.7532  0.6013  0.5749  0.7364  0.6781  0.7479  0.7479  0.6000  0.6174  0.7892  0.4233  0.000040
epoch:514 0.6972  0.9432  0.7532  0.5785  0.5633  0.7218  0.6724  0.7420  0.7420  0.5774  0.6218  0.7784  0.4132  0.000040
epoch:515 0.7092  0.9414  0.7479  0.5459  0.5682  0.7386  0.6785  0.7503  0.7503  0.5536  0.6183  0.7921  0.4234  0.000040
epoch:516 0.7240  0.9436  0.7435  0.5634  0.5485  0.7571  0.6963  0.7655  0.7655  0.5619  0.5937  0.8058  0.4240  0.000040
epoch:517 0.7066  0.9359  0.7434  0.5498  0.5471  0.7368  0.6768  0.7464  0.7464  0.5488  0.5925  0.7863  0.4150  0.000040
epoch:518 0.7078  0.9415  0.7494  0.5630  0.5742  0.7349  0.6758  0.7480  0.7480  0.5619  0.6207  0.7877  0.4235  0.000040
epoch:519 0.7111  0.9361  0.7492  0.5498  0.5587  0.7433  0.6788  0.7496  0.7496  0.5488  0.6071  0.7958  0.4289  0.000040
epoch:520 0.7097  0.9434  0.7519  0.5502  0.5670  0.7441  0.6807  0.7503  0.7503  0.5619  0.6163  0.7905  0.4228  0.000040
epoch:521 0.7073  0.9357  0.7458  0.5449  0.5557  0.7378  0.6759  0.7455  0.7455  0.5440  0.5996  0.7870  0.4193  0.000040
epoch:522 0.7084  0.9418  0.7540  0.5498  0.5565  0.7391  0.6791  0.7484  0.7484  0.5488  0.6060  0.7894  0.4246  0.000040
epoch:523 0.7078  0.9352  0.7544  0.5502  0.5575  0.7453  0.6776  0.7484  0.7484  0.5488  0.5968  0.8014  0.4364  0.000040
epoch:524 0.7095  0.9437  0.7536  0.5551  0.5655  0.7429  0.6789  0.7497  0.7497  0.5536  0.6218  0.7937  0.4439  0.000040
epoch:525 0.7066  0.9365  0.7540  0.5502  0.5575  0.7378  0.6764  0.7463  0.7463  0.5488  0.6060  0.7860  0.4175  0.000040
epoch:526 0.7063  0.9364  0.7504  0.5502  0.5608  0.7360  0.6731  0.7466  0.7466  0.5619  0.6048  0.7858  0.4247  0.000040
epoch:527 0.7076  0.9364  0.7470  0.5455  0.5631  0.7402  0.6772  0.7469  0.7469  0.5571  0.6120  0.7884  0.4154  0.000040
epoch:528 0.7060  0.9364  0.7495  0.5502  0.5733  0.7383  0.6762  0.7455  0.7455  0.5619  0.6203  0.7855  0.4286  0.000040
epoch:529 0.7050  0.9427  0.7489  0.5548  0.5683  0.7359  0.6729  0.7455  0.7455  0.5536  0.6163  0.7885  0.4318  0.000040
epoch:530 0.7090  0.9422  0.7398  0.5498  0.5641  0.7408  0.6776  0.7490  0.7490  0.5488  0.6079  0.7942  0.4315  0.000040
epoch:531 0.7038  0.9383  0.7492  0.5416  0.5557  0.7312  0.6734  0.7432  0.7432  0.5405  0.5996  0.7797  0.4165  0.000040
epoch:532 0.7045  0.9413  0.7540  0.5416  0.5623  0.7362  0.6748  0.7450  0.7450  0.5405  0.6056  0.7877  0.4261  0.000040
epoch:533 0.7095  0.9419  0.7483  0.5502  0.5768  0.7357  0.6786  0.7491  0.7491  0.5488  0.6250  0.7857  0.4173  0.000040
epoch:534 0.7038  0.9359  0.7611  0.5548  0.5668  0.7341  0.6738  0.7440  0.7440  0.5536  0.6135  0.7839  0.4167  0.000040
epoch:535 0.7107  0.9365  0.7551  0.5498  0.5672  0.7401  0.6777  0.7491  0.7491  0.5488  0.6111  0.7892  0.4134  0.000040
epoch:536 0.7056  0.9417  0.7492  0.5584  0.5609  0.7347  0.6769  0.7468  0.7468  0.5571  0.6036  0.7863  0.4281  0.000040
epoch:537 0.7139  0.9359  0.7560  0.5498  0.5659  0.7496  0.6827  0.7526  0.7526  0.5488  0.6139  0.8021  0.4090  0.000040
epoch:538 0.7055  0.9419  0.7464  0.5416  0.5664  0.7344  0.6776  0.7458  0.7458  0.5405  0.6119  0.7879  0.4200  0.000040
epoch:539 0.7240  0.9370  0.7475  0.5413  0.5570  0.7598  0.6957  0.7659  0.7659  0.5488  0.6068  0.8138  0.4215  0.000040
epoch:540 0.7049  0.9414  0.7527  0.5465  0.5721  0.7349  0.6759  0.7455  0.7455  0.5452  0.6207  0.7871  0.4255  0.000040
epoch:541 0.7075  0.9419  0.7523  0.5505  0.5664  0.7363  0.6782  0.7492  0.7492  0.5619  0.6120  0.7916  0.4242  0.000040
epoch:542 0.7089  0.9358  0.7550  0.5498  0.5595  0.7432  0.6761  0.7472  0.7472  0.5488  0.6032  0.7940  0.4177  0.000040
epoch:543 0.7029  0.9356  0.7541  0.5502  0.5589  0.7225  0.6748  0.7434  0.7434  0.5619  0.6053  0.7725  0.4219  0.000040
epoch:544 0.7078  0.9418  0.7565  0.5597  0.5737  0.7290  0.6756  0.7481  0.7481  0.5583  0.6222  0.7828  0.4142  0.000040
epoch:545 0.7217  0.9370  0.7650  0.5416  0.5555  0.7552  0.6897  0.7608  0.7608  0.5405  0.6024  0.8050  0.4238  0.000040
epoch:546 0.7092  0.9358  0.7584  0.5373  0.5537  0.7335  0.6763  0.7468  0.7468  0.5488  0.5973  0.7797  0.4288  0.000040
epoch:547 0.7018  0.9360  0.7689  0.5509  0.5602  0.7337  0.6773  0.7456  0.7456  0.5536  0.6092  0.7911  0.4224  0.000040
epoch:548 0.7072  0.9426  0.7580  0.5594  0.5679  0.7370  0.6767  0.7475  0.7475  0.5583  0.6099  0.7921  0.4199  0.000040
epoch:549 0.7129  0.9365  0.7580  0.5498  0.5614  0.7456  0.6798  0.7497  0.7497  0.5488  0.6056  0.7955  0.4133  0.000040
epoch:550 0.7212  0.9364  0.7506  0.5498  0.5532  0.7564  0.6930  0.7632  0.7632  0.5488  0.5949  0.8072  0.4086  0.000040
epoch:551 0.7137  0.9415  0.7602  0.5462  0.5685  0.7444  0.6814  0.7525  0.7525  0.5536  0.6083  0.7963  0.4204  0.000040
epoch:552 0.7274  0.9416  0.7547  0.5416  0.5592  0.7608  0.6974  0.7673  0.7673  0.5405  0.5996  0.8151  0.4094  0.000040
epoch:553 0.6953  0.9411  0.7571  0.5890  0.5646  0.7162  0.6694  0.7396  0.7396  0.5917  0.6203  0.7695  0.4099  0.000040
epoch:554 0.7038  0.9271  0.7582  0.5413  0.5526  0.7364  0.6752  0.7425  0.7425  0.5488  0.5925  0.7892  0.4043  0.000040
epoch:555 0.6883  0.9261  0.7609  0.5413  0.5589  0.7144  0.6597  0.7269  0.7269  0.5488  0.5973  0.7667  0.4125  0.000040
epoch:556 0.7148  0.9419  0.7696  0.5545  0.5687  0.7429  0.6824  0.7541  0.7541  0.5536  0.6104  0.7918  0.4222  0.000040
epoch:557 0.7038  0.9413  0.7366  0.5366  0.5485  0.7378  0.6762  0.7461  0.7461  0.5357  0.5877  0.7889  0.4123  0.000040
epoch:558 0.7018  0.9404  0.7566  0.5548  0.5762  0.7274  0.6724  0.7436  0.7436  0.5536  0.6223  0.7826  0.4083  0.000040
epoch:559 0.7063  0.9420  0.7408  0.5416  0.5532  0.7432  0.6766  0.7468  0.7468  0.5405  0.5945  0.7913  0.4296  0.000040
epoch:560 0.7119  0.9417  0.7589  0.5545  0.5655  0.7441  0.6811  0.7513  0.7513  0.5536  0.6159  0.7916  0.4188  0.000040
epoch:561 0.7058  0.9365  0.7596  0.5416  0.5511  0.7413  0.6746  0.7445  0.7445  0.5405  0.5929  0.7892  0.4213  0.000040
epoch:562 0.7075  0.9365  0.7601  0.5413  0.5510  0.7424  0.6759  0.7464  0.7464  0.5488  0.5945  0.7908  0.4191  0.000040
epoch:563 0.7231  0.9352  0.7398  0.5416  0.5449  0.7575  0.6895  0.7618  0.7618  0.5405  0.5866  0.8069  0.4219  0.000040
epoch:564 0.6890  0.9385  0.7665  0.5502  0.5803  0.7166  0.6607  0.7318  0.7318  0.5488  0.6301  0.7734  0.4175  0.000040
epoch:565 0.7088  0.9360  0.7557  0.5413  0.5684  0.7410  0.6774  0.7472  0.7472  0.5488  0.6155  0.7902  0.4252  0.000040
epoch:566 0.7058  0.9362  0.7689  0.5835  0.5758  0.7277  0.6760  0.7449  0.7449  0.5952  0.6214  0.7786  0.4266  0.000040
epoch:567 0.7254  0.9359  0.7628  0.5413  0.5547  0.7604  0.6922  0.7645  0.7645  0.5488  0.5949  0.8140  0.4319  0.000040
epoch:568 0.7256  0.9353  0.7507  0.5416  0.5542  0.7558  0.6939  0.7632  0.7632  0.5405  0.6016  0.8042  0.4080  0.000040
epoch:569 0.7078  0.9418  0.7636  0.5455  0.5538  0.7393  0.6765  0.7478  0.7478  0.5571  0.5973  0.7886  0.4298  0.000040
epoch:570 0.7076  0.9358  0.7548  0.5551  0.5666  0.7351  0.6768  0.7492  0.7492  0.5667  0.6190  0.7913  0.4151  0.000040
epoch:571 0.7017  0.9426  0.7481  0.5455  0.5584  0.7371  0.6745  0.7441  0.7441  0.5571  0.6013  0.7911  0.4141  0.000040
epoch:572 0.7082  0.9378  0.7567  0.5416  0.5583  0.7429  0.6766  0.7467  0.7467  0.5405  0.5996  0.7955  0.4082  0.000040
epoch:573 0.7040  0.9445  0.7447  0.5303  0.5628  0.7326  0.6777  0.7464  0.7464  0.5405  0.6175  0.7863  0.4271  0.000040
epoch:574 0.7085  0.9416  0.7521  0.5459  0.5576  0.7404  0.6784  0.7486  0.7486  0.5536  0.5993  0.7910  0.4256  0.000040
epoch:575 0.6987  0.9326  0.7531  0.5462  0.5609  0.7292  0.6708  0.7407  0.7407  0.5536  0.6100  0.7816  0.4117  0.000040
epoch:576 0.7025  0.9422  0.7520  0.5462  0.5668  0.7334  0.6738  0.7443  0.7443  0.5452  0.6163  0.7847  0.4259  0.000040
epoch:577 0.7074  0.9346  0.7414  0.5366  0.5578  0.7416  0.6784  0.7496  0.7496  0.5357  0.6016  0.7947  0.4171  0.000040
epoch:578 0.7088  0.9359  0.7523  0.5363  0.5685  0.7425  0.6781  0.7486  0.7486  0.5536  0.6159  0.7918  0.4204  0.000040
epoch:579 0.7274  0.9428  0.7417  0.5462  0.5648  0.7593  0.6985  0.7687  0.7687  0.5536  0.6040  0.8085  0.4016  0.000040
epoch:580 0.7263  0.9352  0.7393  0.5413  0.5517  0.7631  0.6924  0.7647  0.7647  0.5488  0.5968  0.8119  0.4190  0.000040
epoch:581 0.7101  0.9383  0.7610  0.5274  0.5605  0.7455  0.6796  0.7497  0.7497  0.5405  0.6091  0.7966  0.4232  0.000040
epoch:582 0.7210  0.9350  0.7462  0.5317  0.5466  0.7543  0.6912  0.7601  0.7601  0.5488  0.5866  0.8080  0.4112  0.000040
epoch:583 0.6999  0.9407  0.7591  0.5513  0.5671  0.7249  0.6723  0.7411  0.7411  0.5667  0.6159  0.7744  0.4145  0.000040
epoch:584 0.7093  0.9359  0.7504  0.5455  0.5704  0.7377  0.6804  0.7493  0.7493  0.5571  0.6203  0.7865  0.4103  0.000040
epoch:585 0.7116  0.9430  0.7486  0.5413  0.5750  0.7417  0.6821  0.7532  0.7532  0.5583  0.6207  0.7942  0.4273  0.000040
epoch:586 0.7028  0.9394  0.7408  0.5413  0.5442  0.7337  0.6768  0.7448  0.7448  0.5488  0.5973  0.7788  0.4041  0.000040
epoch:587 0.7091  0.9359  0.7522  0.5413  0.5624  0.7426  0.6801  0.7503  0.7503  0.5488  0.6076  0.7952  0.4176  0.000040
epoch:588 0.7052  0.9371  0.7455  0.5462  0.5412  0.7424  0.6771  0.7461  0.7461  0.5536  0.5925  0.7889  0.4230  0.000040
epoch:589 0.7110  0.9433  0.7489  0.5508  0.5692  0.7366  0.6797  0.7489  0.7489  0.5583  0.6123  0.7812  0.4115  0.000040
epoch:590 0.7078  0.9364  0.7493  0.5413  0.5501  0.7413  0.6757  0.7459  0.7459  0.5488  0.5925  0.7897  0.4105  0.000040
epoch:591 0.7123  0.9421  0.7645  0.5363  0.5738  0.7420  0.6850  0.7533  0.7533  0.5536  0.6207  0.7955  0.4145  0.000040
epoch:592 0.7018  0.9413  0.7649  0.5463  0.5695  0.7341  0.6751  0.7462  0.7462  0.5619  0.6179  0.7879  0.4047  0.000040
epoch:593 0.7075  0.9403  0.7530  0.5413  0.5675  0.7284  0.6765  0.7450  0.7450  0.5488  0.6179  0.7715  0.4227  0.000040
epoch:594 0.7274  0.9419  0.7485  0.5413  0.5632  0.7621  0.6980  0.7685  0.7685  0.5488  0.6040  0.8101  0.4083  0.000040
epoch:595 0.7072  0.9369  0.7454  0.5395  0.5639  0.7410  0.6778  0.7471  0.7471  0.5536  0.6036  0.7918  0.4338  0.000040
epoch:596 0.7059  0.9364  0.7434  0.5413  0.5559  0.7368  0.6744  0.7437  0.7437  0.5488  0.6028  0.7863  0.4111  0.000040
epoch:597 0.7056  0.9358  0.7398  0.5274  0.5511  0.7330  0.6758  0.7452  0.7452  0.5405  0.5957  0.7757  0.4204  0.000040
epoch:598 0.7094  0.9419  0.7378  0.5413  0.5662  0.7349  0.6775  0.7480  0.7480  0.5488  0.6064  0.7786  0.4128  0.000040
epoch:599 0.7277  0.9357  0.7596  0.5459  0.5686  0.7587  0.6958  0.7666  0.7666  0.5536  0.6174  0.8101  0.4176  0.000040
epoch:600 0.7101  0.9427  0.7656  0.5459  0.5740  0.7379  0.6816  0.7514  0.7514  0.5536  0.6266  0.7876  0.4093  0.000040
epoch:601 0.7073  0.9414  0.7475  0.5795  0.5705  0.7385  0.6807  0.7506  0.7506  0.5869  0.6159  0.7924  0.4121  0.000040
epoch:602 0.7049  0.9364  0.7368  0.5323  0.5540  0.7433  0.6766  0.7468  0.7468  0.5452  0.5949  0.7934  0.4120  0.000040
epoch:603 0.7115  0.9371  0.7616  0.5274  0.5599  0.7472  0.6792  0.7491  0.7491  0.5405  0.5992  0.7966  0.4218  0.000040
epoch:604 0.7268  0.9429  0.7530  0.5505  0.5606  0.7583  0.6958  0.7663  0.7663  0.5619  0.6012  0.8064  0.4205  0.000040
epoch:605 0.7238  0.9363  0.7479  0.5317  0.5574  0.7573  0.6950  0.7643  0.7643  0.5488  0.6017  0.8061  0.4076  0.000040
epoch:606 0.7266  0.9361  0.7549  0.5274  0.5596  0.7569  0.6945  0.7653  0.7653  0.5405  0.6036  0.8045  0.4058  0.000040
epoch:607 0.7109  0.9363  0.7672  0.5274  0.5618  0.7438  0.6784  0.7486  0.7486  0.5405  0.6052  0.7918  0.4166  0.000040
epoch:608 0.7088  0.9418  0.7460  0.5366  0.5658  0.7406  0.6792  0.7487  0.7487  0.5536  0.6064  0.7937  0.4305  0.000040
epoch:609 0.7071  0.9364  0.7543  0.5274  0.5614  0.7443  0.6804  0.7493  0.7493  0.5405  0.6116  0.7990  0.4141  0.000040
epoch:610 0.6990  0.9430  0.7601  0.5441  0.5666  0.7294  0.6725  0.7418  0.7418  0.5583  0.6199  0.7827  0.4151  0.000040
epoch:611 0.7059  0.9360  0.7532  0.5884  0.5729  0.7296  0.6772  0.7478  0.7478  0.6000  0.6199  0.7828  0.4145  0.000040
epoch:612 0.7040  0.9381  0.7398  0.5703  0.5660  0.7303  0.6740  0.7435  0.7435  0.5833  0.6160  0.7774  0.4128  0.000040
epoch:613 0.7021  0.9340  0.7405  0.5650  0.5583  0.7380  0.6766  0.7455  0.7455  0.5821  0.6032  0.7902  0.4211  0.000040
epoch:614 0.7076  0.9434  0.7506  0.5413  0.5723  0.7408  0.6749  0.7495  0.7495  0.5583  0.6223  0.7948  0.4138  0.000040
epoch:615 0.7058  0.9375  0.7496  0.5274  0.5531  0.7404  0.6738  0.7434  0.7434  0.5405  0.5929  0.7878  0.4196  0.000040
epoch:616 0.7079  0.9371  0.7611  0.5274  0.5614  0.7395  0.6762  0.7464  0.7464  0.5405  0.6076  0.7881  0.4171  0.000040
epoch:617 0.7039  0.9424  0.7613  0.5274  0.5625  0.7384  0.6740  0.7442  0.7442  0.5405  0.6116  0.7857  0.4255  0.000040
epoch:618 0.7087  0.9370  0.7488  0.5502  0.5682  0.7430  0.6787  0.7498  0.7498  0.5619  0.6199  0.7958  0.4092  0.000040
epoch:619 0.7095  0.9375  0.7636  0.5551  0.5740  0.7421  0.6822  0.7524  0.7524  0.5667  0.6163  0.8001  0.4138  0.000040
epoch:620 0.7062  0.9342  0.7507  0.5274  0.5685  0.7313  0.6742  0.7457  0.7457  0.5405  0.6187  0.7780  0.4242  0.000040
epoch:621 0.7076  0.9432  0.7693  0.5323  0.5549  0.7430  0.6761  0.7460  0.7460  0.5452  0.5949  0.7915  0.4164  0.000040
epoch:622 0.7266  0.9445  0.7600  0.5317  0.5608  0.7612  0.6956  0.7661  0.7661  0.5488  0.6032  0.8125  0.3994  0.000040
epoch:623 0.7034  0.9341  0.7493  0.5274  0.5496  0.7390  0.6781  0.7476  0.7476  0.5405  0.6076  0.7857  0.4222  0.000040
epoch:624 0.6702  0.9341  0.7495  0.5686  0.5518  0.6937  0.6515  0.7192  0.7192  0.5869  0.6111  0.7406  0.4206  0.000040
epoch:625 0.7022  0.9365  0.7381  0.5274  0.5563  0.7383  0.6743  0.7448  0.7448  0.5405  0.5973  0.7926  0.4170  0.000040
epoch:626 0.7033  0.9369  0.7639  0.5551  0.5708  0.7360  0.6753  0.7439  0.7439  0.5667  0.6199  0.7848  0.4162  0.000040
epoch:627 0.7061  0.9416  0.7413  0.5366  0.5652  0.7417  0.6786  0.7491  0.7491  0.5536  0.6099  0.7921  0.4074  0.000040
epoch:628 0.7086  0.9370  0.7492  0.5792  0.5717  0.7397  0.6786  0.7485  0.7485  0.5869  0.6246  0.7876  0.4132  0.000040
epoch:629 0.7095  0.9365  0.7606  0.5413  0.5539  0.7426  0.6759  0.7464  0.7464  0.5488  0.5968  0.7897  0.4182  0.000040
epoch:630 0.7269  0.9364  0.7613  0.5462  0.5511  0.7655  0.6944  0.7649  0.7649  0.5536  0.5925  0.8132  0.4166  0.000040
epoch:631 0.7218  0.9270  0.7464  0.5274  0.5510  0.7587  0.6913  0.7633  0.7633  0.5405  0.5953  0.8103  0.4108  0.000040
epoch:632 0.7074  0.9381  0.7433  0.5224  0.5493  0.7434  0.6762  0.7485  0.7485  0.5357  0.5913  0.7933  0.4105  0.000040
epoch:633 0.7124  0.9425  0.7528  0.5795  0.5658  0.7378  0.6825  0.7514  0.7514  0.5869  0.6144  0.7849  0.4172  0.000040
epoch:634 0.7217  0.9434  0.7579  0.5551  0.5568  0.7557  0.6978  0.7670  0.7670  0.5667  0.6214  0.8090  0.4287  0.000040
epoch:635 0.6981  0.9406  0.7481  0.5370  0.5631  0.7287  0.6744  0.7432  0.7432  0.5500  0.6116  0.7914  0.4318  0.000040
epoch:636 0.7076  0.9426  0.7486  0.5323  0.5602  0.7385  0.6799  0.7498  0.7498  0.5452  0.6048  0.7855  0.4163  0.000040
epoch:637 0.7086  0.9418  0.7605  0.5274  0.5622  0.7434  0.6800  0.7484  0.7484  0.5405  0.6041  0.7955  0.4084  0.000040
epoch:638 0.7054  0.9363  0.7443  0.5363  0.5563  0.7382  0.6764  0.7460  0.7460  0.5440  0.5996  0.7852  0.4082  0.000040
epoch:639 0.6901  0.9337  0.7459  0.5846  0.5525  0.7208  0.6715  0.7391  0.7391  0.6000  0.6175  0.7758  0.4065  0.000040
epoch:640 0.6952  0.9340  0.7523  0.5846  0.5444  0.7238  0.6757  0.7431  0.7431  0.6000  0.6072  0.7766  0.4142  0.000040
epoch:641 0.7260  0.9439  0.7505  0.5842  0.5713  0.7498  0.6944  0.7636  0.7636  0.5917  0.6183  0.7937  0.4080  0.000040
epoch:642 0.7289  0.9423  0.7537  0.5512  0.5687  0.7629  0.6984  0.7695  0.7695  0.5500  0.6060  0.8114  0.4062  0.000040
epoch:643 0.7126  0.9374  0.7533  0.5274  0.5530  0.7500  0.6781  0.7495  0.7495  0.5405  0.5913  0.8027  0.4142  0.000040
epoch:644 0.6995  0.9363  0.7509  0.5508  0.5507  0.7372  0.6761  0.7441  0.7441  0.5583  0.6120  0.7860  0.4217  0.000040
epoch:645 0.7243  0.9367  0.7338  0.5462  0.5581  0.7571  0.6943  0.7648  0.7648  0.5536  0.5957  0.8051  0.4127  0.000040
epoch:646 0.7023  0.9408  0.7432  0.5274  0.5511  0.7410  0.6782  0.7468  0.7468  0.5405  0.6052  0.7960  0.4054  0.000040
epoch:647 0.7051  0.9369  0.7413  0.5508  0.5490  0.7413  0.6790  0.7476  0.7476  0.5583  0.6032  0.7876  0.4211  0.000040
epoch:648 0.7067  0.9363  0.7546  0.5459  0.5734  0.7274  0.6755  0.7447  0.7447  0.5536  0.6214  0.7773  0.4188  0.000040
epoch:649 0.7117  0.9364  0.7531  0.5413  0.5629  0.7453  0.6789  0.7491  0.7491  0.5488  0.6095  0.7923  0.4204  0.000040
epoch:650 0.7173  0.9270  0.7463  0.5508  0.5569  0.7528  0.6955  0.7624  0.7624  0.5583  0.6218  0.8011  0.4153  0.000040
epoch:651 0.7065  0.9372  0.7459  0.5274  0.5513  0.7427  0.6760  0.7462  0.7462  0.5405  0.5909  0.7958  0.3997  0.000040
epoch:652 0.7117  0.9424  0.7492  0.5413  0.5598  0.7431  0.6806  0.7499  0.7499  0.5488  0.6041  0.7900  0.4059  0.000040
epoch:653 0.7287  0.9440  0.7508  0.5462  0.5682  0.7601  0.6978  0.7683  0.7683  0.5536  0.6068  0.8082  0.4241  0.000040
epoch:654 0.6841  0.9361  0.7657  0.5835  0.5669  0.7128  0.6597  0.7286  0.7286  0.5952  0.6135  0.7686  0.4086  0.000040
epoch:655 0.7261  0.9436  0.7488  0.5363  0.5581  0.7586  0.6957  0.7656  0.7656  0.5440  0.5980  0.8066  0.4106  0.000040
epoch:656 0.7000  0.9372  0.7531  0.5274  0.5586  0.7311  0.6703  0.7431  0.7431  0.5405  0.6056  0.7816  0.4255  0.000040
epoch:657 0.7247  0.9365  0.7416  0.5505  0.5628  0.7616  0.6966  0.7674  0.7674  0.5619  0.6028  0.8138  0.4093  0.000040
epoch:658 0.7244  0.9357  0.7471  0.5274  0.5576  0.7607  0.6959  0.7664  0.7664  0.5405  0.6032  0.8148  0.4035  0.000040
epoch:659 0.6943  0.9420  0.7492  0.5463  0.5466  0.7247  0.6753  0.7440  0.7440  0.5619  0.6092  0.7837  0.4052  0.000040
epoch:660 0.7066  0.9364  0.7525  0.5413  0.5571  0.7421  0.6770  0.7469  0.7469  0.5488  0.6032  0.7894  0.4240  0.000040
epoch:661 0.7077  0.9363  0.7444  0.5274  0.5540  0.7438  0.6761  0.7479  0.7479  0.5405  0.5973  0.7905  0.4136  0.000040
epoch:662 0.7031  0.9429  0.7454  0.5551  0.5517  0.7393  0.6794  0.7493  0.7493  0.5667  0.6136  0.7971  0.4204  0.000040
epoch:663 0.6953  0.9353  0.7478  0.5774  0.5530  0.7322  0.6784  0.7458  0.7458  0.5917  0.6203  0.7858  0.4196  0.000040
epoch:664 0.6934  0.9425  0.7446  0.5795  0.5556  0.7229  0.6681  0.7374  0.7374  0.5869  0.6167  0.7693  0.4086  0.000040
epoch:665 0.7082  0.9357  0.7563  0.5551  0.5706  0.7249  0.6762  0.7451  0.7451  0.5667  0.6116  0.7730  0.4025  0.000040
epoch:666 0.7082  0.9375  0.7603  0.5323  0.5605  0.7391  0.6767  0.7463  0.7463  0.5452  0.6076  0.7934  0.4100  0.000040
epoch:667 0.7107  0.9376  0.7687  0.5323  0.5604  0.7436  0.6818  0.7514  0.7514  0.5452  0.6072  0.7968  0.4154  0.000040
epoch:668 0.7014  0.9364  0.7371  0.5323  0.5461  0.7410  0.6749  0.7454  0.7454  0.5452  0.5968  0.7878  0.4149  0.000040
epoch:669 0.7259  0.9431  0.7533  0.5323  0.5591  0.7567  0.6941  0.7646  0.7646  0.5452  0.6064  0.8037  0.4157  0.000040
epoch:670 0.7241  0.9369  0.7571  0.5323  0.5556  0.7575  0.6924  0.7620  0.7620  0.5452  0.5933  0.8064  0.4245  0.000040
epoch:671 0.7234  0.9375  0.7505  0.5413  0.5651  0.7509  0.6912  0.7614  0.7614  0.5488  0.6131  0.7963  0.4085  0.000040
epoch:672 0.7289  0.9421  0.7644  0.5413  0.5623  0.7626  0.6975  0.7680  0.7680  0.5488  0.6095  0.8145  0.4278  0.000040
epoch:673 0.7081  0.9440  0.7550  0.5462  0.5485  0.7380  0.6806  0.7502  0.7502  0.5536  0.6001  0.7870  0.4206  0.000040
epoch:674 0.7266  0.9419  0.7539  0.5323  0.5563  0.7631  0.7011  0.7719  0.7719  0.5452  0.6143  0.8124  0.4106  0.000040
epoch:675 0.7267  0.9441  0.7469  0.5413  0.5518  0.7625  0.6983  0.7679  0.7679  0.5488  0.6016  0.8093  0.4028  0.000040
epoch:676 0.7090  0.9331  0.7463  0.5462  0.5598  0.7398  0.6785  0.7490  0.7490  0.5536  0.5988  0.7921  0.4099  0.000040
epoch:677 0.7201  0.9387  0.7337  0.5413  0.5447  0.7570  0.6929  0.7625  0.7625  0.5488  0.6013  0.8040  0.4098  0.000040
epoch:678 0.7044  0.9365  0.7499  0.5274  0.5543  0.7431  0.6757  0.7459  0.7459  0.5405  0.5949  0.7900  0.4156  0.000040
epoch:679 0.7049  0.9367  0.7473  0.5842  0.5552  0.7358  0.6804  0.7493  0.7493  0.5917  0.6135  0.7873  0.4094  0.000040
epoch:680 0.6976  0.9427  0.7444  0.5508  0.5598  0.7221  0.6730  0.7426  0.7426  0.5583  0.6227  0.7652  0.4092  0.000040
epoch:681 0.7083  0.9376  0.7488  0.5607  0.5677  0.7414  0.6791  0.7473  0.7473  0.5738  0.6163  0.7889  0.4057  0.000040
epoch:682 0.7096  0.9447  0.7506  0.5455  0.5707  0.7366  0.6790  0.7506  0.7506  0.5571  0.6223  0.7916  0.4019  0.000040
epoch:683 0.7053  0.9437  0.7658  0.5274  0.5730  0.7370  0.6760  0.7465  0.7465  0.5405  0.6222  0.7863  0.4144  0.000040
epoch:684 0.7113  0.9375  0.7495  0.5505  0.5626  0.7417  0.6818  0.7498  0.7498  0.5619  0.6013  0.7947  0.4224  0.000040
epoch:685 0.7086  0.9340  0.7618  0.5274  0.5597  0.7373  0.6803  0.7473  0.7473  0.5405  0.6020  0.7820  0.4075  0.000040
epoch:686 0.6987  0.9334  0.7525  0.5510  0.5711  0.7274  0.6740  0.7422  0.7422  0.5667  0.6179  0.7805  0.4180  0.000040
epoch:687 0.7287  0.9418  0.7730  0.5363  0.5614  0.7634  0.6984  0.7697  0.7697  0.5440  0.6064  0.8116  0.4177  0.000040
epoch:688 0.7211  0.9436  0.7505  0.5462  0.5471  0.7598  0.6944  0.7646  0.7646  0.5536  0.6056  0.8104  0.4097  0.000040
epoch:689 0.7076  0.9422  0.7418  0.5274  0.5755  0.7367  0.6798  0.7506  0.7506  0.5405  0.6230  0.7868  0.4058  0.000040
epoch:690 0.7037  0.9428  0.7396  0.5657  0.5614  0.7413  0.6775  0.7465  0.7465  0.5786  0.6076  0.7913  0.4026  0.000040
epoch:691 0.6981  0.9363  0.7479  0.5441  0.5509  0.7295  0.6736  0.7428  0.7428  0.5583  0.6088  0.7823  0.3986  0.000040
epoch:692 0.7269  0.9408  0.7492  0.5370  0.5572  0.7603  0.6966  0.7674  0.7674  0.5500  0.5961  0.8080  0.4108  0.000040
epoch:693 0.6998  0.9280  0.7563  0.5274  0.5377  0.7372  0.6767  0.7434  0.7434  0.5405  0.5989  0.7886  0.4060  0.000040
epoch:694 0.7034  0.9282  0.7417  0.5795  0.5503  0.7365  0.6803  0.7470  0.7470  0.5869  0.6052  0.7892  0.4242  0.000040
epoch:695 0.7057  0.9405  0.7511  0.5274  0.5600  0.7332  0.6742  0.7453  0.7453  0.5405  0.6040  0.7841  0.4001  0.000040
epoch:696 0.7102  0.9430  0.7386  0.5795  0.5631  0.7430  0.6807  0.7496  0.7496  0.5869  0.6036  0.7897  0.3982  0.000040
epoch:697 0.7074  0.9352  0.7527  0.5884  0.5664  0.7250  0.6798  0.7477  0.7477  0.6000  0.6183  0.7728  0.4123  0.000040
epoch:698 0.7059  0.9369  0.7428  0.5274  0.5599  0.7376  0.6748  0.7491  0.7491  0.5405  0.6056  0.7875  0.4093  0.000040
epoch:699 0.7056  0.9382  0.7480  0.5274  0.5556  0.7361  0.6731  0.7424  0.7424  0.5405  0.5968  0.7805  0.3945  0.000040
epoch:700 0.7057  0.9434  0.7437  0.5657  0.5540  0.7404  0.6790  0.7495  0.7495  0.5786  0.6071  0.7921  0.4095  0.000040
epoch:701 0.7035  0.9413  0.7468  0.5728  0.5522  0.7381  0.6822  0.7496  0.7496  0.5869  0.6120  0.7916  0.3980  0.000040
epoch:702 0.7010  0.9421  0.7448  0.5274  0.5411  0.7324  0.6715  0.7438  0.7438  0.5405  0.5953  0.7807  0.4154  0.000040
epoch:703 0.7004  0.9431  0.7448  0.5395  0.5467  0.7355  0.6762  0.7455  0.7455  0.5536  0.6072  0.7865  0.4096  0.000040
epoch:704 0.7065  0.9370  0.7483  0.5462  0.5510  0.7427  0.6805  0.7489  0.7489  0.5536  0.6032  0.7905  0.4090  0.000040
epoch:705 0.7115  0.9437  0.7468  0.5462  0.5649  0.7449  0.6811  0.7513  0.7513  0.5536  0.6040  0.7950  0.4171  0.000040
epoch:706 0.7109  0.9426  0.7516  0.5508  0.5668  0.7457  0.6810  0.7518  0.7518  0.5583  0.6159  0.7971  0.4093  0.000040
epoch:707 0.7198  0.9377  0.7317  0.5323  0.5487  0.7575  0.6889  0.7591  0.7591  0.5452  0.5866  0.8035  0.4034  0.000040
epoch:708 0.7018  0.9349  0.7644  0.5884  0.5650  0.7249  0.6765  0.7442  0.7442  0.6000  0.6120  0.7802  0.4284  0.000040
epoch:709 0.7258  0.9428  0.7471  0.5462  0.5501  0.7607  0.6956  0.7673  0.7673  0.5536  0.5898  0.8114  0.4138  0.000040
epoch:710 0.6842  0.9279  0.7591  0.5884  0.5656  0.7130  0.6621  0.7282  0.7282  0.6000  0.6144  0.7649  0.4093  0.000040
epoch:711 0.7042  0.9376  0.7448  0.5462  0.5460  0.7408  0.6761  0.7469  0.7469  0.5536  0.5968  0.7894  0.3873  0.000040
epoch:712 0.7125  0.9365  0.7474  0.5462  0.5687  0.7365  0.6807  0.7497  0.7497  0.5536  0.6159  0.7847  0.4141  0.000040
epoch:713 0.7010  0.9288  0.7474  0.5274  0.5495  0.7337  0.6743  0.7442  0.7442  0.5405  0.6052  0.7804  0.4067  0.000040
epoch:714 0.7083  0.9382  0.7648  0.5323  0.5596  0.7394  0.6767  0.7472  0.7472  0.5452  0.6076  0.7868  0.4117  0.000040
epoch:715 0.7021  0.9390  0.7506  0.5303  0.5442  0.7346  0.6787  0.7474  0.7474  0.5405  0.5981  0.7847  0.4137  0.000040
epoch:716 0.6997  0.9422  0.7537  0.5796  0.5638  0.7292  0.6770  0.7454  0.7454  0.5952  0.6116  0.7874  0.4156  0.000040
epoch:717 0.7101  0.9382  0.7659  0.5323  0.5560  0.7482  0.6826  0.7528  0.7528  0.5452  0.6095  0.7960  0.4176  0.000040
epoch:718 0.7070  0.9364  0.7534  0.5607  0.5572  0.7245  0.6738  0.7433  0.7433  0.5738  0.6016  0.7682  0.4222  0.000040
epoch:719 0.7071  0.9377  0.7417  0.5508  0.5597  0.7373  0.6819  0.7505  0.7505  0.5583  0.6227  0.7826  0.4149  0.000040
epoch:720 0.7267  0.9454  0.7462  0.5323  0.5590  0.7610  0.6935  0.7691  0.7691  0.5452  0.5985  0.8132  0.4159  0.000040
epoch:721 0.7068  0.9377  0.7294  0.5274  0.5506  0.7482  0.6799  0.7492  0.7492  0.5405  0.5957  0.8000  0.4116  0.000040
epoch:722 0.7034  0.9431  0.7354  0.5323  0.5467  0.7420  0.6773  0.7481  0.7481  0.5452  0.5992  0.7905  0.4213  0.000040
epoch:723 0.7020  0.9369  0.7465  0.5462  0.5469  0.7346  0.6753  0.7461  0.7461  0.5536  0.5988  0.7812  0.4013  0.000040
epoch:724 0.7051  0.9359  0.7466  0.5274  0.5521  0.7333  0.6729  0.7455  0.7455  0.5405  0.5968  0.7838  0.3860  0.000040
epoch:725 0.7063  0.9433  0.7548  0.5323  0.5590  0.7429  0.6775  0.7477  0.7477  0.5452  0.5992  0.7918  0.4216  0.000040
epoch:726 0.7110  0.9433  0.7642  0.5441  0.5647  0.7432  0.6816  0.7505  0.7505  0.5583  0.6120  0.7944  0.4082  0.000040
epoch:727 0.7070  0.9344  0.7388  0.5795  0.5535  0.7416  0.6814  0.7503  0.7503  0.5869  0.6056  0.7934  0.3976  0.000040
epoch:728 0.7101  0.9418  0.7473  0.5274  0.5574  0.7460  0.6812  0.7532  0.7532  0.5405  0.6044  0.7971  0.4108  0.000040
epoch:729 0.7091  0.9364  0.7342  0.5462  0.5519  0.7434  0.6768  0.7517  0.7517  0.5536  0.5894  0.7957  0.4099  0.000040
epoch:730 0.6929  0.9362  0.7498  0.5714  0.5483  0.7231  0.6742  0.7428  0.7428  0.5869  0.6159  0.7776  0.4189  0.000040
epoch:731 0.7026  0.9434  0.7591  0.5462  0.5593  0.7384  0.6821  0.7514  0.7514  0.5536  0.6104  0.7937  0.4180  0.000040
epoch:732 0.7209  0.9345  0.7400  0.5274  0.5571  0.7515  0.6914  0.7616  0.7616  0.5405  0.6016  0.7990  0.4101  0.000040
epoch:733 0.6990  0.9392  0.7429  0.5732  0.5578  0.7309  0.6781  0.7462  0.7462  0.5833  0.6207  0.7855  0.4166  0.000040
epoch:734 0.7219  0.9380  0.7420  0.5323  0.5507  0.7569  0.6871  0.7635  0.7635  0.5452  0.5949  0.8045  0.4071  0.000040
epoch:735 0.7239  0.9336  0.7475  0.5462  0.5613  0.7559  0.6960  0.7662  0.7662  0.5536  0.5992  0.8093  0.4053  0.000040
epoch:736 0.7028  0.9366  0.7443  0.5352  0.5405  0.7439  0.6755  0.7463  0.7463  0.5452  0.5929  0.7937  0.3946  0.000040
epoch:737 0.7282  0.9442  0.7510  0.5323  0.5619  0.7630  0.7001  0.7707  0.7707  0.5452  0.6068  0.8124  0.3855  0.000040
epoch:738 0.7049  0.9395  0.7629  0.5352  0.5476  0.7382  0.6790  0.7495  0.7495  0.5452  0.5992  0.7908  0.4111  0.000040
epoch:739 0.7059  0.9383  0.7421  0.5323  0.5597  0.7296  0.6741  0.7443  0.7443  0.5452  0.6020  0.7728  0.4145  0.000040
epoch:740 0.7064  0.9387  0.7461  0.5462  0.5611  0.7399  0.6814  0.7516  0.7516  0.5536  0.6016  0.7987  0.4100  0.000040
epoch:741 0.7117  0.9375  0.7464  0.5462  0.5667  0.7451  0.6822  0.7515  0.7515  0.5536  0.6139  0.7971  0.4022  0.000040
epoch:742 0.7113  0.9382  0.7531  0.5274  0.5557  0.7382  0.6772  0.7483  0.7483  0.5405  0.5952  0.7929  0.4194  0.000040
epoch:743 0.7079  0.9282  0.7491  0.5303  0.5556  0.7486  0.6876  0.7533  0.7533  0.5405  0.6084  0.8021  0.4091  0.000040
epoch:744 0.7049  0.9370  0.7537  0.5323  0.5448  0.7479  0.6823  0.7525  0.7525  0.5452  0.6016  0.8008  0.3998  0.000040
epoch:745 0.7018  0.9425  0.7377  0.5323  0.5461  0.7428  0.6763  0.7465  0.7465  0.5452  0.5973  0.7894  0.4132  0.000040
epoch:746 0.7091  0.9381  0.7462  0.5551  0.5571  0.7476  0.6857  0.7549  0.7549  0.5667  0.6099  0.7984  0.4060  0.000040
epoch:747 0.7005  0.9276  0.7415  0.5462  0.5557  0.7347  0.6806  0.7472  0.7472  0.5536  0.6159  0.7847  0.4008  0.000040
epoch:748 0.7028  0.9361  0.7454  0.5323  0.5480  0.7436  0.6794  0.7486  0.7486  0.5452  0.6056  0.7984  0.4065  0.000040
epoch:749 0.6992  0.9377  0.7356  0.5323  0.5438  0.7354  0.6726  0.7421  0.7421  0.5452  0.5973  0.7786  0.4041  0.000040
epoch:750 0.7086  0.9420  0.7515  0.5323  0.5690  0.7371  0.6746  0.7480  0.7480  0.5452  0.6119  0.7868  0.4063  0.000040
epoch:751 0.7070  0.9364  0.7465  0.5459  0.5563  0.7391  0.6810  0.7521  0.7521  0.5536  0.6199  0.7876  0.4098  0.000040
epoch:752 0.7062  0.9340  0.7427  0.5732  0.5642  0.7348  0.6849  0.7513  0.7513  0.5833  0.6255  0.7812  0.4119  0.000040
epoch:753 0.7096  0.9432  0.7452  0.5636  0.5629  0.7458  0.6818  0.7517  0.7517  0.5738  0.6044  0.7974  0.4125  0.000040
epoch:754 0.7079  0.9428  0.7513  0.5323  0.5515  0.7448  0.6799  0.7504  0.7504  0.5452  0.6040  0.7926  0.4175  0.000040
epoch:755 0.7029  0.9406  0.7436  0.5398  0.5540  0.7327  0.6775  0.7470  0.7470  0.5500  0.6099  0.7812  0.4272  0.000040
epoch:756 0.7088  0.9381  0.7451  0.5508  0.5515  0.7461  0.6821  0.7517  0.7517  0.5583  0.6072  0.7982  0.4027  0.000040
epoch:757 0.6967  0.9348  0.7433  0.5725  0.5534  0.7275  0.6738  0.7439  0.7439  0.5869  0.6160  0.7765  0.3947  0.000040
epoch:758 0.7049  0.9372  0.7418  0.5352  0.5579  0.7341  0.6793  0.7479  0.7479  0.5452  0.6163  0.7775  0.4036  0.000040
epoch:759 0.6971  0.9335  0.7450  0.5343  0.5509  0.7302  0.6781  0.7444  0.7444  0.5500  0.6227  0.7775  0.4083  0.000040
epoch:760 0.7041  0.9369  0.7359  0.5274  0.5474  0.7415  0.6773  0.7475  0.7475  0.5405  0.5996  0.7862  0.4106  0.000040
epoch:761 0.7042  0.9436  0.7575  0.5398  0.5507  0.7362  0.6764  0.7483  0.7483  0.5500  0.6041  0.7812  0.4106  0.000040
epoch:762 0.7007  0.9448  0.7405  0.5323  0.5518  0.7338  0.6732  0.7443  0.7443  0.5452  0.6091  0.7818  0.4213  0.000040
epoch:763 0.6957  0.9401  0.7611  0.5441  0.5561  0.7153  0.6758  0.7437  0.7437  0.5583  0.6187  0.7654  0.3949  0.000040
epoch:764 0.7055  0.9415  0.7612  0.5732  0.5532  0.7306  0.6807  0.7486  0.7486  0.5833  0.6139  0.7775  0.3993  0.000040
epoch:765 0.7054  0.9370  0.7500  0.5323  0.5498  0.7393  0.6768  0.7490  0.7490  0.5452  0.5937  0.7886  0.3960  0.000040
epoch:766 0.7121  0.9363  0.7590  0.5274  0.5642  0.7412  0.6788  0.7499  0.7499  0.5405  0.6099  0.7902  0.4094  0.000040
epoch:767 0.7035  0.9433  0.7464  0.5398  0.5526  0.7371  0.6794  0.7491  0.7491  0.5500  0.6139  0.7855  0.4019  0.000040
epoch:768 0.7251  0.9407  0.7352  0.5462  0.5534  0.7546  0.6957  0.7677  0.7677  0.5536  0.5977  0.8061  0.4112  0.000040
epoch:769 0.7031  0.9348  0.7482  0.5732  0.5535  0.7316  0.6796  0.7476  0.7476  0.5833  0.6139  0.7847  0.4092  0.000040
epoch:770 0.7041  0.9349  0.7479  0.5685  0.5468  0.7357  0.6809  0.7489  0.7489  0.5786  0.5977  0.7889  0.4111  0.000040
epoch:771 0.6946  0.9316  0.7442  0.5884  0.5525  0.7271  0.6778  0.7449  0.7449  0.6000  0.6124  0.7821  0.3919  0.000040
epoch:772 0.6810  0.9421  0.7467  0.5732  0.5603  0.7013  0.6582  0.7262  0.7262  0.5833  0.6230  0.7456  0.3918  0.000040
epoch:773 0.6973  0.9437  0.7433  0.5352  0.5508  0.7353  0.6760  0.7453  0.7453  0.5452  0.6100  0.7919  0.4110  0.000040
epoch:774 0.7012  0.9278  0.7414  0.5413  0.5452  0.7318  0.6754  0.7435  0.7435  0.5488  0.6021  0.7759  0.3943  0.000040
epoch:775 0.7235  0.9343  0.7411  0.5462  0.5551  0.7547  0.6946  0.7648  0.7648  0.5536  0.5937  0.8072  0.4079  0.000040
epoch:776 0.7090  0.9388  0.7532  0.5732  0.5489  0.7505  0.6852  0.7535  0.7535  0.5833  0.6013  0.8056  0.4162  0.000040
epoch:777 0.7054  0.9338  0.7538  0.5370  0.5631  0.7405  0.6779  0.7496  0.7496  0.5500  0.6056  0.7961  0.4055  0.000040
epoch:778 0.7074  0.9374  0.7474  0.5508  0.5503  0.7386  0.6809  0.7498  0.7498  0.5583  0.6092  0.7902  0.4065  0.000040
epoch:779 0.7117  0.9394  0.7648  0.5323  0.5677  0.7437  0.6770  0.7526  0.7526  0.5452  0.6167  0.7862  0.4110  0.000040
epoch:780 0.7139  0.9382  0.7605  0.5370  0.5666  0.7496  0.6846  0.7551  0.7551  0.5500  0.6060  0.8005  0.4143  0.000040
epoch:781 0.7073  0.9377  0.7528  0.5323  0.5585  0.7474  0.6772  0.7474  0.7474  0.5452  0.5973  0.7955  0.3939  0.000040
epoch:782 0.7031  0.9424  0.7467  0.5884  0.5483  0.7364  0.6781  0.7486  0.7486  0.6000  0.6096  0.7905  0.3998  0.000040
epoch:783 0.7263  0.9427  0.7297  0.5323  0.5551  0.7614  0.6963  0.7685  0.7685  0.5452  0.5937  0.8103  0.4022  0.000040
epoch:784 0.7052  0.9425  0.7386  0.5462  0.5479  0.7405  0.6789  0.7491  0.7491  0.5536  0.5992  0.7905  0.4077  0.000040
epoch:785 0.7066  0.9423  0.7408  0.5323  0.5559  0.7394  0.6788  0.7487  0.7487  0.5452  0.6001  0.7868  0.3974  0.000040
epoch:786 0.7064  0.9368  0.7388  0.5352  0.5540  0.7468  0.6830  0.7529  0.7529  0.5452  0.6116  0.8018  0.4036  0.000040
epoch:787 0.7108  0.9351  0.7605  0.5462  0.5602  0.7408  0.6761  0.7487  0.7487  0.5536  0.5992  0.7910  0.4026  0.000040
epoch:788 0.7095  0.9433  0.7474  0.5462  0.5601  0.7375  0.6804  0.7506  0.7506  0.5536  0.6048  0.7873  0.4012  0.000040
epoch:789 0.7023  0.9375  0.7550  0.5551  0.5545  0.7394  0.6811  0.7504  0.7504  0.5667  0.6144  0.7974  0.3947  0.000040
epoch:790 0.7081  0.9353  0.7558  0.5323  0.5633  0.7341  0.6782  0.7492  0.7492  0.5452  0.6080  0.7849  0.4096  0.000040
epoch:791 0.7037  0.9368  0.7418  0.5462  0.5535  0.7305  0.6780  0.7473  0.7473  0.5536  0.6116  0.7818  0.3948  0.000040
epoch:792 0.7063  0.9338  0.7468  0.5657  0.5630  0.7421  0.6808  0.7510  0.7510  0.5786  0.6056  0.7966  0.4025  0.000040
epoch:793 0.7274  0.9381  0.7446  0.5323  0.5556  0.7627  0.6939  0.7673  0.7673  0.5452  0.5996  0.8106  0.4047  0.000040
epoch:794 0.7049  0.9377  0.7411  0.5462  0.5484  0.7383  0.6792  0.7466  0.7466  0.5536  0.6017  0.7871  0.4128  0.000040
epoch:795 0.7267  0.9441  0.7510  0.5323  0.5548  0.7582  0.6979  0.7678  0.7678  0.5452  0.5965  0.8095  0.4091  0.000040
epoch:796 0.7028  0.9371  0.7501  0.5323  0.5467  0.7442  0.6789  0.7481  0.7481  0.5452  0.6032  0.7960  0.4008  0.000040
epoch:797 0.7007  0.9396  0.7414  0.5303  0.5541  0.7338  0.6789  0.7478  0.7478  0.5405  0.6163  0.7855  0.3914  0.000040
epoch:798 0.7032  0.9336  0.7456  0.5323  0.5454  0.7436  0.6794  0.7499  0.7499  0.5452  0.5968  0.7987  0.4057  0.000040
epoch:799 0.7012  0.9288  0.7425  0.5323  0.5468  0.7391  0.6792  0.7465  0.7465  0.5452  0.6056  0.7900  0.4039  0.000040
epoch:800 0.7200  0.9319  0.7471  0.5320  0.5562  0.7456  0.6934  0.7642  0.7642  0.5452  0.5961  0.8005  0.3991  0.000040
