epoch:0 0.1053  0.2222  0.0138  0.0521  0.0966  0.1001  0.0963  0.1690  0.1967  0.0524  0.1667  0.1925  2.4458  0.004000
epoch:1 0.1715  0.3915  0.0994  0.2019  0.2924  0.1315  0.1964  0.3024  0.3182  0.2381  0.4060  0.2873  1.7550  0.004000
epoch:2 0.3901  0.7956  0.3323  0.3695  0.3690  0.3140  0.3781  0.5194  0.5197  0.4988  0.5011  0.4868  1.4017  0.004000
epoch:3 0.4296  0.8322  0.3158  0.3383  0.4383  0.3624  0.4471  0.5317  0.5317  0.4036  0.4818  0.5226  1.1591  0.004000
epoch:4 0.5381  0.8794  0.4616  0.4322  0.4869  0.4811  0.5342  0.6097  0.6103  0.4405  0.5649  0.5933  1.0031  0.004000
epoch:5 0.5920  0.9169  0.7058  0.4909  0.5554  0.5917  0.5799  0.6479  0.6479  0.5274  0.5808  0.6605  0.8957  0.004000
epoch:6 0.6348  0.9121  0.7035  0.5055  0.5730  0.6608  0.6206  0.6966  0.6966  0.5357  0.6081  0.7258  0.8166  0.004000
epoch:7 0.6436  0.9200  0.6902  0.6085  0.5229  0.6495  0.6132  0.6975  0.6975  0.6202  0.5692  0.7023  0.7797  0.004000
epoch:8 0.6458  0.9156  0.7029  0.5787  0.5289  0.6684  0.6245  0.7048  0.7048  0.6202  0.5634  0.7383  0.7096  0.004000
epoch:9 0.6417  0.9359  0.6937  0.5574  0.5285  0.6576  0.6138  0.6885  0.6885  0.5619  0.5726  0.7073  0.6800  0.004000
epoch:10 0.6225  0.9387  0.7414  0.5562  0.5195  0.6417  0.5947  0.6728  0.6728  0.5607  0.5754  0.7104  0.6542  0.004000
epoch:11 0.6630  0.9424  0.7153  0.5460  0.5105  0.6881  0.6290  0.7082  0.7082  0.5571  0.5648  0.7450  0.6262  0.004000
epoch:12 0.6686  0.9377  0.7277  0.5471  0.5791  0.6956  0.6353  0.7135  0.7135  0.5619  0.6234  0.7513  0.5913  0.004000
epoch:13 0.6831  0.9423  0.7526  0.5220  0.5628  0.7215  0.6461  0.7251  0.7251  0.5286  0.5917  0.7718  0.5800  0.004000
epoch:14 0.5736  0.8335  0.6308  0.5432  0.5684  0.5894  0.6406  0.7180  0.7180  0.5429  0.6198  0.7432  0.5547  0.004000
epoch:15 0.6711  0.9432  0.7444  0.5371  0.5429  0.6964  0.6416  0.7111  0.7111  0.5476  0.6051  0.7410  0.5358  0.004000
epoch:16 0.6902  0.9366  0.7739  0.4435  0.5478  0.7259  0.6585  0.7339  0.7339  0.4548  0.6024  0.7752  0.5011  0.000400
epoch:17 0.6129  0.8543  0.6707  0.4441  0.5797  0.6513  0.6568  0.7297  0.7297  0.4548  0.6333  0.7775  0.4906  0.000400
epoch:18 0.7169  0.9418  0.7729  0.5915  0.5820  0.7567  0.6801  0.7557  0.7557  0.5988  0.6235  0.8018  0.4941  0.000400
epoch:19 0.6978  0.9372  0.7629  0.4291  0.5687  0.7375  0.6664  0.7419  0.7419  0.4405  0.6226  0.7964  0.4892  0.000400
epoch:20 0.7013  0.9376  0.7458  0.4338  0.5641  0.7439  0.6685  0.7424  0.7424  0.4452  0.6183  0.7961  0.4918  0.000400
epoch:21 0.6147  0.8536  0.6500  0.4345  0.5683  0.6539  0.6602  0.7347  0.7347  0.4452  0.6310  0.7840  0.4792  0.000400
epoch:22 0.6975  0.9376  0.7680  0.4338  0.5685  0.7441  0.6656  0.7401  0.7401  0.4452  0.6266  0.7972  0.4638  0.000040
epoch:23 0.6993  0.9360  0.7708  0.4395  0.5581  0.7426  0.6646  0.7391  0.7391  0.4500  0.6048  0.7822  0.4718  0.000040
epoch:24 0.7015  0.9382  0.7660  0.4382  0.5700  0.7504  0.6690  0.7444  0.7444  0.4488  0.6314  0.7999  0.4645  0.000040
epoch:25 0.6967  0.9366  0.7498  0.4339  0.5520  0.7395  0.6592  0.7369  0.7369  0.4405  0.6016  0.7889  0.4827  0.000040
epoch:26 0.5956  0.8263  0.6459  0.4420  0.5692  0.6382  0.6633  0.7368  0.7368  0.4536  0.6211  0.7871  0.4694  0.000040
epoch:27 0.6155  0.8532  0.6715  0.4255  0.5611  0.6552  0.6552  0.7291  0.7291  0.4369  0.6207  0.7685  0.4759  0.000040
epoch:28 0.6204  0.8532  0.6766  0.4420  0.5762  0.6599  0.6622  0.7369  0.7369  0.4536  0.6250  0.7833  0.4687  0.000040
epoch:29 0.6967  0.9366  0.7700  0.4339  0.5752  0.7383  0.6623  0.7356  0.7356  0.4405  0.6207  0.7880  0.4685  0.000040
epoch:30 0.6954  0.9378  0.7729  0.4295  0.5739  0.7323  0.6566  0.7308  0.7308  0.4357  0.6183  0.7791  0.4786  0.000040
epoch:31 0.6958  0.9373  0.7596  0.4213  0.5752  0.7435  0.6573  0.7340  0.7340  0.4274  0.6230  0.7894  0.4672  0.000040
epoch:32 0.6937  0.9367  0.7587  0.4382  0.5653  0.7354  0.6611  0.7334  0.7334  0.4488  0.6163  0.7828  0.4500  0.000040
epoch:33 0.7038  0.9414  0.7711  0.5916  0.5779  0.7419  0.6668  0.7442  0.7442  0.5976  0.6222  0.7911  0.4663  0.000040
epoch:34 0.6992  0.9373  0.7627  0.4299  0.5633  0.7432  0.6636  0.7390  0.7390  0.4405  0.6123  0.7904  0.4581  0.000040
epoch:35 0.7046  0.9383  0.7636  0.4382  0.5728  0.7489  0.6733  0.7466  0.7466  0.4488  0.6329  0.7967  0.4724  0.000040
epoch:36 0.7140  0.9370  0.7598  0.4420  0.5792  0.7635  0.6825  0.7570  0.7570  0.4536  0.6329  0.8171  0.4596  0.000040
epoch:37 0.7167  0.9364  0.7648  0.4420  0.5682  0.7562  0.6846  0.7594  0.7594  0.4536  0.6207  0.8072  0.4714  0.000040
epoch:38 0.6914  0.9368  0.7372  0.4299  0.5609  0.7388  0.6585  0.7326  0.7326  0.4405  0.6147  0.7862  0.4676  0.000040
epoch:39 0.7155  0.9359  0.7719  0.4387  0.5648  0.7614  0.6824  0.7572  0.7572  0.4500  0.6179  0.8088  0.4807  0.000040
epoch:40 0.6992  0.9377  0.7747  0.4420  0.5759  0.7457  0.6665  0.7407  0.7407  0.4536  0.6286  0.7930  0.4567  0.000040
epoch:41 0.7020  0.9372  0.7735  0.4420  0.5728  0.7465  0.6697  0.7427  0.7427  0.4536  0.6226  0.7990  0.4541  0.000040
epoch:42 0.6961  0.9366  0.7606  0.4292  0.5715  0.7421  0.6600  0.7372  0.7372  0.4357  0.6187  0.7915  0.4616  0.000040
epoch:43 0.6927  0.9370  0.7639  0.4338  0.5720  0.7338  0.6649  0.7373  0.7373  0.4452  0.6226  0.7893  0.4519  0.000040
epoch:44 0.6941  0.9371  0.7680  0.4299  0.5650  0.7358  0.6555  0.7332  0.7332  0.4405  0.6119  0.7795  0.4601  0.000040
epoch:45 0.6899  0.9367  0.7584  0.4338  0.5577  0.7336  0.6583  0.7330  0.7330  0.4452  0.6080  0.7867  0.4672  0.000040
epoch:46 0.6980  0.9376  0.7689  0.4428  0.5817  0.7412  0.6574  0.7383  0.7383  0.4536  0.6325  0.7917  0.4564  0.000040
epoch:47 0.6914  0.9374  0.7555  0.4253  0.5718  0.7303  0.6559  0.7288  0.7288  0.4357  0.6226  0.7760  0.4639  0.000040
epoch:48 0.6205  0.8544  0.6816  0.4338  0.5754  0.6687  0.6645  0.7389  0.7389  0.4452  0.6305  0.7970  0.4491  0.000040
epoch:49 0.6976  0.9379  0.7618  0.4382  0.5844  0.7404  0.6596  0.7358  0.7358  0.4488  0.6226  0.7843  0.4435  0.000040
epoch:50 0.6960  0.9362  0.7657  0.4338  0.5680  0.7409  0.6652  0.7400  0.7400  0.4452  0.6143  0.7945  0.4501  0.000040
epoch:51 0.6954  0.9373  0.7613  0.4345  0.5804  0.7399  0.6606  0.7347  0.7347  0.4452  0.6261  0.7888  0.4743  0.000040
epoch:52 0.7003  0.9378  0.7671  0.4420  0.5683  0.7513  0.6659  0.7400  0.7400  0.4536  0.6119  0.7994  0.4638  0.000040
epoch:53 0.7010  0.9372  0.7725  0.4428  0.5810  0.7462  0.6678  0.7419  0.7419  0.4536  0.6246  0.7989  0.4572  0.000040
epoch:54 0.6972  0.9373  0.7602  0.4385  0.5659  0.7417  0.6578  0.7378  0.7378  0.4452  0.6167  0.7938  0.4733  0.000040
epoch:55 0.6227  0.8534  0.6916  0.4382  0.5733  0.6645  0.6574  0.7344  0.7344  0.4488  0.6230  0.7796  0.4744  0.000040
epoch:56 0.6988  0.9372  0.7571  0.4382  0.5802  0.7450  0.6629  0.7382  0.7382  0.4488  0.6246  0.7906  0.4721  0.000040
epoch:57 0.6948  0.9372  0.7601  0.4339  0.5754  0.7430  0.6544  0.7317  0.7317  0.4405  0.6167  0.7881  0.4675  0.000040
epoch:58 0.6975  0.9379  0.7732  0.4345  0.5823  0.7394  0.6630  0.7378  0.7378  0.4452  0.6349  0.7880  0.4544  0.000040
epoch:59 0.6991  0.9367  0.7689  0.4256  0.5640  0.7474  0.6604  0.7378  0.7378  0.4321  0.6230  0.7923  0.4711  0.000040
epoch:60 0.7174  0.9371  0.7700  0.4385  0.5694  0.7582  0.6818  0.7581  0.7581  0.4500  0.6143  0.8075  0.4602  0.000040
epoch:61 0.7122  0.9366  0.7672  0.4420  0.5794  0.7577  0.6808  0.7561  0.7561  0.4536  0.6286  0.8126  0.4711  0.000040
epoch:62 0.6180  0.8529  0.6861  0.4338  0.5718  0.6631  0.6609  0.7353  0.7353  0.4452  0.6162  0.7883  0.4732  0.000040
epoch:63 0.7035  0.9370  0.7717  0.4338  0.5829  0.7434  0.6669  0.7426  0.7426  0.4452  0.6246  0.7919  0.4523  0.000040
epoch:64 0.7207  0.9368  0.7683  0.4517  0.5757  0.7539  0.6902  0.7644  0.7644  0.4631  0.6246  0.8042  0.4716  0.000040
epoch:65 0.6969  0.9365  0.7670  0.4299  0.5689  0.7466  0.6579  0.7388  0.7388  0.4405  0.6143  0.8004  0.4774  0.000040
epoch:66 0.7190  0.9378  0.7682  0.4338  0.5768  0.7690  0.6858  0.7632  0.7632  0.4452  0.6305  0.8252  0.4717  0.000040
epoch:67 0.6795  0.9369  0.7736  0.4385  0.5780  0.7218  0.6441  0.7203  0.7203  0.4500  0.6246  0.7724  0.4496  0.000040
epoch:68 0.7025  0.9365  0.7640  0.4387  0.5749  0.7471  0.6705  0.7459  0.7459  0.4500  0.6305  0.7977  0.4648  0.000040
epoch:69 0.6982  0.9372  0.7643  0.4338  0.5723  0.7397  0.6658  0.7402  0.7402  0.4452  0.6207  0.7930  0.4653  0.000040
epoch:70 0.6993  0.9367  0.7613  0.4385  0.5830  0.7421  0.6702  0.7432  0.7432  0.4500  0.6265  0.7996  0.4541  0.000040
epoch:71 0.7018  0.9405  0.7711  0.5962  0.5864  0.7458  0.6660  0.7444  0.7444  0.6024  0.6246  0.7951  0.4647  0.000040
epoch:72 0.7011  0.9372  0.7643  0.4385  0.5623  0.7432  0.6649  0.7405  0.7405  0.4500  0.6104  0.7908  0.4629  0.000040
epoch:73 0.6947  0.9374  0.7613  0.4299  0.5863  0.7421  0.6579  0.7330  0.7330  0.4405  0.6270  0.7905  0.4569  0.000040
epoch:74 0.6791  0.9380  0.7646  0.4338  0.5827  0.7257  0.6499  0.7219  0.7219  0.4452  0.6329  0.7780  0.4513  0.000040
epoch:75 0.7008  0.9365  0.7632  0.4467  0.5811  0.7456  0.6684  0.7441  0.7441  0.4583  0.6266  0.8004  0.4569  0.000040
epoch:76 0.7001  0.9367  0.7711  0.4467  0.5845  0.7379  0.6678  0.7424  0.7424  0.4583  0.6290  0.7917  0.4525  0.000040
epoch:77 0.6994  0.9371  0.7609  0.4382  0.5808  0.7391  0.6663  0.7416  0.7416  0.4488  0.6226  0.7945  0.4513  0.000040
epoch:78 0.7018  0.9365  0.7602  0.4256  0.5918  0.7475  0.6643  0.7425  0.7425  0.4321  0.6357  0.7967  0.4494  0.000040
epoch:79 0.6947  0.9366  0.7651  0.4256  0.5746  0.7454  0.6527  0.7339  0.7339  0.4321  0.6207  0.7910  0.4470  0.000040
epoch:80 0.7099  0.9368  0.7760  0.4335  0.5919  0.7542  0.6745  0.7506  0.7506  0.4440  0.6329  0.8040  0.4550  0.000040
epoch:81 0.7018  0.9367  0.7589  0.4382  0.5941  0.7447  0.6638  0.7410  0.7410  0.4488  0.6309  0.7927  0.4651  0.000040
epoch:82 0.6972  0.9369  0.7688  0.4428  0.5857  0.7409  0.6623  0.7388  0.7388  0.4536  0.6286  0.7909  0.4732  0.000040
epoch:83 0.7022  0.9366  0.7610  0.4335  0.5885  0.7445  0.6667  0.7422  0.7422  0.4440  0.6246  0.7956  0.4505  0.000040
epoch:84 0.7021  0.9372  0.7680  0.4428  0.5931  0.7469  0.6695  0.7415  0.7415  0.4536  0.6285  0.7967  0.4599  0.000040
epoch:85 0.6952  0.9368  0.7642  0.4338  0.5870  0.7361  0.6572  0.7347  0.7347  0.4440  0.6226  0.7872  0.4428  0.000040
epoch:86 0.7087  0.9365  0.7594  0.4382  0.5830  0.7503  0.6763  0.7522  0.7522  0.4488  0.6246  0.8068  0.4512  0.000040
epoch:87 0.7054  0.9376  0.7661  0.4428  0.5901  0.7503  0.6715  0.7452  0.7452  0.4536  0.6349  0.8017  0.4508  0.000040
epoch:88 0.6966  0.9373  0.7700  0.4345  0.5867  0.7421  0.6653  0.7385  0.7385  0.4452  0.6349  0.7938  0.4707  0.000040
epoch:89 0.6997  0.9377  0.7597  0.4345  0.5934  0.7387  0.6653  0.7397  0.7397  0.4452  0.6349  0.7909  0.4452  0.000040
epoch:90 0.7217  0.9369  0.7673  0.4467  0.5878  0.7534  0.6850  0.7595  0.7595  0.4583  0.6246  0.8025  0.4502  0.000040
epoch:91 0.6937  0.9374  0.7553  0.4384  0.5903  0.7342  0.6575  0.7334  0.7334  0.4488  0.6270  0.7840  0.4534  0.000040
epoch:92 0.6954  0.9371  0.7700  0.4434  0.5826  0.7398  0.6627  0.7380  0.7380  0.4548  0.6246  0.7949  0.4540  0.000040
epoch:93 0.7039  0.9365  0.7683  0.4384  0.5942  0.7483  0.6669  0.7444  0.7444  0.4488  0.6349  0.7961  0.4564  0.000040
epoch:94 0.6992  0.9382  0.7757  0.4428  0.5904  0.7421  0.6626  0.7399  0.7399  0.4536  0.6261  0.7978  0.4610  0.000040
epoch:95 0.7015  0.9373  0.7642  0.4299  0.5871  0.7440  0.6691  0.7436  0.7436  0.4405  0.6270  0.7956  0.4548  0.000040
epoch:96 0.7157  0.9370  0.7679  0.4467  0.5901  0.7498  0.6811  0.7571  0.7571  0.4583  0.6270  0.8049  0.4360  0.000040
epoch:97 0.7046  0.9371  0.7709  0.4385  0.5973  0.7435  0.6684  0.7447  0.7447  0.4500  0.6373  0.8001  0.4574  0.000040
epoch:98 0.6969  0.9370  0.7655  0.4434  0.5771  0.7350  0.6657  0.7386  0.7386  0.4548  0.6207  0.7866  0.4565  0.000040
epoch:99 0.7036  0.9379  0.7774  0.4349  0.5982  0.7468  0.6642  0.7409  0.7409  0.4452  0.6309  0.7949  0.4653  0.000040
epoch:100 0.7026  0.9372  0.7698  0.4299  0.5984  0.7427  0.6656  0.7427  0.7427  0.4405  0.6353  0.7975  0.4450  0.000040
epoch:101 0.7081  0.9407  0.7627  0.5969  0.5810  0.7537  0.6721  0.7502  0.7502  0.6071  0.6186  0.8019  0.4559  0.000040
epoch:102 0.7048  0.9367  0.7639  0.4382  0.5981  0.7419  0.6677  0.7425  0.7425  0.4488  0.6285  0.7888  0.4676  0.000040
epoch:103 0.7046  0.9365  0.7708  0.4345  0.5856  0.7525  0.6694  0.7453  0.7453  0.4452  0.6182  0.8059  0.4551  0.000040
epoch:104 0.7031  0.9378  0.7661  0.4299  0.5912  0.7478  0.6667  0.7426  0.7426  0.4405  0.6270  0.7990  0.4544  0.000040
epoch:105 0.6980  0.9370  0.7665  0.4299  0.5934  0.7415  0.6650  0.7410  0.7410  0.4405  0.6329  0.7989  0.4646  0.000040
epoch:106 0.7139  0.9371  0.7751  0.4467  0.5932  0.7623  0.6788  0.7540  0.7540  0.4583  0.6349  0.8164  0.4533  0.000040
epoch:107 0.7145  0.9377  0.7651  0.4382  0.5918  0.7630  0.6770  0.7539  0.7539  0.4488  0.6226  0.8118  0.4447  0.000040
epoch:108 0.7097  0.9376  0.7613  0.4428  0.5953  0.7543  0.6737  0.7505  0.7505  0.4536  0.6289  0.8071  0.4585  0.000040
epoch:109 0.7071  0.9392  0.7708  0.4349  0.5979  0.7505  0.6707  0.7452  0.7452  0.4452  0.6313  0.8012  0.4649  0.000040
epoch:110 0.6991  0.9371  0.7627  0.4299  0.5908  0.7414  0.6644  0.7413  0.7413  0.4405  0.6250  0.7927  0.4402  0.000040
epoch:111 0.6237  0.8580  0.6936  0.5923  0.5809  0.6680  0.6644  0.7414  0.7414  0.5988  0.6246  0.7922  0.4495  0.000040
epoch:112 0.7021  0.9362  0.7568  0.4431  0.5964  0.7426  0.6721  0.7460  0.7460  0.4536  0.6293  0.8006  0.4670  0.000040
epoch:113 0.6957  0.9366  0.7666  0.4428  0.5849  0.7354  0.6628  0.7392  0.7392  0.4536  0.6310  0.7893  0.4549  0.000040
epoch:114 0.6995  0.9414  0.7726  0.5922  0.5902  0.7392  0.6665  0.7423  0.7423  0.6024  0.6329  0.7877  0.4670  0.000040
epoch:115 0.7068  0.9365  0.7634  0.4302  0.6003  0.7510  0.6681  0.7459  0.7459  0.4405  0.6368  0.7992  0.4563  0.000040
epoch:116 0.7038  0.9373  0.7696  0.4299  0.6038  0.7464  0.6696  0.7444  0.7444  0.4405  0.6392  0.8001  0.4585  0.000040
epoch:117 0.6983  0.9367  0.7680  0.4467  0.5862  0.7321  0.6644  0.7406  0.7406  0.4583  0.6329  0.7893  0.4549  0.000040
epoch:118 0.6988  0.9413  0.7704  0.5922  0.5772  0.7471  0.6662  0.7420  0.7420  0.6024  0.6250  0.7979  0.4385  0.000040
epoch:119 0.6964  0.9389  0.7682  0.4299  0.5928  0.7436  0.6585  0.7358  0.7358  0.4405  0.6289  0.7952  0.4499  0.000040
epoch:120 0.6980  0.9366  0.7570  0.4345  0.5875  0.7434  0.6673  0.7403  0.7403  0.4452  0.6349  0.7964  0.4389  0.000040
epoch:121 0.7024  0.9372  0.7765  0.4256  0.5827  0.7509  0.6674  0.7436  0.7436  0.4321  0.6333  0.8022  0.4407  0.000040
epoch:122 0.7071  0.9370  0.7706  0.4299  0.5855  0.7540  0.6737  0.7493  0.7493  0.4405  0.6309  0.8069  0.4433  0.000040
epoch:123 0.7099  0.9375  0.7669  0.4434  0.5883  0.7506  0.6782  0.7532  0.7532  0.4548  0.6349  0.8034  0.4594  0.000040
epoch:124 0.6934  0.9367  0.7631  0.4299  0.5787  0.7318  0.6618  0.7341  0.7341  0.4405  0.6250  0.7811  0.4607  0.000040
epoch:125 0.7137  0.9363  0.7646  0.4345  0.5794  0.7592  0.6798  0.7561  0.7561  0.4452  0.6270  0.8129  0.4549  0.000040
epoch:126 0.7014  0.9368  0.7610  0.4299  0.5809  0.7522  0.6698  0.7443  0.7443  0.4405  0.6333  0.8062  0.4568  0.000040
epoch:127 0.7124  0.9365  0.7711  0.4299  0.5857  0.7606  0.6747  0.7513  0.7513  0.4405  0.6309  0.8045  0.4589  0.000040
epoch:128 0.7164  0.9368  0.7727  0.4385  0.5733  0.7644  0.6852  0.7582  0.7582  0.4500  0.6202  0.8168  0.4431  0.000040
epoch:129 0.7011  0.9436  0.7696  0.5650  0.5838  0.7462  0.6630  0.7415  0.7415  0.5726  0.6226  0.7944  0.4623  0.000040
epoch:130 0.7117  0.9369  0.7891  0.4385  0.5751  0.7541  0.6793  0.7548  0.7548  0.4500  0.6265  0.8073  0.4454  0.000040
epoch:131 0.7003  0.9373  0.7662  0.4299  0.5910  0.7447  0.6686  0.7416  0.7416  0.4405  0.6392  0.7977  0.4507  0.000040
epoch:132 0.7134  0.9377  0.7677  0.4428  0.5990  0.7599  0.6806  0.7541  0.7541  0.4536  0.6396  0.8122  0.4559  0.000040
epoch:133 0.6964  0.9366  0.7618  0.4299  0.5749  0.7422  0.6638  0.7380  0.7380  0.4405  0.6250  0.7914  0.4536  0.000040
epoch:134 0.7049  0.9436  0.7488  0.5969  0.5788  0.7465  0.6740  0.7500  0.7500  0.6071  0.6270  0.7998  0.4564  0.000040
epoch:135 0.6984  0.9372  0.7588  0.4299  0.5780  0.7456  0.6658  0.7403  0.7403  0.4405  0.6270  0.7983  0.4369  0.000040
epoch:136 0.6973  0.9434  0.7502  0.5975  0.5776  0.7332  0.6606  0.7399  0.7399  0.6036  0.6226  0.7869  0.4521  0.000040
epoch:137 0.6983  0.9368  0.7627  0.4382  0.5766  0.7407  0.6636  0.7400  0.7400  0.4488  0.6167  0.7901  0.4382  0.000040
epoch:138 0.6960  0.9372  0.7588  0.4382  0.5762  0.7425  0.6645  0.7371  0.7371  0.4488  0.6246  0.7903  0.4517  0.000040
epoch:139 0.6969  0.9368  0.7640  0.4349  0.5836  0.7459  0.6655  0.7396  0.7396  0.4452  0.6274  0.7962  0.4590  0.000040
epoch:140 0.7028  0.9382  0.7665  0.4345  0.5807  0.7497  0.6714  0.7446  0.7446  0.4452  0.6270  0.8022  0.4555  0.000040
epoch:141 0.7107  0.9370  0.7678  0.4434  0.5828  0.7480  0.6788  0.7541  0.7541  0.4548  0.6310  0.8030  0.4457  0.000040
epoch:142 0.7000  0.9363  0.7660  0.4382  0.5751  0.7412  0.6649  0.7403  0.7403  0.4488  0.6162  0.7903  0.4443  0.000040
epoch:143 0.7180  0.9369  0.7686  0.4349  0.5863  0.7615  0.6861  0.7586  0.7586  0.4452  0.6285  0.8147  0.4379  0.000040
epoch:144 0.7200  0.9376  0.7703  0.4385  0.5778  0.7615  0.6863  0.7616  0.7616  0.4500  0.6226  0.8151  0.4393  0.000040
epoch:145 0.6986  0.9383  0.7745  0.4345  0.5956  0.7430  0.6663  0.7392  0.7392  0.4452  0.6412  0.7943  0.4410  0.000040
epoch:146 0.6973  0.9376  0.7368  0.4299  0.5807  0.7420  0.6688  0.7408  0.7408  0.4405  0.6285  0.7977  0.4375  0.000040
epoch:147 0.7144  0.9373  0.7656  0.4338  0.5823  0.7623  0.6846  0.7573  0.7573  0.4452  0.6329  0.8182  0.4336  0.000040
epoch:148 0.7059  0.9418  0.7690  0.5614  0.5851  0.7508  0.6712  0.7482  0.7482  0.5690  0.6309  0.7995  0.4341  0.000040
epoch:149 0.7091  0.9410  0.7692  0.5614  0.5770  0.7546  0.6735  0.7508  0.7508  0.5690  0.6225  0.8014  0.4466  0.000040
epoch:150 0.7004  0.9364  0.7643  0.4345  0.5834  0.7441  0.6670  0.7415  0.7415  0.4452  0.6329  0.7977  0.4555  0.000040
epoch:151 0.6992  0.9439  0.7474  0.5568  0.5767  0.7430  0.6618  0.7415  0.7415  0.5607  0.6270  0.7943  0.4349  0.000040
epoch:152 0.7032  0.9373  0.7645  0.4349  0.5859  0.7516  0.6709  0.7456  0.7456  0.4452  0.6313  0.8065  0.4675  0.000040
epoch:153 0.6907  0.9366  0.7732  0.4385  0.5839  0.7340  0.6601  0.7318  0.7318  0.4500  0.6325  0.7851  0.4427  0.000040
epoch:154 0.7007  0.9361  0.7594  0.4299  0.5752  0.7522  0.6694  0.7438  0.7438  0.4405  0.6222  0.8081  0.4619  0.000040
epoch:155 0.6950  0.9361  0.7730  0.4385  0.5880  0.7378  0.6654  0.7382  0.7382  0.4500  0.6373  0.7917  0.4553  0.000040
epoch:156 0.6987  0.9423  0.7688  0.5639  0.5935  0.7420  0.6663  0.7420  0.7420  0.5738  0.6313  0.7943  0.4612  0.000040
epoch:157 0.7222  0.9366  0.7868  0.4395  0.5800  0.7634  0.6883  0.7653  0.7653  0.4500  0.6246  0.8135  0.4403  0.000040
epoch:158 0.7141  0.9368  0.7670  0.4299  0.5835  0.7604  0.6820  0.7552  0.7552  0.4405  0.6293  0.8116  0.4527  0.000040
epoch:159 0.6963  0.9370  0.7696  0.4349  0.5867  0.7422  0.6638  0.7372  0.7372  0.4452  0.6289  0.7931  0.4430  0.000040
epoch:160 0.6956  0.9361  0.7753  0.4338  0.5794  0.7372  0.6645  0.7380  0.7380  0.4452  0.6270  0.7891  0.4405  0.000040
epoch:161 0.7031  0.9432  0.7564  0.6018  0.5860  0.7447  0.6707  0.7477  0.7477  0.6119  0.6254  0.8017  0.4466  0.000040
epoch:162 0.6950  0.9339  0.7526  0.5635  0.5697  0.7333  0.6636  0.7353  0.7353  0.5738  0.6147  0.7832  0.4333  0.000040
epoch:163 0.7275  0.9352  0.7643  0.4338  0.5821  0.7751  0.6935  0.7694  0.7694  0.4452  0.6357  0.8270  0.4454  0.000040
epoch:164 0.7110  0.9357  0.7572  0.4395  0.5735  0.7563  0.6823  0.7555  0.7555  0.4500  0.6211  0.8075  0.4440  0.000040
epoch:165 0.7064  0.9360  0.7721  0.4387  0.5941  0.7466  0.6741  0.7482  0.7482  0.4500  0.6373  0.8016  0.4582  0.000040
epoch:166 0.6941  0.9376  0.7702  0.4299  0.5901  0.7388  0.6614  0.7352  0.7352  0.4405  0.6392  0.7893  0.4379  0.000040
epoch:167 0.7018  0.9365  0.7758  0.4299  0.5969  0.7461  0.6712  0.7436  0.7436  0.4405  0.6436  0.7980  0.4470  0.000040
epoch:168 0.7233  0.9365  0.7597  0.4338  0.5865  0.7610  0.6898  0.7654  0.7654  0.4452  0.6289  0.8151  0.4324  0.000040
epoch:169 0.7027  0.9360  0.7545  0.4387  0.5833  0.7432  0.6741  0.7477  0.7477  0.4500  0.6206  0.8029  0.4356  0.000040
epoch:170 0.7235  0.9367  0.7799  0.4434  0.5913  0.7663  0.6887  0.7641  0.7641  0.4548  0.6309  0.8188  0.4416  0.000040
epoch:171 0.7050  0.9429  0.7875  0.5589  0.5736  0.7535  0.6706  0.7489  0.7489  0.5690  0.6186  0.8046  0.4294  0.000040
epoch:172 0.7092  0.9432  0.7697  0.5682  0.5986  0.7525  0.6756  0.7526  0.7526  0.5786  0.6396  0.8054  0.4448  0.000040
epoch:173 0.7033  0.9373  0.7585  0.4349  0.5901  0.7484  0.6700  0.7441  0.7441  0.4452  0.6289  0.8006  0.4559  0.000040
epoch:174 0.6973  0.9371  0.7573  0.4387  0.5751  0.7420  0.6644  0.7424  0.7424  0.4500  0.6314  0.7983  0.4427  0.000040
epoch:175 0.7091  0.9429  0.7739  0.5679  0.5877  0.7539  0.6760  0.7539  0.7539  0.5786  0.6333  0.8085  0.4545  0.000040
epoch:176 0.6986  0.9433  0.7525  0.5639  0.5840  0.7388  0.6654  0.7398  0.7398  0.5738  0.6225  0.7933  0.4529  0.000040
epoch:177 0.6996  0.9370  0.7761  0.4349  0.5859  0.7457  0.6625  0.7419  0.7419  0.4452  0.6293  0.7999  0.4354  0.000040
epoch:178 0.7211  0.9361  0.7659  0.4387  0.5982  0.7598  0.6840  0.7618  0.7618  0.4500  0.6368  0.8114  0.4405  0.000040
epoch:179 0.6995  0.9379  0.7677  0.4349  0.5950  0.7433  0.6653  0.7404  0.7404  0.4452  0.6392  0.7965  0.4301  0.000040
epoch:180 0.6990  0.9383  0.7818  0.4349  0.5917  0.7398  0.6615  0.7376  0.7376  0.4452  0.6353  0.7917  0.4232  0.000040
epoch:181 0.7165  0.9370  0.7674  0.4434  0.5785  0.7629  0.6840  0.7595  0.7595  0.4548  0.6329  0.8152  0.4376  0.000040
epoch:182 0.7088  0.9365  0.7720  0.4434  0.5783  0.7547  0.6789  0.7518  0.7518  0.4548  0.6226  0.8068  0.4343  0.000040
epoch:183 0.7084  0.9342  0.7662  0.5663  0.5740  0.7496  0.6766  0.7507  0.7507  0.5702  0.6190  0.7981  0.4432  0.000040
epoch:184 0.7044  0.9373  0.7767  0.4256  0.5824  0.7536  0.6684  0.7451  0.7451  0.4321  0.6293  0.8009  0.4426  0.000040
epoch:185 0.7210  0.9372  0.7787  0.4299  0.5909  0.7676  0.6881  0.7614  0.7614  0.4405  0.6333  0.8189  0.4460  0.000040
epoch:186 0.7003  0.9371  0.7661  0.4395  0.5879  0.7464  0.6646  0.7417  0.7417  0.4500  0.6333  0.7977  0.4441  0.000040
epoch:187 0.7017  0.9422  0.7721  0.5590  0.5850  0.7456  0.6655  0.7458  0.7458  0.5655  0.6313  0.7967  0.4334  0.000040
epoch:188 0.7324  0.9348  0.7720  0.5922  0.5832  0.7742  0.6998  0.7715  0.7715  0.6024  0.6226  0.8187  0.4408  0.000040
epoch:189 0.7225  0.9370  0.7569  0.4299  0.5869  0.7659  0.6920  0.7640  0.7640  0.4405  0.6313  0.8194  0.4421  0.000040
epoch:190 0.7161  0.9372  0.7528  0.4349  0.5876  0.7620  0.6827  0.7592  0.7592  0.4452  0.6357  0.8195  0.4541  0.000040
epoch:191 0.7075  0.9417  0.7813  0.5922  0.5885  0.7527  0.6730  0.7532  0.7532  0.6024  0.6309  0.8082  0.4605  0.000040
epoch:192 0.7111  0.9433  0.7749  0.5682  0.5859  0.7562  0.6752  0.7525  0.7525  0.5786  0.6250  0.8085  0.4447  0.000040
epoch:193 0.7050  0.9418  0.7728  0.5682  0.5885  0.7492  0.6735  0.7503  0.7503  0.5786  0.6357  0.8043  0.4361  0.000040
epoch:194 0.7013  0.9425  0.7665  0.5679  0.5747  0.7466  0.6699  0.7473  0.7473  0.5786  0.6171  0.7998  0.4472  0.000040
epoch:195 0.7042  0.9408  0.7730  0.5632  0.5846  0.7524  0.6735  0.7499  0.7499  0.5738  0.6298  0.8043  0.4349  0.000040
epoch:196 0.7012  0.9373  0.7541  0.4387  0.5888  0.7431  0.6677  0.7445  0.7445  0.4500  0.6357  0.7998  0.4402  0.000040
epoch:197 0.7031  0.9377  0.7696  0.4299  0.5888  0.7499  0.6689  0.7453  0.7453  0.4405  0.6353  0.8038  0.4396  0.000040
epoch:198 0.7021  0.9419  0.7702  0.5728  0.5900  0.7440  0.6701  0.7465  0.7465  0.5833  0.6357  0.7975  0.4469  0.000040
epoch:199 0.7006  0.9430  0.7729  0.5966  0.5891  0.7443  0.6689  0.7456  0.7456  0.6071  0.6377  0.7943  0.4451  0.000040
epoch:200 0.7162  0.9415  0.7736  0.5639  0.5934  0.7639  0.6794  0.7600  0.7600  0.5738  0.6377  0.8158  0.4268  0.000040
epoch:201 0.7040  0.9415  0.7802  0.5590  0.5766  0.7548  0.6713  0.7486  0.7486  0.5655  0.6278  0.8056  0.4434  0.000040
epoch:202 0.6996  0.9382  0.7697  0.4338  0.5974  0.7397  0.6641  0.7393  0.7393  0.4452  0.6392  0.7922  0.4453  0.000040
epoch:203 0.7006  0.9383  0.7616  0.4249  0.5865  0.7433  0.6692  0.7421  0.7421  0.4357  0.6396  0.7962  0.4366  0.000040
