epoch:0 0.0779  0.1927  0.0075  0.0146  0.0858  0.0713  0.0762  0.1301  0.1518  0.0238  0.1667  0.1277  2.4458  0.004000
epoch:1 0.0954  0.2182  0.0497  0.0926  0.2163  0.0652  0.1126  0.1953  0.2082  0.1429  0.3246  0.1606  1.7550  0.004000
epoch:2 0.3113  0.6782  0.2082  0.2130  0.2475  0.3076  0.2879  0.4519  0.4540  0.3940  0.3513  0.4115  1.4017  0.004000
epoch:3 0.4108  0.7622  0.3707  0.2281  0.2737  0.4129  0.4223  0.4933  0.4942  0.4393  0.3588  0.4549  1.1591  0.004000
epoch:4 0.4661  0.8081  0.5367  0.2380  0.3372  0.4495  0.4500  0.5212  0.5221  0.3619  0.4060  0.4746  1.0031  0.004000
epoch:5 0.5352  0.8301  0.5921  0.2739  0.3867  0.5110  0.5221  0.5881  0.5887  0.4000  0.4660  0.5371  0.8957  0.004000
epoch:6 0.5506  0.8531  0.6232  0.4198  0.3949  0.5288  0.5414  0.6047  0.6047  0.4762  0.4830  0.5494  0.8166  0.004000
epoch:7 0.5610  0.8564  0.6267  0.3275  0.4093  0.5338  0.5419  0.6149  0.6149  0.5238  0.4908  0.5633  0.7797  0.004000
epoch:8 0.5690  0.9006  0.5963  0.3337  0.4218  0.5425  0.5567  0.6220  0.6220  0.4619  0.4929  0.5762  0.7096  0.004000
epoch:9 0.5568  0.8356  0.6490  0.3317  0.4310  0.5422  0.5454  0.6114  0.6114  0.5119  0.4992  0.5688  0.6800  0.004000
epoch:10 0.5443  0.8554  0.4894  0.4680  0.4269  0.5333  0.5263  0.5909  0.5909  0.5000  0.4936  0.5580  0.6542  0.004000
epoch:11 0.5877  0.9128  0.6568  0.4317  0.4226  0.5730  0.5608  0.6268  0.6268  0.4571  0.5143  0.5925  0.6262  0.004000
epoch:12 0.6209  0.9363  0.6522  0.3926  0.4600  0.6148  0.5966  0.6638  0.6638  0.5202  0.5206  0.6442  0.5913  0.004000
epoch:13 0.6220  0.9383  0.6445  0.4636  0.4687  0.6257  0.5966  0.6644  0.6644  0.4833  0.5261  0.6545  0.5800  0.004000
epoch:14 0.5272  0.8223  0.5734  0.4601  0.4901  0.5307  0.6006  0.6668  0.6668  0.4881  0.5479  0.6559  0.5547  0.004000
epoch:15 0.6256  0.9018  0.6999  0.3969  0.4644  0.6372  0.6017  0.6674  0.6674  0.5048  0.5242  0.6619  0.5358  0.004000
epoch:16 0.6091  0.8905  0.6959  0.3393  0.4617  0.6239  0.5850  0.6543  0.6543  0.3714  0.5285  0.6541  0.5011  0.000400
epoch:17 0.5373  0.8345  0.6249  0.3364  0.4657  0.5473  0.5867  0.6525  0.6525  0.3583  0.5310  0.6523  0.4906  0.000400
epoch:18 0.6318  0.9248  0.7137  0.3824  0.4654  0.6514  0.6055  0.6737  0.6737  0.5202  0.5285  0.6756  0.4941  0.000400
epoch:19 0.6176  0.9246  0.7180  0.3388  0.4786  0.6369  0.5936  0.6604  0.6604  0.3536  0.5353  0.6649  0.4892  0.000400
epoch:20 0.6267  0.9053  0.7110  0.3396  0.4634  0.6500  0.6005  0.6678  0.6678  0.3536  0.5373  0.6725  0.4918  0.000400
epoch:21 0.5444  0.8409  0.6185  0.3342  0.4631  0.5657  0.5932  0.6606  0.6606  0.3488  0.5246  0.6665  0.4792  0.000400
epoch:22 0.6280  0.9288  0.7033  0.3455  0.4586  0.6509  0.6007  0.6678  0.6678  0.3583  0.5293  0.6725  0.4638  0.000040
epoch:23 0.6246  0.9090  0.7104  0.3444  0.4619  0.6390  0.5966  0.6652  0.6652  0.3667  0.5368  0.6646  0.4718  0.000040
epoch:24 0.6190  0.9101  0.6864  0.3396  0.4461  0.6461  0.5958  0.6634  0.6634  0.3536  0.5207  0.6709  0.4645  0.000040
epoch:25 0.6329  0.9095  0.6891  0.3418  0.4376  0.6595  0.6068  0.6746  0.6746  0.3619  0.5119  0.6821  0.4827  0.000040
epoch:26 0.5209  0.8174  0.5923  0.3421  0.4579  0.5434  0.5964  0.6631  0.6631  0.3583  0.5329  0.6683  0.4694  0.000040
epoch:27 0.5400  0.8450  0.6156  0.3414  0.4647  0.5580  0.5867  0.6543  0.6543  0.3583  0.5333  0.6587  0.4759  0.000040
epoch:28 0.5422  0.8221  0.6275  0.3367  0.4675  0.5665  0.5929  0.6612  0.6612  0.3536  0.5349  0.6668  0.4687  0.000040
epoch:29 0.6218  0.9096  0.7055  0.3455  0.4589  0.6460  0.5968  0.6623  0.6623  0.3583  0.5266  0.6688  0.4685  0.000040
epoch:30 0.6153  0.9290  0.6887  0.3396  0.4468  0.6395  0.5864  0.6539  0.6539  0.3536  0.5143  0.6623  0.4786  0.000040
epoch:31 0.6172  0.9186  0.7122  0.3509  0.4516  0.6414  0.5897  0.6572  0.6572  0.3631  0.5246  0.6682  0.4672  0.000040
epoch:32 0.6210  0.9263  0.7034  0.3421  0.4753  0.6418  0.5952  0.6628  0.6628  0.3583  0.5373  0.6720  0.4500  0.000040
epoch:33 0.6278  0.9117  0.6963  0.3759  0.4502  0.6498  0.6030  0.6711  0.6711  0.5155  0.5270  0.6767  0.4663  0.000040
epoch:34 0.6190  0.9198  0.7063  0.3450  0.4581  0.6405  0.5927  0.6603  0.6603  0.3583  0.5265  0.6657  0.4581  0.000040
epoch:35 0.6328  0.9283  0.6953  0.3390  0.4506  0.6577  0.6068  0.6735  0.6735  0.3536  0.5206  0.6808  0.4724  0.000040
epoch:36 0.6192  0.9271  0.7090  0.3421  0.4654  0.6402  0.5941  0.6620  0.6620  0.3583  0.5396  0.6657  0.4596  0.000040
epoch:37 0.6189  0.8982  0.7025  0.3367  0.4629  0.6343  0.5956  0.6611  0.6611  0.3536  0.5325  0.6617  0.4714  0.000040
epoch:38 0.6186  0.9285  0.7125  0.3396  0.4561  0.6425  0.5929  0.6611  0.6611  0.3536  0.5250  0.6678  0.4676  0.000040
epoch:39 0.6240  0.9151  0.7066  0.3426  0.4589  0.6387  0.5964  0.6635  0.6635  0.3583  0.5349  0.6633  0.4807  0.000040
epoch:40 0.6176  0.9025  0.6969  0.3480  0.4517  0.6424  0.5913  0.6586  0.6586  0.3631  0.5198  0.6668  0.4567  0.000040
epoch:41 0.6165  0.9284  0.6906  0.3414  0.4398  0.6417  0.5909  0.6579  0.6579  0.3583  0.5119  0.6665  0.4541  0.000040
epoch:42 0.6209  0.9284  0.6995  0.3418  0.4484  0.6430  0.5946  0.6630  0.6630  0.3619  0.5190  0.6684  0.4616  0.000040
epoch:43 0.6136  0.9177  0.7073  0.3480  0.4606  0.6346  0.5892  0.6560  0.6560  0.3631  0.5349  0.6610  0.4519  0.000040
epoch:44 0.6215  0.9283  0.7103  0.3509  0.4640  0.6425  0.5921  0.6625  0.6625  0.3631  0.5373  0.6670  0.4601  0.000040
epoch:45 0.6239  0.9191  0.7077  0.3361  0.4653  0.6473  0.5962  0.6641  0.6641  0.3488  0.5325  0.6709  0.4672  0.000040
epoch:46 0.6186  0.9073  0.7003  0.3342  0.4512  0.6441  0.5923  0.6610  0.6610  0.3488  0.5202  0.6726  0.4564  0.000040
epoch:47 0.6206  0.9274  0.7078  0.3467  0.4484  0.6443  0.5948  0.6612  0.6612  0.3583  0.5226  0.6691  0.4639  0.000040
epoch:48 0.5406  0.8346  0.6090  0.3475  0.4471  0.5638  0.5919  0.6592  0.6592  0.3631  0.5222  0.6662  0.4491  0.000040
epoch:49 0.6208  0.9291  0.7132  0.3521  0.4657  0.6420  0.5926  0.6617  0.6617  0.3631  0.5289  0.6668  0.4435  0.000040
epoch:50 0.6260  0.9192  0.7051  0.3450  0.4671  0.6466  0.6009  0.6679  0.6679  0.3583  0.5325  0.6732  0.4501  0.000040
epoch:51 0.6184  0.9016  0.7019  0.3342  0.4604  0.6437  0.5937  0.6607  0.6607  0.3488  0.5360  0.6676  0.4743  0.000040
epoch:52 0.6190  0.9180  0.7029  0.3455  0.4633  0.6402  0.5949  0.6626  0.6626  0.3583  0.5353  0.6670  0.4638  0.000040
epoch:53 0.6222  0.9075  0.7138  0.3479  0.4682  0.6448  0.5972  0.6641  0.6641  0.3631  0.5349  0.6691  0.4572  0.000040
epoch:54 0.6202  0.9234  0.6988  0.3467  0.4416  0.6453  0.5935  0.6613  0.6613  0.3583  0.5206  0.6723  0.4733  0.000040
epoch:55 0.5450  0.8451  0.6303  0.3396  0.4729  0.5672  0.5906  0.6591  0.6591  0.3536  0.5392  0.6682  0.4744  0.000040
epoch:56 0.6214  0.9273  0.7141  0.3455  0.4680  0.6417  0.5940  0.6625  0.6625  0.3583  0.5392  0.6670  0.4721  0.000040
epoch:57 0.6144  0.9272  0.7062  0.3298  0.4555  0.6407  0.5883  0.6572  0.6572  0.3583  0.5309  0.6671  0.4675  0.000040
epoch:58 0.6225  0.9253  0.7138  0.3425  0.4647  0.6451  0.5963  0.6630  0.6630  0.3536  0.5289  0.6689  0.4544  0.000040
epoch:59 0.6233  0.9285  0.7113  0.3421  0.4688  0.6432  0.5945  0.6639  0.6639  0.3536  0.5401  0.6673  0.4711  0.000040
epoch:60 0.6227  0.9071  0.6910  0.3438  0.4497  0.6458  0.5969  0.6641  0.6641  0.3583  0.5242  0.6709  0.4602  0.000040
epoch:61 0.6239  0.9148  0.7105  0.3421  0.4629  0.6381  0.5969  0.6646  0.6646  0.3619  0.5349  0.6646  0.4711  0.000040
epoch:62 0.5431  0.8267  0.6170  0.3443  0.4631  0.5648  0.5944  0.6623  0.6623  0.3667  0.5305  0.6681  0.4732  0.000040
epoch:63 0.6205  0.9187  0.7053  0.3442  0.4572  0.6442  0.5938  0.6629  0.6629  0.3583  0.5349  0.6694  0.4523  0.000040
epoch:64 0.6305  0.9147  0.7042  0.3333  0.4585  0.6460  0.6029  0.6703  0.6703  0.3524  0.5329  0.6706  0.4716  0.000040
epoch:65 0.6258  0.9150  0.6940  0.3438  0.4532  0.6471  0.5946  0.6646  0.6646  0.3583  0.5182  0.6712  0.4774  0.000040
epoch:66 0.6305  0.9289  0.7150  0.3480  0.4739  0.6524  0.6028  0.6722  0.6722  0.3631  0.5373  0.6812  0.4717  0.000040
epoch:67 0.6192  0.9176  0.7002  0.3396  0.4628  0.6409  0.5926  0.6602  0.6602  0.3536  0.5325  0.6668  0.4496  0.000040
epoch:68 0.6337  0.9190  0.7079  0.3482  0.4729  0.6560  0.6058  0.6741  0.6741  0.3667  0.5329  0.6822  0.4648  0.000040
epoch:69 0.6198  0.9092  0.7189  0.3467  0.4645  0.6415  0.5941  0.6620  0.6620  0.3583  0.5368  0.6673  0.4653  0.000040
epoch:70 0.6220  0.9279  0.6951  0.3509  0.4632  0.6438  0.5997  0.6658  0.6658  0.3631  0.5309  0.6701  0.4541  0.000040
epoch:71 0.6294  0.9152  0.6998  0.3711  0.4537  0.6526  0.6041  0.6737  0.6737  0.5250  0.5328  0.6781  0.4647  0.000040
epoch:72 0.6268  0.9042  0.7176  0.3492  0.4699  0.6406  0.5985  0.6667  0.6667  0.3631  0.5373  0.6662  0.4629  0.000040
epoch:73 0.6139  0.9275  0.6835  0.3396  0.4385  0.6384  0.5849  0.6536  0.6536  0.3536  0.5178  0.6618  0.4569  0.000040
epoch:74 0.6214  0.9275  0.6970  0.3421  0.4534  0.6465  0.5977  0.6650  0.6650  0.3583  0.5289  0.6752  0.4513  0.000040
epoch:75 0.6201  0.9276  0.7064  0.3513  0.4601  0.6401  0.5957  0.6627  0.6627  0.3714  0.5373  0.6649  0.4569  0.000040
epoch:76 0.6261  0.9186  0.7101  0.3510  0.4626  0.6471  0.5981  0.6657  0.6657  0.3750  0.5301  0.6709  0.4525  0.000040
epoch:77 0.6176  0.9283  0.6924  0.3396  0.4530  0.6349  0.5928  0.6614  0.6614  0.3536  0.5289  0.6633  0.4513  0.000040
epoch:78 0.6190  0.9277  0.6932  0.3450  0.4629  0.6316  0.5915  0.6606  0.6606  0.3583  0.5293  0.6609  0.4494  0.000040
epoch:79 0.6159  0.9266  0.6985  0.3424  0.4444  0.6421  0.5880  0.6586  0.6586  0.3631  0.5210  0.6684  0.4470  0.000040
epoch:80 0.6303  0.9280  0.6860  0.3461  0.4404  0.6551  0.6024  0.6708  0.6708  0.3583  0.5265  0.6820  0.4550  0.000040
epoch:81 0.6207  0.9259  0.6957  0.3367  0.4477  0.6461  0.5936  0.6633  0.6633  0.3488  0.5265  0.6747  0.4651  0.000040
epoch:82 0.6249  0.9269  0.6834  0.3444  0.4551  0.6497  0.5967  0.6646  0.6646  0.3536  0.5285  0.6746  0.4732  0.000040
epoch:83 0.6265  0.9283  0.7064  0.3450  0.4619  0.6500  0.5956  0.6650  0.6650  0.3583  0.5265  0.6722  0.4505  0.000040
epoch:84 0.6262  0.9272  0.6946  0.3421  0.4506  0.6505  0.6029  0.6681  0.6681  0.3536  0.5250  0.6783  0.4599  0.000040
epoch:85 0.6237  0.9242  0.6867  0.3315  0.4511  0.6514  0.5963  0.6645  0.6645  0.3440  0.5162  0.6778  0.4428  0.000040
epoch:86 0.6251  0.9282  0.7019  0.3429  0.4659  0.6470  0.5968  0.6653  0.6653  0.3536  0.5349  0.6709  0.4512  0.000040
epoch:87 0.6258  0.9288  0.7040  0.3421  0.4568  0.6500  0.5999  0.6667  0.6667  0.3536  0.5285  0.6778  0.4508  0.000040
epoch:88 0.6234  0.9236  0.7099  0.3413  0.4719  0.6455  0.5971  0.6651  0.6651  0.3536  0.5392  0.6697  0.4707  0.000040
epoch:89 0.6268  0.9299  0.7022  0.3499  0.4669  0.6505  0.6001  0.6688  0.6688  0.3631  0.5388  0.6783  0.4452  0.000040
epoch:90 0.6287  0.9188  0.7069  0.3507  0.4686  0.6423  0.6011  0.6678  0.6678  0.3714  0.5349  0.6659  0.4502  0.000040
epoch:91 0.6191  0.9286  0.6980  0.3393  0.4654  0.6405  0.5911  0.6599  0.6599  0.3536  0.5349  0.6657  0.4534  0.000040
epoch:92 0.6193  0.9272  0.6902  0.3546  0.4545  0.6395  0.5937  0.6613  0.6613  0.3679  0.5289  0.6654  0.4540  0.000040
epoch:93 0.6311  0.9282  0.6949  0.3479  0.4610  0.6535  0.6020  0.6711  0.6711  0.3583  0.5289  0.6806  0.4564  0.000040
epoch:94 0.6213  0.9283  0.6827  0.3364  0.4609  0.6447  0.5936  0.6624  0.6624  0.3536  0.5285  0.6689  0.4610  0.000040
epoch:95 0.6244  0.9273  0.6981  0.3327  0.4590  0.6479  0.5998  0.6664  0.6664  0.3488  0.5210  0.6781  0.4548  0.000040
epoch:96 0.6260  0.9270  0.7024  0.3501  0.4599  0.6459  0.5994  0.6661  0.6661  0.3667  0.5349  0.6694  0.4360  0.000040
epoch:97 0.6290  0.9247  0.7140  0.3311  0.4629  0.6502  0.6018  0.6685  0.6685  0.3440  0.5289  0.6743  0.4574  0.000040
epoch:98 0.6223  0.9189  0.6945  0.3494  0.4626  0.6380  0.5974  0.6636  0.6636  0.3667  0.5265  0.6641  0.4565  0.000040
epoch:99 0.6230  0.9280  0.6952  0.3479  0.4536  0.6482  0.5954  0.6637  0.6637  0.3583  0.5202  0.6757  0.4653  0.000040
epoch:100 0.6276  0.9284  0.7053  0.3421  0.4653  0.6477  0.5979  0.6667  0.6667  0.3536  0.5313  0.6717  0.4450  0.000040
epoch:101 0.6428  0.9302  0.6974  0.3738  0.4616  0.6638  0.6161  0.6857  0.6857  0.5202  0.5368  0.6898  0.4559  0.000040
epoch:102 0.6193  0.9279  0.6775  0.3396  0.4393  0.6434  0.5935  0.6614  0.6614  0.3536  0.5139  0.6688  0.4676  0.000040
epoch:103 0.6305  0.9178  0.6892  0.3318  0.4572  0.6572  0.6015  0.6702  0.6702  0.3452  0.5256  0.6833  0.4551  0.000040
epoch:104 0.6273  0.9278  0.7065  0.3361  0.4766  0.6485  0.5981  0.6662  0.6662  0.3488  0.5349  0.6717  0.4544  0.000040
epoch:105 0.6203  0.9282  0.7026  0.3471  0.4824  0.6394  0.5941  0.6626  0.6626  0.3583  0.5388  0.6678  0.4646  0.000040
epoch:106 0.6305  0.9021  0.6938  0.3380  0.4414  0.6550  0.6020  0.6697  0.6697  0.3571  0.5202  0.6772  0.4533  0.000040
epoch:107 0.6191  0.9278  0.6861  0.3586  0.4561  0.6425  0.5920  0.6613  0.6613  0.3679  0.5265  0.6710  0.4447  0.000040
epoch:108 0.6382  0.9293  0.6863  0.3446  0.4564  0.6633  0.6098  0.6789  0.6789  0.3583  0.5261  0.6900  0.4585  0.000040
epoch:109 0.6326  0.9089  0.6915  0.3367  0.4567  0.6581  0.6029  0.6714  0.6714  0.3488  0.5237  0.6801  0.4649  0.000040
epoch:110 0.6218  0.9178  0.6831  0.3418  0.4478  0.6480  0.5959  0.6644  0.6644  0.3619  0.5182  0.6754  0.4402  0.000040
epoch:111 0.5488  0.8498  0.6231  0.4001  0.4665  0.5704  0.5999  0.6674  0.6674  0.5202  0.5265  0.6747  0.4495  0.000040
epoch:112 0.6189  0.9279  0.6996  0.3373  0.4696  0.6372  0.5938  0.6605  0.6605  0.3619  0.5265  0.6654  0.4670  0.000040
epoch:113 0.6226  0.9245  0.6970  0.3488  0.4698  0.6461  0.5948  0.6643  0.6643  0.3667  0.5373  0.6723  0.4549  0.000040
epoch:114 0.6280  0.9205  0.7035  0.3783  0.4638  0.6468  0.6021  0.6695  0.6695  0.5250  0.5310  0.6712  0.4670  0.000040
epoch:115 0.6358  0.9176  0.6886  0.3367  0.4565  0.6592  0.6073  0.6772  0.6772  0.3488  0.5344  0.6832  0.4563  0.000040
epoch:116 0.6234  0.9198  0.7050  0.3421  0.4679  0.6441  0.5961  0.6630  0.6630  0.3536  0.5242  0.6701  0.4585  0.000040
epoch:117 0.6243  0.9191  0.7155  0.3450  0.4647  0.6411  0.5975  0.6658  0.6658  0.3619  0.5349  0.6667  0.4549  0.000040
epoch:118 0.6206  0.9330  0.7088  0.4002  0.4676  0.6419  0.5976  0.6643  0.6643  0.5250  0.5373  0.6684  0.4385  0.000040
epoch:119 0.6243  0.9284  0.6902  0.3433  0.4535  0.6466  0.5977  0.6662  0.6662  0.3583  0.5265  0.6714  0.4499  0.000040
epoch:120 0.6233  0.9113  0.7023  0.3450  0.4673  0.6461  0.5978  0.6651  0.6651  0.3583  0.5403  0.6701  0.4389  0.000040
epoch:121 0.6270  0.9284  0.7129  0.3361  0.4801  0.6476  0.5989  0.6659  0.6659  0.3488  0.5373  0.6706  0.4407  0.000040
epoch:122 0.6284  0.9200  0.7044  0.3421  0.4641  0.6508  0.5999  0.6684  0.6684  0.3536  0.5300  0.6748  0.4433  0.000040
epoch:123 0.6201  0.9146  0.7031  0.3447  0.4677  0.6405  0.5950  0.6617  0.6617  0.3619  0.5325  0.6662  0.4594  0.000040
epoch:124 0.6205  0.9278  0.6991  0.3421  0.4443  0.6456  0.5948  0.6624  0.6624  0.3536  0.5206  0.6702  0.4607  0.000040
epoch:125 0.6220  0.9275  0.7016  0.3429  0.4671  0.6445  0.5963  0.6640  0.6640  0.3536  0.5368  0.6739  0.4549  0.000040
epoch:126 0.6259  0.9280  0.6918  0.3441  0.4702  0.6509  0.6006  0.6685  0.6685  0.3631  0.5289  0.6788  0.4568  0.000040
epoch:127 0.6349  0.9188  0.6948  0.3403  0.4506  0.6603  0.6080  0.6765  0.6765  0.3583  0.5241  0.6877  0.4589  0.000040
epoch:128 0.6266  0.8993  0.7026  0.3513  0.4510  0.6517  0.5987  0.6651  0.6651  0.3714  0.5242  0.6704  0.4431  0.000040
epoch:129 0.6212  0.9250  0.6804  0.4210  0.4532  0.6440  0.5985  0.6684  0.6684  0.5202  0.5309  0.6736  0.4623  0.000040
epoch:130 0.6209  0.9250  0.7144  0.3422  0.4771  0.6368  0.5978  0.6656  0.6656  0.3714  0.5455  0.6612  0.4454  0.000040
epoch:131 0.6208  0.9265  0.6964  0.3380  0.4589  0.6426  0.5983  0.6653  0.6653  0.3536  0.5348  0.6698  0.4507  0.000040
epoch:132 0.6441  0.9259  0.7154  0.3425  0.4702  0.6676  0.6147  0.6827  0.6827  0.3536  0.5348  0.6919  0.4559  0.000040
epoch:133 0.6255  0.9284  0.6935  0.3318  0.4520  0.6507  0.5989  0.6661  0.6661  0.3452  0.5230  0.6735  0.4536  0.000040
epoch:134 0.6305  0.9311  0.6981  0.5015  0.4674  0.6500  0.6049  0.6727  0.6727  0.5202  0.5352  0.6765  0.4564  0.000040
epoch:135 0.6270  0.9284  0.6924  0.3421  0.4569  0.6484  0.6020  0.6687  0.6687  0.3536  0.5289  0.6775  0.4369  0.000040
epoch:136 0.6220  0.9224  0.6906  0.5071  0.4611  0.6416  0.5966  0.6654  0.6654  0.5202  0.5289  0.6699  0.4521  0.000040
epoch:137 0.6269  0.9280  0.7059  0.3475  0.4681  0.6506  0.5980  0.6665  0.6665  0.3583  0.5349  0.6725  0.4382  0.000040
epoch:138 0.6236  0.9202  0.6875  0.3421  0.4596  0.6475  0.5996  0.6660  0.6660  0.3536  0.5241  0.6773  0.4517  0.000040
epoch:139 0.6204  0.9268  0.7012  0.3396  0.4577  0.6421  0.5960  0.6626  0.6626  0.3488  0.5270  0.6731  0.4590  0.000040
epoch:140 0.6218  0.9283  0.6921  0.3318  0.4600  0.6455  0.5955  0.6634  0.6634  0.3452  0.5324  0.6707  0.4555  0.000040
epoch:141 0.6242  0.9189  0.6907  0.3450  0.4655  0.6477  0.5971  0.6652  0.6652  0.3619  0.5289  0.6696  0.4457  0.000040
epoch:142 0.6201  0.9193  0.6955  0.3382  0.4463  0.6438  0.5964  0.6634  0.6634  0.3571  0.5242  0.6696  0.4443  0.000040
epoch:143 0.6200  0.9018  0.6985  0.3347  0.4540  0.6459  0.5960  0.6624  0.6624  0.3536  0.5218  0.6706  0.4379  0.000040
epoch:144 0.6323  0.9271  0.7115  0.3475  0.4608  0.6553  0.6053  0.6726  0.6726  0.3667  0.5373  0.6767  0.4393  0.000040
epoch:145 0.6326  0.9272  0.7015  0.3446  0.4586  0.6562  0.6042  0.6714  0.6714  0.3619  0.5265  0.6817  0.4410  0.000040
epoch:146 0.6237  0.9258  0.6871  0.3322  0.4527  0.6505  0.6002  0.6669  0.6669  0.3452  0.5241  0.6794  0.4375  0.000040
epoch:147 0.6296  0.9294  0.6919  0.3418  0.4695  0.6515  0.6010  0.6684  0.6684  0.3619  0.5324  0.6736  0.4336  0.000040
epoch:148 0.6437  0.9247  0.7153  0.3895  0.4772  0.6644  0.6151  0.6853  0.6853  0.5012  0.5427  0.6858  0.4341  0.000040
epoch:149 0.6433  0.9252  0.7059  0.3764  0.4694  0.6666  0.6157  0.6859  0.6859  0.5250  0.5403  0.6906  0.4466  0.000040
epoch:150 0.6252  0.9240  0.7051  0.3333  0.4831  0.6430  0.5997  0.6657  0.6657  0.3524  0.5373  0.6698  0.4555  0.000040
epoch:151 0.6225  0.9362  0.6996  0.5147  0.4623  0.6432  0.5976  0.6681  0.6681  0.5298  0.5352  0.6710  0.4349  0.000040
epoch:152 0.6341  0.9285  0.7141  0.3443  0.4712  0.6541  0.6059  0.6731  0.6731  0.3619  0.5313  0.6769  0.4675  0.000040
epoch:153 0.6302  0.9267  0.7090  0.3340  0.4701  0.6510  0.6037  0.6698  0.6698  0.3571  0.5420  0.6720  0.4427  0.000040
epoch:154 0.6308  0.9288  0.6895  0.3376  0.4546  0.6570  0.6018  0.6708  0.6708  0.3500  0.5241  0.6793  0.4619  0.000040
epoch:155 0.6277  0.9278  0.7059  0.3501  0.4665  0.6455  0.6015  0.6676  0.6676  0.3667  0.5313  0.6704  0.4553  0.000040
epoch:156 0.6316  0.9335  0.7059  0.3773  0.4799  0.6485  0.6015  0.6703  0.6703  0.4917  0.5396  0.6698  0.4612  0.000040
epoch:157 0.6333  0.8995  0.6957  0.3574  0.4404  0.6645  0.6061  0.6758  0.6758  0.3750  0.5218  0.6866  0.4403  0.000040
epoch:158 0.6219  0.9268  0.6979  0.3556  0.4456  0.6434  0.5973  0.6637  0.6637  0.3702  0.5249  0.6667  0.4527  0.000040
epoch:159 0.6206  0.9200  0.6923  0.3450  0.4541  0.6448  0.5946  0.6628  0.6628  0.3619  0.5241  0.6731  0.4430  0.000040
epoch:160 0.6277  0.9278  0.7115  0.3450  0.4669  0.6509  0.6001  0.6671  0.6671  0.3619  0.5349  0.6717  0.4405  0.000040
epoch:161 0.6278  0.9344  0.7126  0.4408  0.4781  0.6463  0.6004  0.6704  0.6704  0.5345  0.5392  0.6739  0.4466  0.000040
epoch:162 0.6277  0.9354  0.6984  0.3697  0.4697  0.6478  0.6017  0.6710  0.6710  0.4833  0.5443  0.6742  0.4333  0.000040
epoch:163 0.6325  0.9225  0.7046  0.3517  0.4762  0.6548  0.6044  0.6741  0.6741  0.3714  0.5416  0.6807  0.4454  0.000040
epoch:164 0.6239  0.8939  0.7038  0.3421  0.4613  0.6434  0.5979  0.6661  0.6661  0.3619  0.5321  0.6674  0.4440  0.000040
epoch:165 0.6358  0.9190  0.7159  0.3505  0.4861  0.6534  0.6057  0.6726  0.6726  0.3667  0.5373  0.6807  0.4582  0.000040
epoch:166 0.6343  0.9288  0.7184  0.3598  0.4905  0.6525  0.6063  0.6757  0.6757  0.3762  0.5522  0.6794  0.4379  0.000040
epoch:167 0.6310  0.9292  0.7111  0.3192  0.4820  0.6548  0.6021  0.6691  0.6691  0.3452  0.5431  0.6781  0.4470  0.000040
epoch:168 0.6364  0.9189  0.7134  0.3510  0.4490  0.6518  0.6066  0.6742  0.6742  0.3702  0.5242  0.6747  0.4324  0.000040
epoch:169 0.6274  0.9190  0.7100  0.3611  0.4606  0.6494  0.6000  0.6668  0.6668  0.3750  0.5368  0.6696  0.4356  0.000040
epoch:170 0.6328  0.9097  0.7178  0.3530  0.4646  0.6540  0.6037  0.6697  0.6697  0.3714  0.5345  0.6738  0.4416  0.000040
epoch:171 0.6295  0.9351  0.7152  0.4105  0.4723  0.6517  0.6051  0.6745  0.6745  0.4929  0.5436  0.6791  0.4294  0.000040
epoch:172 0.6311  0.9332  0.7150  0.3935  0.4744  0.6495  0.6043  0.6748  0.6748  0.5012  0.5431  0.6791  0.4448  0.000040
epoch:173 0.6349  0.9198  0.7164  0.3513  0.4761  0.6552  0.6041  0.6725  0.6725  0.3667  0.5408  0.6767  0.4559  0.000040
epoch:174 0.6325  0.9190  0.7161  0.3365  0.4749  0.6546  0.6028  0.6727  0.6727  0.3619  0.5408  0.6782  0.4427  0.000040
epoch:175 0.6348  0.9340  0.7033  0.3739  0.4567  0.6581  0.6094  0.6794  0.6794  0.5167  0.5372  0.6846  0.4545  0.000040
epoch:176 0.6342  0.9345  0.7196  0.4163  0.4827  0.6511  0.6054  0.6756  0.6756  0.4964  0.5479  0.6783  0.4529  0.000040
epoch:177 0.6211  0.9287  0.7032  0.3509  0.4617  0.6447  0.5957  0.6663  0.6663  0.3714  0.5372  0.6739  0.4354  0.000040
epoch:178 0.6304  0.9185  0.7149  0.3418  0.4642  0.6519  0.6011  0.6693  0.6693  0.3619  0.5265  0.6753  0.4405  0.000040
epoch:179 0.6241  0.9296  0.7125  0.3433  0.4727  0.6459  0.5977  0.6659  0.6659  0.3583  0.5412  0.6739  0.4301  0.000040
epoch:180 0.6356  0.9295  0.7140  0.3358  0.4885  0.6528  0.6025  0.6728  0.6728  0.3500  0.5499  0.6751  0.4232  0.000040
epoch:181 0.6294  0.9177  0.7104  0.3437  0.4677  0.6498  0.6009  0.6682  0.6682  0.3619  0.5265  0.6727  0.4376  0.000040
epoch:182 0.6329  0.9189  0.7096  0.3581  0.4746  0.6468  0.6024  0.6682  0.6682  0.3750  0.5396  0.6686  0.4343  0.000040
epoch:183 0.6406  0.9262  0.7023  0.5084  0.4606  0.6643  0.6131  0.6845  0.6845  0.5262  0.5348  0.6890  0.4432  0.000040
epoch:184 0.6294  0.9290  0.7040  0.3420  0.4564  0.6571  0.6020  0.6714  0.6714  0.3548  0.5348  0.6823  0.4426  0.000040
epoch:185 0.6369  0.9290  0.7164  0.3341  0.4797  0.6585  0.6070  0.6743  0.6743  0.3500  0.5352  0.6835  0.4460  0.000040
epoch:186 0.6293  0.9271  0.6994  0.3522  0.4610  0.6520  0.5996  0.6689  0.6689  0.3679  0.5225  0.6751  0.4441  0.000040
epoch:187 0.6318  0.9339  0.7067  0.3763  0.4488  0.6523  0.6040  0.6751  0.6751  0.5012  0.5249  0.6751  0.4334  0.000040
epoch:188 0.6434  0.9262  0.6944  0.4100  0.4638  0.6642  0.6150  0.6847  0.6847  0.5345  0.5305  0.6898  0.4408  0.000040
epoch:189 0.6297  0.9100  0.6943  0.3617  0.4432  0.6551  0.6053  0.6723  0.6723  0.3750  0.5300  0.6817  0.4421  0.000040
epoch:190 0.6410  0.9284  0.7038  0.3414  0.4679  0.6625  0.6144  0.6826  0.6826  0.3667  0.5456  0.6855  0.4541  0.000040
epoch:191 0.6316  0.9253  0.7017  0.3796  0.4657  0.6500  0.6028  0.6742  0.6742  0.5393  0.5372  0.6765  0.4605  0.000040
epoch:192 0.6337  0.9258  0.7016  0.3878  0.4620  0.6565  0.6067  0.6763  0.6763  0.5250  0.5324  0.6780  0.4447  0.000040
epoch:193 0.6332  0.9339  0.6996  0.3775  0.4623  0.6571  0.6085  0.6772  0.6772  0.5250  0.5324  0.6835  0.4361  0.000040
epoch:194 0.6347  0.9348  0.7016  0.3919  0.4595  0.6572  0.6078  0.6774  0.6774  0.4917  0.5431  0.6814  0.4472  0.000040
epoch:195 0.6280  0.9320  0.7043  0.4036  0.4597  0.6467  0.6058  0.6749  0.6749  0.5333  0.5332  0.6770  0.4349  0.000040
epoch:196 0.6291  0.9285  0.7053  0.3458  0.4514  0.6554  0.6048  0.6723  0.6723  0.3667  0.5289  0.6812  0.4402  0.000040
epoch:197 0.6317  0.9289  0.7171  0.3586  0.4789  0.6495  0.6027  0.6708  0.6708  0.3750  0.5372  0.6722  0.4396  0.000040
epoch:198 0.6337  0.9331  0.6946  0.3773  0.4563  0.6576  0.6067  0.6749  0.6749  0.5036  0.5178  0.6825  0.4469  0.000040
epoch:199 0.6264  0.9342  0.6992  0.4074  0.4654  0.6465  0.6019  0.6706  0.6706  0.5381  0.5284  0.6750  0.4451  0.000040
epoch:200 0.6425  0.9257  0.7023  0.4097  0.4595  0.6604  0.6129  0.6843  0.6843  0.5345  0.5376  0.6866  0.4268  0.000040
epoch:201 0.6354  0.9337  0.7193  0.3805  0.4716  0.6574  0.6090  0.6786  0.6786  0.4917  0.5376  0.6825  0.4434  0.000040
epoch:202 0.6296  0.9033  0.7164  0.3537  0.4783  0.6486  0.5991  0.6682  0.6682  0.3750  0.5324  0.6714  0.4453  0.000040
epoch:203 0.6264  0.9202  0.7054  0.3483  0.4774  0.6467  0.5981  0.6672  0.6672  0.3667  0.5403  0.6715  0.4366  0.000040
