epoch:0 0.0520  0.1362  0.0224  0.0641  0.1313  0.0519  0.0696  0.1390  0.1657  0.0905  0.2682  0.1460  2.8713  0.004000
epoch:1 0.2622  0.5789  0.1338  0.2151  0.2529  0.2319  0.2914  0.3701  0.3740  0.2274  0.3545  0.3523  2.1547  0.004000
epoch:2 0.4386  0.8457  0.4337  0.3921  0.4615  0.3714  0.4326  0.5456  0.5468  0.4095  0.4938  0.4987  1.7201  0.004000
epoch:3 0.4838  0.8764  0.5360  0.4989  0.4845  0.4656  0.4739  0.5844  0.5844  0.5143  0.5507  0.5686  1.4439  0.004000
epoch:4 0.5206  0.9005  0.5172  0.4670  0.5163  0.4670  0.4959  0.5721  0.5721  0.4857  0.5488  0.5567  1.2565  0.004000
epoch:5 0.6100  0.9265  0.7019  0.4457  0.4967  0.6025  0.5943  0.6657  0.6657  0.4762  0.5542  0.6552  1.1378  0.004000
epoch:6 0.5665  0.8366  0.6476  0.4203  0.5429  0.5727  0.5886  0.6549  0.6549  0.4226  0.5826  0.6618  1.0520  0.004000
epoch:7 0.5648  0.8426  0.6194  0.4914  0.5338  0.5626  0.6119  0.6829  0.6829  0.4952  0.6006  0.6918  0.9874  0.004000
epoch:8 0.6588  0.9382  0.6762  0.5194  0.5011  0.6819  0.6418  0.7102  0.7102  0.5238  0.5568  0.7425  0.9306  0.004000
epoch:9 0.6274  0.9385  0.7403  0.5643  0.5545  0.6325  0.6002  0.6728  0.6728  0.5738  0.6098  0.6934  0.8985  0.004000
epoch:10 0.6941  0.9328  0.7718  0.6194  0.5372  0.7121  0.6676  0.7343  0.7343  0.6250  0.5682  0.7570  0.8638  0.004000
epoch:11 0.6560  0.9449  0.7428  0.5221  0.5270  0.6902  0.6335  0.6969  0.6969  0.5262  0.5672  0.7387  0.8154  0.004000
epoch:12 0.5965  0.9360  0.6640  0.4023  0.4961  0.6145  0.5879  0.6445  0.6445  0.4226  0.5488  0.6725  0.8072  0.004000
epoch:13 0.6504  0.9469  0.7496  0.5536  0.5419  0.6512  0.6201  0.6892  0.6892  0.5571  0.5854  0.6970  0.7717  0.004000
epoch:14 0.7109  0.9300  0.7738  0.5588  0.5586  0.7450  0.6883  0.7544  0.7544  0.5655  0.5956  0.7983  0.7574  0.004000
epoch:15 0.6749  0.9432  0.7295  0.5491  0.5523  0.6808  0.6509  0.7199  0.7199  0.5595  0.5928  0.7339  0.7230  0.004000
epoch:16 0.7048  0.9438  0.7613  0.5866  0.5696  0.7308  0.6756  0.7460  0.7460  0.6012  0.6078  0.7874  0.7367  0.000400
epoch:17 0.7287  0.9464  0.7749  0.5829  0.5771  0.7554  0.7029  0.7722  0.7722  0.5905  0.6154  0.8184  0.6835  0.000400
epoch:18 0.7359  0.9475  0.7368  0.5829  0.5928  0.7673  0.7113  0.7805  0.7805  0.5905  0.6361  0.8249  0.6976  0.000400
epoch:19 0.7413  0.9510  0.7733  0.5967  0.5693  0.7824  0.7088  0.7834  0.7834  0.6000  0.6115  0.8428  0.6925  0.000400
epoch:20 0.7362  0.9516  0.7468  0.5449  0.5740  0.7681  0.7037  0.7747  0.7747  0.5440  0.6218  0.8187  0.6713  0.000400
epoch:21 0.7182  0.9438  0.7466  0.5753  0.5585  0.7579  0.6946  0.7666  0.7666  0.5869  0.6019  0.8138  0.6634  0.000400
epoch:22 0.7214  0.9446  0.7555  0.5553  0.5667  0.7534  0.6974  0.7688  0.7688  0.5619  0.6083  0.8094  0.6668  0.000040
epoch:23 0.6998  0.9416  0.7770  0.5467  0.5624  0.7159  0.6773  0.7471  0.7471  0.5583  0.6075  0.7834  0.6536  0.000040
epoch:24 0.6955  0.9414  0.7501  0.5834  0.5633  0.7045  0.6728  0.7432  0.7432  0.6000  0.5964  0.7641  0.6773  0.000040
epoch:25 0.6995  0.9405  0.7617  0.5834  0.5619  0.7226  0.6795  0.7496  0.7496  0.6000  0.5999  0.7985  0.6768  0.000040
epoch:26 0.6975  0.9407  0.7458  0.5843  0.5590  0.7076  0.6766  0.7479  0.7479  0.6000  0.6019  0.7746  0.6480  0.000040
epoch:27 0.6950  0.9411  0.7448  0.5753  0.5630  0.7031  0.6749  0.7447  0.7447  0.5869  0.6130  0.7649  0.6549  0.000040
epoch:28 0.7045  0.9425  0.7711  0.5592  0.5674  0.7388  0.6822  0.7526  0.7526  0.5667  0.6150  0.7980  0.6616  0.000040
epoch:29 0.7258  0.9452  0.7318  0.5840  0.5745  0.7577  0.7054  0.7743  0.7743  0.5905  0.6214  0.8178  0.6698  0.000040
epoch:30 0.7110  0.9326  0.7737  0.5467  0.5743  0.7416  0.6844  0.7532  0.7532  0.5583  0.6209  0.7939  0.6850  0.000040
epoch:31 0.7230  0.9433  0.7662  0.5467  0.5732  0.7610  0.6985  0.7702  0.7702  0.5583  0.6126  0.8212  0.6450  0.000040
epoch:32 0.7311  0.9411  0.7708  0.5467  0.5761  0.7498  0.6998  0.7719  0.7719  0.5583  0.6190  0.8074  0.6496  0.000040
epoch:33 0.7288  0.9437  0.7536  0.5553  0.5872  0.7702  0.7050  0.7778  0.7778  0.5619  0.6340  0.8309  0.6588  0.000040
epoch:34 0.7045  0.9434  0.7570  0.5753  0.5743  0.7227  0.6803  0.7502  0.7502  0.5869  0.6106  0.7766  0.6596  0.000040
epoch:35 0.7274  0.9452  0.7579  0.5635  0.5769  0.7432  0.7041  0.7722  0.7722  0.5702  0.6154  0.8077  0.6475  0.000040
epoch:36 0.7126  0.9412  0.7570  0.5381  0.5662  0.7230  0.6912  0.7613  0.7613  0.5536  0.6023  0.7852  0.6586  0.000040
epoch:37 0.7193  0.9331  0.7723  0.5467  0.5759  0.7500  0.6957  0.7641  0.7641  0.5583  0.6186  0.8067  0.6682  0.000040
epoch:38 0.7232  0.9444  0.7641  0.5417  0.5857  0.7570  0.7005  0.7689  0.7689  0.5536  0.6209  0.8117  0.6500  0.000040
epoch:39 0.7230  0.9343  0.7514  0.5467  0.5820  0.7501  0.7031  0.7719  0.7719  0.5583  0.6257  0.8104  0.6430  0.000040
epoch:40 0.7162  0.9414  0.7639  0.5481  0.5696  0.7215  0.6902  0.7591  0.7591  0.5631  0.6146  0.7718  0.6602  0.000040
epoch:41 0.7013  0.9406  0.7548  0.5517  0.5702  0.7044  0.6779  0.7481  0.7481  0.5631  0.6154  0.7628  0.6492  0.000040
epoch:42 0.7320  0.9461  0.7472  0.5886  0.5872  0.7679  0.7092  0.7794  0.7794  0.5952  0.6321  0.8262  0.6543  0.000040
epoch:43 0.7223  0.9343  0.7453  0.5427  0.5799  0.7473  0.7009  0.7691  0.7691  0.5536  0.6237  0.8037  0.6674  0.000040
epoch:44 0.6979  0.9392  0.7476  0.5474  0.5608  0.7189  0.6763  0.7470  0.7470  0.5667  0.6047  0.7874  0.6693  0.000040
epoch:45 0.7285  0.9347  0.7670  0.5926  0.5724  0.7653  0.7049  0.7733  0.7733  0.6000  0.6190  0.8180  0.6847  0.000040
epoch:46 0.7261  0.9334  0.7515  0.5586  0.5869  0.7576  0.7051  0.7736  0.7736  0.5655  0.6233  0.8156  0.6666  0.000040
epoch:47 0.7011  0.9417  0.7589  0.5467  0.5753  0.7097  0.6748  0.7452  0.7452  0.5583  0.6106  0.7628  0.6409  0.000040
epoch:48 0.7283  0.9350  0.7594  0.5427  0.5849  0.7609  0.7050  0.7729  0.7729  0.5536  0.6345  0.8112  0.6457  0.000040
epoch:49 0.6997  0.9283  0.7410  0.5424  0.5599  0.7213  0.6800  0.7483  0.7483  0.5619  0.5984  0.7911  0.6670  0.000040
epoch:50 0.7277  0.9338  0.7488  0.5635  0.5762  0.7594  0.7081  0.7769  0.7769  0.5702  0.6150  0.8185  0.6503  0.000040
epoch:51 0.7233  0.9471  0.7635  0.5839  0.5789  0.7551  0.6984  0.7665  0.7665  0.5869  0.6126  0.8057  0.6693  0.000040
epoch:52 0.6990  0.9410  0.7685  0.5467  0.5642  0.7153  0.6764  0.7462  0.7462  0.5583  0.6091  0.7723  0.6644  0.000040
epoch:53 0.7016  0.9426  0.7631  0.5417  0.5708  0.7355  0.6779  0.7471  0.7471  0.5536  0.6106  0.7874  0.6685  0.000040
epoch:54 0.7266  0.9332  0.7529  0.5510  0.5606  0.7597  0.7018  0.7697  0.7697  0.5619  0.6023  0.8156  0.6518  0.000040
epoch:55 0.6977  0.9410  0.7520  0.5475  0.5672  0.7057  0.6755  0.7451  0.7451  0.5667  0.6119  0.7617  0.6651  0.000040
epoch:56 0.7283  0.9480  0.7559  0.5538  0.5621  0.7698  0.7071  0.7784  0.7784  0.5571  0.6218  0.8346  0.6688  0.000040
epoch:57 0.7425  0.9483  0.7777  0.5969  0.5981  0.7817  0.7160  0.7862  0.7862  0.6036  0.6368  0.8385  0.6518  0.000040
epoch:58 0.7294  0.9448  0.7606  0.5592  0.5788  0.7693  0.7077  0.7762  0.7762  0.5667  0.6218  0.8246  0.6557  0.000040
epoch:59 0.7093  0.9437  0.7769  0.5467  0.5843  0.7459  0.6830  0.7538  0.7538  0.5583  0.6233  0.7969  0.6406  0.000040
epoch:60 0.7038  0.9427  0.7602  0.5751  0.5713  0.7234  0.6761  0.7471  0.7471  0.5869  0.6023  0.7710  0.6598  0.000040
epoch:61 0.7302  0.9343  0.7824  0.5550  0.5707  0.7594  0.7019  0.7728  0.7728  0.5667  0.6130  0.8180  0.6772  0.000040
epoch:62 0.7031  0.9406  0.7589  0.5417  0.5777  0.7233  0.6780  0.7505  0.7505  0.5536  0.6154  0.7850  0.6442  0.000040
epoch:63 0.7326  0.9466  0.7631  0.5635  0.5901  0.7648  0.7080  0.7759  0.7759  0.5702  0.6281  0.8257  0.6530  0.000040
epoch:64 0.7134  0.9420  0.7770  0.5550  0.5783  0.7387  0.6866  0.7564  0.7564  0.5667  0.6091  0.7960  0.6411  0.000040
epoch:65 0.7143  0.9453  0.7636  0.5545  0.5777  0.7533  0.6873  0.7584  0.7584  0.5619  0.6154  0.8058  0.6691  0.000040
epoch:66 0.7242  0.9336  0.7597  0.5467  0.5809  0.7613  0.6987  0.7675  0.7675  0.5583  0.6190  0.8074  0.6489  0.000040
epoch:67 0.7347  0.9344  0.7747  0.5635  0.5800  0.7717  0.7087  0.7769  0.7769  0.5702  0.6154  0.8260  0.6602  0.000040
epoch:68 0.7036  0.9417  0.7750  0.5467  0.5715  0.7308  0.6789  0.7491  0.7491  0.5583  0.6130  0.7829  0.6409  0.000040
epoch:69 0.7347  0.9456  0.7570  0.5635  0.5766  0.7670  0.7042  0.7753  0.7753  0.5702  0.6130  0.8169  0.6520  0.000040
epoch:70 0.7264  0.9430  0.7720  0.5467  0.5744  0.7533  0.6984  0.7699  0.7699  0.5583  0.6091  0.8081  0.6494  0.000040
epoch:71 0.7233  0.9406  0.7742  0.5467  0.5689  0.7512  0.6957  0.7687  0.7687  0.5583  0.6067  0.8109  0.6621  0.000040
epoch:72 0.6981  0.9390  0.7571  0.5373  0.5642  0.7145  0.6803  0.7486  0.7486  0.5571  0.6047  0.7917  0.6396  0.000040
epoch:73 0.7018  0.9387  0.7593  0.5510  0.5687  0.7095  0.6777  0.7493  0.7493  0.5667  0.6051  0.7686  0.6525  0.000040
epoch:74 0.7303  0.9467  0.7634  0.5635  0.5812  0.7609  0.7048  0.7723  0.7723  0.5702  0.6218  0.8135  0.6587  0.000040
epoch:75 0.7225  0.9415  0.7773  0.5467  0.5696  0.7447  0.6978  0.7676  0.7676  0.5583  0.6027  0.8040  0.6441  0.000040
epoch:76 0.7134  0.9458  0.7642  0.5417  0.5772  0.7483  0.6882  0.7566  0.7566  0.5536  0.6154  0.7984  0.6476  0.000040
epoch:77 0.7258  0.9343  0.7787  0.5800  0.5576  0.7622  0.7032  0.7714  0.7714  0.5917  0.5980  0.8220  0.6478  0.000040
epoch:78 0.7178  0.9416  0.7718  0.5424  0.5629  0.7318  0.6921  0.7613  0.7613  0.5619  0.6027  0.7779  0.6622  0.000040
epoch:79 0.7282  0.9332  0.7572  0.5635  0.5795  0.7542  0.7072  0.7754  0.7754  0.5702  0.6218  0.8185  0.6443  0.000040
epoch:80 0.7396  0.9432  0.7740  0.5553  0.5734  0.7783  0.7073  0.7811  0.7811  0.5619  0.6130  0.8365  0.6716  0.000040
epoch:81 0.7215  0.9460  0.7490  0.5550  0.5668  0.7503  0.7005  0.7689  0.7689  0.5667  0.6039  0.8172  0.6503  0.000040
epoch:82 0.7049  0.9437  0.7653  0.5550  0.5739  0.7349  0.6782  0.7486  0.7486  0.5667  0.6067  0.7845  0.6455  0.000040
epoch:83 0.7263  0.9346  0.7700  0.5417  0.5871  0.7662  0.7029  0.7711  0.7711  0.5536  0.6194  0.8242  0.6884  0.000040
epoch:84 0.7081  0.9422  0.7689  0.5417  0.5645  0.7323  0.6818  0.7513  0.7513  0.5536  0.6091  0.7783  0.6635  0.000040
epoch:85 0.7090  0.9411  0.7763  0.5510  0.5818  0.7359  0.6839  0.7563  0.7563  0.5667  0.6154  0.8006  0.6341  0.000040
epoch:86 0.6967  0.9396  0.7525  0.5424  0.5646  0.7078  0.6738  0.7433  0.7433  0.5619  0.6027  0.7585  0.6576  0.000040
epoch:87 0.7232  0.9343  0.7765  0.5543  0.5678  0.7621  0.7025  0.7703  0.7703  0.5619  0.6194  0.8112  0.6455  0.000040
epoch:88 0.7349  0.9431  0.7736  0.5592  0.5827  0.7581  0.7041  0.7761  0.7761  0.5667  0.6194  0.8072  0.6400  0.000040
epoch:89 0.7083  0.9432  0.7760  0.5467  0.5840  0.7482  0.6842  0.7546  0.7546  0.5583  0.6194  0.8040  0.6707  0.000040
epoch:90 0.7224  0.9460  0.7588  0.5500  0.5750  0.7615  0.6896  0.7641  0.7641  0.5619  0.6194  0.8135  0.6471  0.000040
epoch:91 0.7228  0.9466  0.7570  0.5543  0.5748  0.7619  0.7046  0.7725  0.7725  0.5619  0.6218  0.8186  0.6529  0.000040
epoch:92 0.7423  0.9466  0.7646  0.5969  0.5903  0.7814  0.7122  0.7845  0.7845  0.6036  0.6281  0.8336  0.6499  0.000040
epoch:93 0.7385  0.9338  0.7855  0.5675  0.5868  0.7686  0.7115  0.7797  0.7797  0.5750  0.6218  0.8201  0.6568  0.000040
epoch:94 0.7175  0.9323  0.7846  0.5675  0.5804  0.7489  0.6905  0.7592  0.7592  0.5750  0.6214  0.7990  0.6332  0.000040
epoch:95 0.7017  0.9414  0.7604  0.5467  0.5533  0.7264  0.6804  0.7502  0.7502  0.5583  0.6004  0.7884  0.6300  0.000040
epoch:96 0.7272  0.9430  0.7784  0.5417  0.5745  0.7658  0.7011  0.7712  0.7712  0.5536  0.6214  0.8162  0.6480  0.000040
epoch:97 0.7185  0.9421  0.7661  0.5796  0.5469  0.7385  0.6926  0.7655  0.7655  0.6000  0.5984  0.7964  0.6301  0.000040
epoch:98 0.7349  0.9476  0.7636  0.5929  0.5711  0.7778  0.7070  0.7805  0.7805  0.5952  0.6178  0.8327  0.6391  0.000040
epoch:99 0.7373  0.9489  0.7634  0.5635  0.5734  0.7745  0.7114  0.7816  0.7816  0.5702  0.6158  0.8280  0.6403  0.000040
epoch:100 0.7272  0.9337  0.7795  0.5635  0.5753  0.7553  0.6996  0.7684  0.7684  0.5667  0.6186  0.8053  0.6465  0.000040
epoch:101 0.7410  0.9471  0.7692  0.5635  0.5936  0.7729  0.7127  0.7809  0.7809  0.5702  0.6261  0.8206  0.6326  0.000040
epoch:102 0.7320  0.9451  0.7622  0.5500  0.5780  0.7685  0.7065  0.7753  0.7753  0.5619  0.6214  0.8169  0.6507  0.000040
epoch:103 0.7397  0.9455  0.7863  0.5635  0.5827  0.7766  0.7083  0.7809  0.7809  0.5702  0.6197  0.8325  0.6464  0.000040
epoch:104 0.6954  0.9386  0.7409  0.5474  0.5691  0.7025  0.6746  0.7428  0.7428  0.5667  0.6095  0.7676  0.6433  0.000040
epoch:105 0.7394  0.9337  0.7831  0.5675  0.5942  0.7708  0.7118  0.7806  0.7806  0.5750  0.6261  0.8299  0.6472  0.000040
epoch:106 0.7242  0.9335  0.7560  0.5500  0.5755  0.7499  0.7048  0.7735  0.7735  0.5619  0.6233  0.8178  0.6482  0.000040
epoch:107 0.7242  0.9336  0.7782  0.5550  0.5769  0.7606  0.7003  0.7690  0.7690  0.5667  0.6214  0.8104  0.6441  0.000040
epoch:108 0.7036  0.9338  0.7799  0.5550  0.5616  0.7319  0.6785  0.7473  0.7473  0.5667  0.5944  0.7826  0.6392  0.000040
epoch:109 0.6998  0.9428  0.7694  0.5543  0.5580  0.7168  0.6758  0.7453  0.7453  0.5702  0.6027  0.7607  0.6369  0.000040
epoch:110 0.7373  0.9462  0.7674  0.5635  0.5880  0.7745  0.7120  0.7802  0.7802  0.5702  0.6261  0.8283  0.6511  0.000040
epoch:111 0.7046  0.9331  0.7782  0.5550  0.5669  0.7407  0.6828  0.7507  0.7507  0.5667  0.6067  0.7945  0.6401  0.000040
epoch:112 0.7334  0.9344  0.7704  0.5592  0.5747  0.7645  0.7061  0.7743  0.7743  0.5667  0.6071  0.8217  0.6590  0.000040
epoch:113 0.7351  0.9485  0.7628  0.5635  0.5855  0.7758  0.7080  0.7783  0.7783  0.5702  0.6273  0.8253  0.6524  0.000040
epoch:114 0.7259  0.9320  0.7485  0.5550  0.5822  0.7508  0.7049  0.7733  0.7733  0.5667  0.6194  0.8055  0.6600  0.000040
epoch:115 0.7394  0.9489  0.7682  0.5635  0.5860  0.7828  0.7115  0.7841  0.7841  0.5702  0.6237  0.8409  0.6511  0.000040
epoch:116 0.7383  0.9456  0.7676  0.5635  0.5816  0.7743  0.7064  0.7788  0.7788  0.5702  0.6178  0.8243  0.6389  0.000040
epoch:117 0.7393  0.9467  0.7821  0.5507  0.5775  0.7818  0.7121  0.7803  0.7803  0.5571  0.6154  0.8388  0.6340  0.000040
epoch:118 0.7068  0.9417  0.7628  0.5417  0.5700  0.7269  0.6818  0.7529  0.7529  0.5536  0.6143  0.7895  0.6445  0.000040
epoch:119 0.7327  0.9336  0.7759  0.5592  0.5712  0.7680  0.7075  0.7751  0.7751  0.5667  0.6071  0.8188  0.6563  0.000040
epoch:120 0.7015  0.9401  0.7615  0.5373  0.5565  0.7125  0.6819  0.7502  0.7502  0.5571  0.6036  0.7747  0.6537  0.000040
epoch:121 0.7328  0.9460  0.7602  0.5635  0.5819  0.7623  0.7098  0.7777  0.7777  0.5702  0.6214  0.8228  0.6431  0.000040
epoch:122 0.7317  0.9460  0.7625  0.5969  0.5750  0.7695  0.7096  0.7777  0.7777  0.6036  0.6194  0.8235  0.6368  0.000040
epoch:123 0.7305  0.9420  0.7807  0.5467  0.5737  0.7645  0.7028  0.7740  0.7740  0.5583  0.6183  0.8139  0.6544  0.000040
epoch:124 0.7264  0.9472  0.7581  0.5586  0.5611  0.7481  0.7011  0.7684  0.7684  0.5655  0.5988  0.7979  0.6612  0.000040
epoch:125 0.7371  0.9460  0.7617  0.5635  0.5792  0.7736  0.7117  0.7805  0.7805  0.5702  0.6178  0.8254  0.6382  0.000040
epoch:126 0.7149  0.9455  0.7556  0.5370  0.5749  0.7505  0.6842  0.7564  0.7564  0.5488  0.6242  0.7976  0.6371  0.000040
epoch:127 0.7425  0.9492  0.7846  0.5553  0.5867  0.7810  0.7165  0.7865  0.7865  0.5619  0.6373  0.8361  0.6391  0.000040
epoch:128 0.7351  0.9465  0.7595  0.5969  0.5789  0.7539  0.7077  0.7756  0.7756  0.6036  0.6258  0.8024  0.6593  0.000040
epoch:129 0.7022  0.9432  0.7710  0.5500  0.5592  0.7327  0.6852  0.7541  0.7541  0.5619  0.6036  0.7935  0.6232  0.000040
epoch:130 0.7049  0.9337  0.7766  0.5500  0.5761  0.7193  0.6807  0.7480  0.7480  0.5619  0.6155  0.7718  0.6622  0.000040
epoch:131 0.7326  0.9338  0.7791  0.5675  0.5730  0.7504  0.7039  0.7724  0.7724  0.5750  0.6130  0.8003  0.6319  0.000040
epoch:132 0.6965  0.9363  0.7578  0.5373  0.5562  0.6996  0.6735  0.7432  0.7432  0.5571  0.5987  0.7528  0.6582  0.000040
epoch:133 0.7314  0.9349  0.7807  0.5510  0.5682  0.7675  0.7105  0.7783  0.7783  0.5619  0.6158  0.8344  0.6448  0.000040
epoch:134 0.7292  0.9447  0.7808  0.5467  0.5681  0.7518  0.6975  0.7697  0.7697  0.5583  0.6119  0.8006  0.6610  0.000040
epoch:135 0.7345  0.9417  0.7759  0.5592  0.5585  0.7660  0.7041  0.7768  0.7768  0.5667  0.6071  0.8249  0.6392  0.000040
epoch:136 0.7062  0.9323  0.7681  0.5675  0.5819  0.7180  0.6799  0.7475  0.7475  0.5750  0.6174  0.7686  0.6249  0.000040
epoch:137 0.7145  0.9487  0.7663  0.5586  0.5593  0.7536  0.6915  0.7602  0.7602  0.5655  0.5992  0.8147  0.6352  0.000040
epoch:138 0.7103  0.9425  0.7820  0.5550  0.5792  0.7412  0.6830  0.7531  0.7531  0.5667  0.6174  0.7871  0.6294  0.000040
epoch:139 0.7391  0.9459  0.7632  0.5635  0.5767  0.7804  0.7100  0.7826  0.7826  0.5702  0.6261  0.8336  0.6396  0.000040
epoch:140 0.7359  0.9455  0.7677  0.5550  0.5750  0.7779  0.7063  0.7786  0.7786  0.5667  0.6237  0.8299  0.6467  0.000040
epoch:141 0.7239  0.9350  0.7766  0.5550  0.5761  0.7372  0.6969  0.7648  0.7648  0.5667  0.6174  0.7832  0.6619  0.000040
epoch:142 0.7276  0.9433  0.7854  0.5500  0.5710  0.7676  0.7013  0.7717  0.7717  0.5619  0.6130  0.8210  0.6531  0.000040
epoch:143 0.7222  0.9347  0.7725  0.5417  0.5735  0.7370  0.6987  0.7659  0.7659  0.5536  0.6202  0.7871  0.6510  0.000040
epoch:144 0.7116  0.9433  0.7817  0.5550  0.5659  0.7471  0.6859  0.7557  0.7557  0.5667  0.6071  0.8014  0.6672  0.000040
epoch:145 0.7372  0.9491  0.7792  0.5635  0.5729  0.7775  0.7110  0.7803  0.7803  0.5702  0.6162  0.8322  0.6171  0.000040
epoch:146 0.7397  0.9441  0.7807  0.5467  0.5773  0.7827  0.7096  0.7817  0.7817  0.5583  0.6222  0.8399  0.6295  0.000040
epoch:147 0.7315  0.9467  0.7661  0.5510  0.5708  0.7697  0.7079  0.7755  0.7755  0.5619  0.6115  0.8222  0.6253  0.000040
epoch:148 0.7328  0.9458  0.7675  0.5553  0.5630  0.7751  0.7056  0.7773  0.7773  0.5619  0.6134  0.8251  0.6340  0.000040
epoch:149 0.7351  0.9342  0.7678  0.5675  0.5839  0.7643  0.7077  0.7756  0.7756  0.5750  0.6222  0.8127  0.6448  0.000040
epoch:150 0.7371  0.9453  0.7637  0.5500  0.5755  0.7773  0.7102  0.7820  0.7820  0.5619  0.6134  0.8370  0.6251  0.000040
epoch:151 0.7316  0.9471  0.7616  0.5586  0.5828  0.7428  0.7027  0.7705  0.7705  0.5655  0.6194  0.7966  0.6304  0.000040
epoch:152 0.7309  0.9473  0.7554  0.5635  0.5679  0.7644  0.7103  0.7782  0.7782  0.5702  0.6139  0.8283  0.6540  0.000040
epoch:153 0.7251  0.9342  0.7816  0.5500  0.5829  0.7474  0.6995  0.7671  0.7671  0.5619  0.6174  0.8001  0.6261  0.000040
epoch:154 0.7407  0.9472  0.7673  0.5635  0.5838  0.7801  0.7153  0.7828  0.7828  0.5702  0.6305  0.8325  0.6364  0.000040
epoch:155 0.6976  0.9396  0.7379  0.5424  0.5613  0.7067  0.6801  0.7488  0.7488  0.5619  0.6075  0.7710  0.6282  0.000040
epoch:156 0.7003  0.9422  0.7499  0.5460  0.5551  0.7051  0.6792  0.7484  0.7484  0.5619  0.5972  0.7676  0.6440  0.000040
epoch:157 0.7032  0.9409  0.7509  0.5424  0.5685  0.7125  0.6785  0.7491  0.7491  0.5619  0.6115  0.7680  0.6233  0.000040
epoch:158 0.7165  0.9472  0.7577  0.5635  0.5522  0.7494  0.7014  0.7693  0.7693  0.5702  0.5960  0.8265  0.6264  0.000040
epoch:159 0.7097  0.9434  0.7582  0.5417  0.5700  0.7434  0.6818  0.7563  0.7563  0.5536  0.6174  0.8032  0.6375  0.000040
epoch:160 0.7377  0.9503  0.7856  0.5620  0.5721  0.7738  0.7093  0.7793  0.7793  0.5655  0.6214  0.8271  0.6323  0.000040
epoch:161 0.7364  0.9342  0.7879  0.5675  0.5764  0.7742  0.7105  0.7784  0.7784  0.5750  0.6198  0.8272  0.6362  0.000040
epoch:162 0.7333  0.9460  0.7666  0.5635  0.5789  0.7667  0.7083  0.7762  0.7762  0.5702  0.6194  0.8185  0.6383  0.000040
epoch:163 0.7379  0.9460  0.7738  0.5635  0.5668  0.7776  0.7146  0.7822  0.7822  0.5702  0.6139  0.8336  0.6282  0.000040
epoch:164 0.7345  0.9470  0.7653  0.5876  0.5773  0.7729  0.7100  0.7788  0.7788  0.5952  0.6214  0.8299  0.6611  0.000040
epoch:165 0.7309  0.9471  0.7646  0.5675  0.5660  0.7613  0.7049  0.7734  0.7734  0.5750  0.6087  0.8151  0.6443  0.000040
epoch:166 0.7254  0.9429  0.7679  0.5467  0.5534  0.7637  0.7004  0.7718  0.7718  0.5583  0.5952  0.8220  0.6448  0.000040
epoch:167 0.6974  0.9405  0.7593  0.5424  0.5603  0.7041  0.6787  0.7485  0.7485  0.5619  0.6075  0.7628  0.6441  0.000040
epoch:168 0.7369  0.9478  0.7694  0.5586  0.5848  0.7665  0.7087  0.7769  0.7769  0.5655  0.6301  0.8182  0.6259  0.000040
epoch:169 0.7396  0.9441  0.7837  0.5543  0.5683  0.7759  0.7076  0.7798  0.7798  0.5619  0.6158  0.8275  0.6432  0.000040
epoch:170 0.7353  0.9316  0.7763  0.5635  0.5686  0.7693  0.7108  0.7781  0.7781  0.5702  0.6139  0.8249  0.6308  0.000040
epoch:171 0.7025  0.9419  0.7399  0.5467  0.5618  0.7111  0.6768  0.7483  0.7483  0.5583  0.6027  0.7733  0.6193  0.000040
epoch:172 0.7282  0.9344  0.7743  0.5467  0.5530  0.7660  0.7067  0.7748  0.7748  0.5583  0.6008  0.8259  0.6492  0.000040
epoch:173 0.7413  0.9465  0.7827  0.5675  0.5751  0.7747  0.7133  0.7812  0.7812  0.5750  0.6179  0.8286  0.6159  0.000040
epoch:174 0.7261  0.9360  0.7805  0.5467  0.5611  0.7617  0.7044  0.7725  0.7725  0.5583  0.6170  0.8212  0.6501  0.000040
epoch:175 0.7331  0.9337  0.7824  0.5635  0.5676  0.7635  0.7056  0.7735  0.7735  0.5702  0.6075  0.8093  0.6366  0.000040
epoch:176 0.7313  0.9336  0.7755  0.5550  0.5695  0.7614  0.7085  0.7764  0.7764  0.5667  0.6091  0.8206  0.6167  0.000040
epoch:177 0.7332  0.9460  0.7642  0.5635  0.5776  0.7651  0.7104  0.7785  0.7785  0.5702  0.6178  0.8283  0.6268  0.000040
epoch:178 0.7334  0.9354  0.7644  0.5635  0.5708  0.7723  0.7088  0.7761  0.7761  0.5702  0.6115  0.8267  0.6300  0.000040
epoch:179 0.7369  0.9347  0.7820  0.5843  0.5825  0.7691  0.7091  0.7773  0.7773  0.5952  0.6261  0.8162  0.6215  0.000040
epoch:180 0.7246  0.9336  0.7511  0.5510  0.5642  0.7598  0.7038  0.7723  0.7723  0.5619  0.6071  0.8214  0.6326  0.000040
epoch:181 0.7350  0.9346  0.7794  0.5467  0.5783  0.7662  0.7102  0.7784  0.7784  0.5583  0.6242  0.8236  0.6338  0.000040
epoch:182 0.7325  0.9443  0.7559  0.5635  0.5658  0.7664  0.7086  0.7801  0.7801  0.5702  0.6115  0.8291  0.6301  0.000040
epoch:183 0.7374  0.9472  0.7815  0.5635  0.5778  0.7731  0.7113  0.7794  0.7794  0.5702  0.6237  0.8240  0.6223  0.000040
epoch:184 0.7289  0.9471  0.7501  0.5635  0.5678  0.7501  0.7073  0.7749  0.7749  0.5702  0.6198  0.8053  0.6176  0.000040
epoch:185 0.6967  0.9452  0.7707  0.5417  0.5541  0.7084  0.6743  0.7416  0.7416  0.5536  0.5968  0.7556  0.6257  0.000040
epoch:186 0.7321  0.9494  0.7613  0.5538  0.5644  0.7692  0.7099  0.7798  0.7798  0.5571  0.6111  0.8348  0.6649  0.000040
epoch:187 0.6997  0.9439  0.7553  0.5381  0.5621  0.7136  0.6773  0.7465  0.7465  0.5536  0.6111  0.7670  0.6311  0.000040
epoch:188 0.7403  0.9471  0.7857  0.5550  0.5696  0.7797  0.7134  0.7815  0.7815  0.5667  0.6134  0.8362  0.6400  0.000040
epoch:189 0.7100  0.9440  0.7662  0.5550  0.5762  0.7448  0.6843  0.7558  0.7558  0.5667  0.6155  0.8011  0.6452  0.000040
epoch:190 0.7131  0.9362  0.7564  0.5474  0.5636  0.7413  0.6948  0.7625  0.7625  0.5667  0.6060  0.8073  0.6413  0.000040
epoch:191 0.7142  0.9432  0.7786  0.5550  0.5761  0.7487  0.6896  0.7584  0.7584  0.5667  0.6134  0.8058  0.6342  0.000040
epoch:192 0.7348  0.9461  0.7712  0.5510  0.5703  0.7701  0.7055  0.7766  0.7766  0.5619  0.6134  0.8259  0.6391  0.000040
epoch:193 0.7208  0.9415  0.7516  0.5467  0.5616  0.7509  0.6971  0.7690  0.7690  0.5583  0.6036  0.8133  0.6369  0.000040
epoch:194 0.7367  0.9466  0.7798  0.5546  0.5784  0.7732  0.7077  0.7788  0.7788  0.5667  0.6277  0.8217  0.6264  0.000040
epoch:195 0.7342  0.9461  0.7632  0.5635  0.5617  0.7717  0.7079  0.7793  0.7793  0.5702  0.6115  0.8315  0.6326  0.000040
epoch:196 0.7198  0.9474  0.7625  0.5635  0.5646  0.7593  0.6941  0.7617  0.7617  0.5702  0.6115  0.8090  0.6104  0.000040
epoch:197 0.7337  0.9459  0.7620  0.5550  0.5779  0.7678  0.7117  0.7807  0.7807  0.5667  0.6237  0.8278  0.6309  0.000040
epoch:198 0.7343  0.9351  0.7748  0.5675  0.5842  0.7633  0.7080  0.7764  0.7764  0.5750  0.6242  0.8151  0.6368  0.000040
epoch:199 0.7032  0.9347  0.7672  0.5550  0.5723  0.7319  0.6794  0.7476  0.7476  0.5667  0.6067  0.7863  0.6249  0.000040
epoch:200 0.7023  0.9403  0.7503  0.5378  0.5701  0.7230  0.6807  0.7526  0.7526  0.5571  0.6158  0.7980  0.6111  0.000040
epoch:201 0.6882  0.9345  0.7392  0.5381  0.5596  0.6913  0.6701  0.7374  0.7374  0.5536  0.6016  0.7567  0.6396  0.000040
epoch:202 0.7307  0.9354  0.7725  0.5675  0.5781  0.7636  0.7044  0.7726  0.7726  0.5750  0.6170  0.8159  0.6148  0.000040
epoch:203 0.7321  0.9465  0.7579  0.5553  0.5609  0.7724  0.7117  0.7796  0.7796  0.5619  0.6139  0.8325  0.6387  0.000040
epoch:204 0.7319  0.9435  0.7762  0.5431  0.5718  0.7620  0.7051  0.7758  0.7758  0.5583  0.6178  0.8138  0.6244  0.000040
epoch:205 0.7178  0.9440  0.7756  0.5550  0.5709  0.7523  0.6890  0.7611  0.7611  0.5667  0.6115  0.8064  0.6506  0.000040
epoch:206 0.7046  0.9423  0.7447  0.5474  0.5714  0.7113  0.6837  0.7529  0.7529  0.5667  0.6167  0.7771  0.6310  0.000040
epoch:207 0.7173  0.9365  0.7745  0.5625  0.5685  0.7515  0.6932  0.7608  0.7608  0.5702  0.6115  0.8074  0.6429  0.000040
epoch:208 0.7367  0.9495  0.7670  0.5596  0.5696  0.7698  0.7108  0.7805  0.7805  0.5655  0.6095  0.8282  0.6435  0.000040
epoch:209 0.7372  0.9428  0.7747  0.5467  0.5699  0.7744  0.7092  0.7797  0.7797  0.5583  0.6182  0.8275  0.6277  0.000040
epoch:210 0.7341  0.9469  0.7818  0.5500  0.5723  0.7663  0.7080  0.7755  0.7755  0.5619  0.6111  0.8249  0.6229  0.000040
epoch:211 0.7358  0.9456  0.7635  0.5635  0.5719  0.7703  0.7099  0.7820  0.7820  0.5702  0.6134  0.8352  0.6400  0.000040
epoch:212 0.7127  0.9447  0.7806  0.5675  0.5635  0.7480  0.6872  0.7570  0.7570  0.5750  0.6032  0.7977  0.6110  0.000040
epoch:213 0.7329  0.9467  0.7626  0.5675  0.5806  0.7610  0.7119  0.7803  0.7803  0.5750  0.6261  0.8248  0.6229  0.000040
epoch:214 0.7360  0.9458  0.7561  0.5625  0.5751  0.7544  0.7079  0.7758  0.7758  0.5702  0.6202  0.8018  0.6407  0.000040
epoch:215 0.7058  0.9432  0.7654  0.5381  0.5710  0.7180  0.6782  0.7503  0.7503  0.5536  0.6158  0.7667  0.6288  0.000040
epoch:216 0.7286  0.9451  0.7594  0.5635  0.5711  0.7510  0.7078  0.7756  0.7756  0.5702  0.6134  0.8246  0.6281  0.000040
epoch:217 0.7367  0.9360  0.7770  0.5635  0.5684  0.7761  0.7111  0.7781  0.7781  0.5702  0.6095  0.8296  0.6320  0.000040
epoch:218 0.7296  0.9434  0.7521  0.5550  0.5774  0.7483  0.7016  0.7741  0.7741  0.5667  0.6186  0.8138  0.6393  0.000040
epoch:219 0.7363  0.9487  0.7697  0.5635  0.5777  0.7674  0.7089  0.7782  0.7782  0.5702  0.6234  0.8214  0.6336  0.000040
epoch:220 0.7096  0.9373  0.7507  0.5381  0.5597  0.7366  0.6917  0.7600  0.7600  0.5536  0.6032  0.8028  0.6528  0.000040
epoch:221 0.7304  0.9465  0.7611  0.5510  0.5653  0.7651  0.7034  0.7754  0.7754  0.5619  0.6047  0.8246  0.6388  0.000040
epoch:222 0.7310  0.9465  0.7573  0.5467  0.5797  0.7644  0.7090  0.7769  0.7769  0.5583  0.6301  0.8212  0.6264  0.000040
epoch:223 0.7295  0.9471  0.7622  0.5460  0.5826  0.7589  0.7076  0.7757  0.7757  0.5571  0.6261  0.8198  0.6442  0.000040
epoch:224 0.7367  0.9497  0.7619  0.5553  0.5670  0.7668  0.7077  0.7779  0.7779  0.5619  0.6134  0.8169  0.6089  0.000040
epoch:225 0.7333  0.9461  0.7611  0.5586  0.5617  0.7661  0.7064  0.7776  0.7776  0.5655  0.6115  0.8256  0.6166  0.000040
epoch:226 0.7319  0.9361  0.7786  0.5969  0.5712  0.7617  0.7097  0.7776  0.7776  0.6036  0.6115  0.8233  0.6437  0.000040
epoch:227 0.7368  0.9459  0.7691  0.5592  0.5778  0.7757  0.7134  0.7822  0.7822  0.5667  0.6242  0.8378  0.6231  0.000040
epoch:228 0.7319  0.9468  0.7499  0.5635  0.5781  0.7655  0.7122  0.7789  0.7789  0.5702  0.6202  0.8275  0.6385  0.000040
epoch:229 0.7302  0.9468  0.7554  0.5553  0.5732  0.7520  0.7081  0.7766  0.7766  0.5619  0.6237  0.8089  0.6366  0.000040
epoch:230 0.6995  0.9411  0.7492  0.5417  0.5541  0.7237  0.6761  0.7493  0.7493  0.5536  0.5972  0.7837  0.6349  0.000040
epoch:231 0.7220  0.9406  0.7664  0.5513  0.5749  0.7420  0.7014  0.7700  0.7700  0.5667  0.6139  0.8133  0.6397  0.000040
epoch:232 0.7334  0.9467  0.7622  0.5635  0.5682  0.7690  0.7108  0.7793  0.7793  0.5702  0.6071  0.8325  0.6407  0.000040
epoch:233 0.7136  0.9366  0.7747  0.5500  0.5570  0.7507  0.6921  0.7591  0.7591  0.5619  0.6032  0.8079  0.6198  0.000040
epoch:234 0.7368  0.9349  0.7787  0.5500  0.5870  0.7689  0.7117  0.7807  0.7807  0.5619  0.6237  0.8283  0.6267  0.000040
epoch:235 0.7124  0.9379  0.7449  0.5474  0.5617  0.7388  0.6951  0.7639  0.7639  0.5667  0.5992  0.7988  0.6292  0.000040
epoch:236 0.7097  0.9421  0.7637  0.5381  0.5746  0.7226  0.6819  0.7555  0.7555  0.5536  0.6242  0.7778  0.6513  0.000040
epoch:237 0.7306  0.9456  0.7633  0.5751  0.5859  0.7418  0.7043  0.7718  0.7718  0.5869  0.6246  0.7862  0.6623  0.000040
epoch:238 0.7379  0.9343  0.7733  0.5550  0.5831  0.7713  0.7146  0.7825  0.7825  0.5667  0.6246  0.8325  0.6533  0.000040
epoch:239 0.7336  0.9347  0.7727  0.5550  0.5684  0.7715  0.7080  0.7753  0.7753  0.5667  0.6071  0.8288  0.6010  0.000040
epoch:240 0.7341  0.9347  0.7717  0.5467  0.5717  0.7709  0.7107  0.7789  0.7789  0.5583  0.6162  0.8264  0.6092  0.000040
epoch:241 0.7031  0.9455  0.7628  0.5381  0.5703  0.7226  0.6813  0.7483  0.7483  0.5536  0.6071  0.7760  0.6145  0.000040
epoch:242 0.7252  0.9333  0.7726  0.5592  0.5750  0.7595  0.7070  0.7749  0.7749  0.5750  0.6162  0.8233  0.6378  0.000040
epoch:243 0.7330  0.9464  0.7741  0.5675  0.5615  0.7712  0.7105  0.7784  0.7784  0.5750  0.6012  0.8315  0.6237  0.000040
epoch:244 0.7036  0.9434  0.7491  0.5513  0.5650  0.7283  0.6823  0.7528  0.7528  0.5667  0.6032  0.7916  0.6215  0.000040
epoch:245 0.7291  0.9489  0.7543  0.5635  0.5648  0.7624  0.7085  0.7785  0.7785  0.5702  0.6032  0.8327  0.6530  0.000040
epoch:246 0.7239  0.9455  0.7742  0.5417  0.5571  0.7628  0.7012  0.7730  0.7730  0.5536  0.6051  0.8207  0.6198  0.000040
epoch:247 0.7254  0.9465  0.7549  0.5635  0.5553  0.7563  0.7056  0.7732  0.7732  0.5702  0.5988  0.8209  0.6378  0.000040
epoch:248 0.6964  0.9388  0.7433  0.5474  0.5652  0.7246  0.6813  0.7495  0.7495  0.5667  0.6095  0.7927  0.6208  0.000040
epoch:249 0.7331  0.9341  0.7615  0.5635  0.5806  0.7624  0.7111  0.7795  0.7795  0.5702  0.6182  0.8278  0.6395  0.000040
epoch:250 0.7180  0.9419  0.7496  0.5381  0.5573  0.7470  0.6993  0.7684  0.7684  0.5536  0.6039  0.8130  0.6159  0.000040
epoch:251 0.7310  0.9330  0.7663  0.5635  0.5727  0.7575  0.7079  0.7754  0.7754  0.5702  0.6139  0.8116  0.6173  0.000040
epoch:252 0.7082  0.9422  0.7450  0.5556  0.5711  0.7354  0.6862  0.7570  0.7570  0.5750  0.6099  0.7929  0.6197  0.000040
epoch:253 0.7340  0.9460  0.7631  0.5586  0.5705  0.7707  0.7090  0.7799  0.7799  0.5655  0.6139  0.8299  0.6386  0.000040
epoch:254 0.7328  0.9470  0.7621  0.5675  0.5752  0.7674  0.7100  0.7778  0.7778  0.5750  0.6158  0.8265  0.6236  0.000040
epoch:255 0.7160  0.9357  0.7736  0.5500  0.5679  0.7491  0.6904  0.7573  0.7573  0.5619  0.6095  0.7958  0.6243  0.000040
epoch:256 0.7400  0.9437  0.7706  0.5635  0.5734  0.7795  0.7112  0.7853  0.7853  0.5702  0.6162  0.8391  0.6341  0.000040
epoch:257 0.7333  0.9470  0.7766  0.5550  0.5663  0.7677  0.7081  0.7769  0.7769  0.5667  0.6075  0.8206  0.6114  0.000040
epoch:258 0.7187  0.9333  0.7722  0.5500  0.5598  0.7510  0.7007  0.7686  0.7686  0.5619  0.6032  0.8154  0.6412  0.000040
epoch:259 0.7002  0.9420  0.7539  0.5381  0.5512  0.7174  0.6778  0.7470  0.7470  0.5536  0.5972  0.7726  0.6312  0.000040
epoch:260 0.7124  0.9351  0.7564  0.5464  0.5690  0.7332  0.6852  0.7558  0.7558  0.5619  0.6139  0.7913  0.6270  0.000040
epoch:261 0.7375  0.9484  0.7569  0.5919  0.5801  0.7591  0.7054  0.7806  0.7806  0.5988  0.6154  0.8121  0.6174  0.000040
epoch:262 0.7381  0.9366  0.7836  0.5467  0.5880  0.7715  0.7113  0.7807  0.7807  0.5583  0.6305  0.8261  0.6051  0.000040
epoch:263 0.7224  0.9346  0.7719  0.5550  0.5607  0.7561  0.6996  0.7680  0.7680  0.5667  0.5984  0.8135  0.6114  0.000040
epoch:264 0.7116  0.9416  0.7484  0.5474  0.5529  0.7397  0.6949  0.7638  0.7638  0.5667  0.6012  0.8040  0.6343  0.000040
epoch:265 0.7361  0.9494  0.7606  0.5513  0.5559  0.7755  0.7087  0.7784  0.7784  0.5571  0.5968  0.8295  0.6623  0.000040
epoch:266 0.7187  0.9442  0.7773  0.5513  0.5800  0.7583  0.6926  0.7643  0.7643  0.5667  0.6237  0.8161  0.6072  0.000040
epoch:267 0.7388  0.9442  0.7712  0.5513  0.5807  0.7758  0.7100  0.7818  0.7818  0.5667  0.6202  0.8307  0.6296  0.000040
epoch:268 0.7267  0.9471  0.7536  0.5553  0.5531  0.7647  0.7064  0.7734  0.7734  0.5619  0.6012  0.8251  0.6384  0.000040
epoch:269 0.7376  0.9444  0.7656  0.5513  0.5696  0.7623  0.7032  0.7783  0.7783  0.5667  0.6115  0.8116  0.6250  0.000040
epoch:270 0.7392  0.9347  0.7781  0.5550  0.5941  0.7743  0.7133  0.7821  0.7821  0.5667  0.6285  0.8315  0.6186  0.000040
epoch:271 0.7144  0.9424  0.7523  0.5474  0.5684  0.7442  0.6871  0.7606  0.7606  0.5667  0.6186  0.8005  0.6261  0.000040
epoch:272 0.7308  0.9353  0.7595  0.5500  0.5771  0.7613  0.7085  0.7764  0.7764  0.5619  0.6158  0.8217  0.6031  0.000040
epoch:273 0.7309  0.9464  0.7590  0.5635  0.5668  0.7603  0.7112  0.7797  0.7797  0.5702  0.6051  0.8312  0.6310  0.000040
epoch:274 0.7391  0.9450  0.7634  0.5513  0.5738  0.7758  0.7122  0.7846  0.7846  0.5667  0.6186  0.8368  0.6232  0.000040
epoch:275 0.7301  0.9462  0.7527  0.5550  0.5741  0.7655  0.7090  0.7762  0.7762  0.5667  0.6135  0.8241  0.6273  0.000040
epoch:276 0.7232  0.9446  0.7528  0.5424  0.5779  0.7526  0.7005  0.7710  0.7710  0.5619  0.6289  0.8043  0.6169  0.000040
epoch:277 0.7293  0.9469  0.7563  0.5553  0.5625  0.7629  0.7107  0.7780  0.7780  0.5619  0.6032  0.8325  0.6324  0.000040
epoch:278 0.7169  0.9461  0.7752  0.5586  0.5671  0.7488  0.6937  0.7627  0.7627  0.5655  0.6060  0.8119  0.6270  0.000040
epoch:279 0.7310  0.9471  0.7604  0.5635  0.5795  0.7612  0.7102  0.7787  0.7787  0.5702  0.6134  0.8296  0.6398  0.000040
epoch:280 0.7299  0.9471  0.7739  0.5635  0.5668  0.7620  0.7097  0.7770  0.7770  0.5702  0.6091  0.8280  0.6159  0.000040
epoch:281 0.7035  0.9462  0.7611  0.5500  0.5612  0.7355  0.6791  0.7488  0.7488  0.5619  0.6012  0.7911  0.6157  0.000040
epoch:282 0.7309  0.9472  0.7541  0.5635  0.5705  0.7624  0.7098  0.7774  0.7774  0.5702  0.6134  0.8272  0.6286  0.000040
epoch:283 0.7350  0.9451  0.7685  0.5417  0.5662  0.7741  0.7075  0.7796  0.7796  0.5536  0.6055  0.8304  0.6349  0.000040
epoch:284 0.7350  0.9447  0.7597  0.5513  0.5819  0.7590  0.7112  0.7797  0.7797  0.5667  0.6222  0.8246  0.6176  0.000040
epoch:285 0.6952  0.9410  0.7473  0.5513  0.5598  0.7003  0.6757  0.7442  0.7442  0.5667  0.6008  0.7710  0.6303  0.000040
epoch:286 0.7180  0.9424  0.7524  0.5431  0.5787  0.7480  0.6881  0.7619  0.7619  0.5583  0.6265  0.8029  0.6094  0.000040
epoch:287 0.7345  0.9476  0.7608  0.5546  0.5868  0.7675  0.7059  0.7773  0.7773  0.5667  0.6277  0.8211  0.6257  0.000040
epoch:288 0.7351  0.9466  0.7534  0.5635  0.5766  0.7689  0.7124  0.7808  0.7808  0.5702  0.6182  0.8293  0.6186  0.000040
epoch:289 0.7064  0.9439  0.7618  0.5464  0.5656  0.7419  0.6840  0.7556  0.7556  0.5619  0.6051  0.7969  0.6432  0.000040
epoch:290 0.7357  0.9457  0.7730  0.5510  0.5681  0.7739  0.7086  0.7807  0.7807  0.5619  0.6099  0.8336  0.6197  0.000040
epoch:291 0.7290  0.9466  0.7565  0.5675  0.5694  0.7634  0.7075  0.7754  0.7754  0.5750  0.6115  0.8204  0.6421  0.000040
epoch:292 0.7391  0.9462  0.7721  0.5550  0.5856  0.7743  0.7127  0.7838  0.7838  0.5667  0.6261  0.8357  0.6186  0.000040
epoch:293 0.7344  0.9467  0.7598  0.5635  0.5712  0.7702  0.7110  0.7798  0.7798  0.5702  0.6202  0.8235  0.6265  0.000040
epoch:294 0.7049  0.9421  0.7399  0.5513  0.5764  0.7230  0.6824  0.7537  0.7537  0.5667  0.6222  0.7929  0.6011  0.000040
epoch:295 0.7368  0.9479  0.7528  0.5642  0.5766  0.7693  0.7103  0.7828  0.7828  0.5702  0.6178  0.8295  0.6113  0.000040
epoch:296 0.7330  0.9470  0.7535  0.5510  0.5741  0.7687  0.7103  0.7782  0.7782  0.5619  0.6095  0.8309  0.6200  0.000040
epoch:297 0.7336  0.9470  0.7669  0.5675  0.5812  0.7661  0.7110  0.7789  0.7789  0.5750  0.6178  0.8272  0.6207  0.000040
epoch:298 0.7292  0.9497  0.7795  0.5503  0.5660  0.7633  0.7064  0.7766  0.7766  0.5571  0.6071  0.8282  0.6287  0.000040
epoch:299 0.7131  0.9337  0.7535  0.5464  0.5725  0.7437  0.6904  0.7586  0.7586  0.5619  0.6139  0.8026  0.6212  0.000040
epoch:300 0.7162  0.9351  0.7772  0.5536  0.5774  0.7460  0.6893  0.7590  0.7590  0.5714  0.6130  0.8053  0.6375  0.000040
epoch:301 0.7286  0.9470  0.7562  0.5682  0.5642  0.7595  0.7071  0.7744  0.7744  0.5750  0.6012  0.8209  0.6460  0.000040
epoch:302 0.7354  0.9467  0.7578  0.5635  0.5736  0.7676  0.7143  0.7827  0.7827  0.5702  0.6142  0.8325  0.6220  0.000040
epoch:303 0.7274  0.9365  0.7748  0.5553  0.5640  0.7589  0.7058  0.7733  0.7733  0.5619  0.6032  0.8193  0.6280  0.000040
epoch:304 0.7168  0.9434  0.7538  0.5675  0.5719  0.7515  0.6920  0.7628  0.7628  0.5750  0.6162  0.8116  0.6334  0.000040
epoch:305 0.7322  0.9467  0.7506  0.5635  0.5700  0.7691  0.7104  0.7785  0.7785  0.5702  0.6071  0.8328  0.6329  0.000040
epoch:306 0.7355  0.9457  0.7620  0.5625  0.5941  0.7670  0.7108  0.7814  0.7814  0.5702  0.6309  0.8270  0.6381  0.000040
epoch:307 0.7368  0.9489  0.7535  0.5635  0.5728  0.7724  0.7128  0.7833  0.7833  0.5702  0.6111  0.8370  0.6310  0.000040
epoch:308 0.7334  0.9470  0.7602  0.5635  0.5770  0.7619  0.7105  0.7789  0.7789  0.5702  0.6158  0.8198  0.6249  0.000040
epoch:309 0.7269  0.9356  0.7510  0.5550  0.5600  0.7590  0.7043  0.7721  0.7721  0.5667  0.6008  0.8159  0.6216  0.000040
epoch:310 0.7345  0.9470  0.7626  0.5635  0.5795  0.7695  0.7117  0.7804  0.7804  0.5702  0.6182  0.8285  0.6495  0.000040
epoch:311 0.7258  0.9464  0.7565  0.5675  0.5622  0.7601  0.7049  0.7725  0.7725  0.5750  0.5988  0.8204  0.6095  0.000040
epoch:312 0.7356  0.9467  0.7637  0.5586  0.5838  0.7697  0.7108  0.7786  0.7786  0.5655  0.6218  0.8238  0.6145  0.000040
epoch:313 0.7042  0.9435  0.7422  0.5546  0.5682  0.7381  0.6814  0.7558  0.7558  0.5667  0.6115  0.8038  0.6354  0.000040
epoch:314 0.7405  0.9459  0.7768  0.5550  0.5879  0.7796  0.7096  0.7840  0.7840  0.5667  0.6242  0.8373  0.6271  0.000040
epoch:315 0.7116  0.9468  0.7765  0.5550  0.5642  0.7509  0.6882  0.7564  0.7564  0.5667  0.6004  0.8111  0.6217  0.000040
epoch:316 0.7267  0.9346  0.7724  0.5464  0.5664  0.7597  0.7045  0.7747  0.7747  0.5619  0.6055  0.8209  0.6310  0.000040
epoch:317 0.7356  0.9466  0.7735  0.5510  0.5733  0.7688  0.7107  0.7806  0.7806  0.5619  0.6115  0.8344  0.6186  0.000040
epoch:318 0.7354  0.9466  0.7561  0.5635  0.5747  0.7689  0.7132  0.7814  0.7814  0.5702  0.6139  0.8251  0.6100  0.000040
epoch:319 0.7079  0.9412  0.7561  0.5490  0.5625  0.7449  0.6837  0.7558  0.7558  0.5667  0.5929  0.8035  0.6178  0.000040
epoch:320 0.7233  0.9458  0.7587  0.5550  0.5711  0.7545  0.7033  0.7705  0.7705  0.5667  0.6095  0.8083  0.6380  0.000040
epoch:321 0.7105  0.9451  0.7749  0.5513  0.5608  0.7469  0.6840  0.7561  0.7561  0.5667  0.5972  0.8024  0.6026  0.000040
epoch:322 0.7339  0.9353  0.7737  0.5596  0.5731  0.7641  0.7108  0.7792  0.7792  0.5714  0.6127  0.8275  0.6155  0.000040
epoch:323 0.7369  0.9470  0.7753  0.5546  0.5806  0.7711  0.7139  0.7820  0.7820  0.5667  0.6182  0.8323  0.6246  0.000040
epoch:324 0.7324  0.9496  0.7532  0.5553  0.5593  0.7697  0.7090  0.7789  0.7789  0.5619  0.6051  0.8327  0.6132  0.000040
epoch:325 0.7369  0.9469  0.7749  0.5675  0.5781  0.7716  0.7123  0.7805  0.7805  0.5750  0.6198  0.8267  0.6290  0.000040
epoch:326 0.7294  0.9497  0.7497  0.5553  0.5553  0.7665  0.7070  0.7767  0.7767  0.5619  0.5988  0.8274  0.6370  0.000040
epoch:327 0.7354  0.9353  0.7791  0.5721  0.5741  0.7682  0.7098  0.7785  0.7785  0.5798  0.6139  0.8270  0.6356  0.000040
epoch:328 0.7130  0.9431  0.7641  0.5513  0.5836  0.7451  0.6890  0.7598  0.7598  0.5667  0.6250  0.8008  0.6215  0.000040
epoch:329 0.7255  0.9476  0.7571  0.5378  0.5691  0.7381  0.7020  0.7701  0.7701  0.5488  0.6047  0.7979  0.6382  0.000040
epoch:330 0.7350  0.9460  0.7640  0.5464  0.5937  0.7657  0.7107  0.7792  0.7792  0.5619  0.6285  0.8227  0.6121  0.000040
epoch:331 0.7353  0.9352  0.7762  0.5500  0.5744  0.7692  0.7101  0.7800  0.7800  0.5619  0.6162  0.8304  0.6089  0.000040
epoch:332 0.7360  0.9457  0.7759  0.5513  0.5765  0.7688  0.7116  0.7795  0.7795  0.5667  0.6158  0.8262  0.6094  0.000040
epoch:333 0.7309  0.9500  0.7533  0.5596  0.5641  0.7663  0.7077  0.7771  0.7771  0.5655  0.6032  0.8274  0.5999  0.000040
epoch:334 0.7315  0.9501  0.7776  0.5513  0.5634  0.7722  0.7079  0.7778  0.7778  0.5571  0.6051  0.8295  0.6217  0.000040
epoch:335 0.7353  0.9420  0.7730  0.5477  0.5800  0.7707  0.7091  0.7811  0.7811  0.5631  0.6182  0.8285  0.6238  0.000040
epoch:336 0.7343  0.9469  0.7768  0.5550  0.5763  0.7688  0.7120  0.7796  0.7796  0.5667  0.6139  0.8315  0.6189  0.000040
epoch:337 0.7317  0.9462  0.7638  0.5553  0.5692  0.7679  0.7100  0.7785  0.7785  0.5619  0.6111  0.8238  0.6118  0.000040
epoch:338 0.7320  0.9360  0.7606  0.5550  0.5800  0.7632  0.7083  0.7768  0.7768  0.5667  0.6182  0.8238  0.6433  0.000040
epoch:339 0.7271  0.9427  0.7624  0.5513  0.5708  0.7631  0.7017  0.7759  0.7759  0.5667  0.6119  0.8249  0.6109  0.000040
epoch:340 0.7332  0.9505  0.7547  0.5553  0.5637  0.7725  0.7109  0.7811  0.7811  0.5619  0.6055  0.8356  0.6217  0.000040
epoch:341 0.7333  0.9467  0.7830  0.5464  0.5795  0.7638  0.7083  0.7758  0.7758  0.5619  0.6139  0.8135  0.6150  0.000040
epoch:342 0.7329  0.9469  0.7736  0.5500  0.5783  0.7612  0.7086  0.7783  0.7783  0.5619  0.6158  0.8251  0.6168  0.000040
epoch:343 0.7362  0.9445  0.7625  0.5513  0.5763  0.7752  0.7060  0.7805  0.7805  0.5667  0.6162  0.8328  0.6058  0.000040
epoch:344 0.7337  0.9358  0.7602  0.5721  0.5803  0.7665  0.7123  0.7810  0.7810  0.5798  0.6162  0.8299  0.6071  0.000040
epoch:345 0.7294  0.9465  0.7614  0.5460  0.5790  0.7551  0.7015  0.7741  0.7741  0.5571  0.6150  0.8095  0.6263  0.000040
epoch:346 0.7349  0.9492  0.7800  0.5599  0.5643  0.7753  0.7116  0.7819  0.7819  0.5667  0.6071  0.8417  0.6317  0.000040
epoch:347 0.7321  0.9460  0.7636  0.5513  0.5758  0.7654  0.7090  0.7775  0.7775  0.5667  0.6134  0.8232  0.6170  0.000040
epoch:348 0.7340  0.9345  0.7552  0.5464  0.5843  0.7630  0.7096  0.7781  0.7781  0.5619  0.6265  0.8166  0.6218  0.000040
epoch:349 0.7312  0.9506  0.7723  0.5559  0.5579  0.7739  0.7070  0.7764  0.7764  0.5619  0.5988  0.8330  0.6215  0.000040
epoch:350 0.7301  0.9491  0.7570  0.5510  0.5638  0.7665  0.7077  0.7777  0.7777  0.5619  0.6008  0.8340  0.6185  0.000040
epoch:351 0.7156  0.9454  0.7602  0.5464  0.5852  0.7350  0.6909  0.7590  0.7590  0.5619  0.6218  0.7952  0.6100  0.000040
epoch:352 0.7366  0.9465  0.7744  0.5423  0.5906  0.7738  0.7108  0.7814  0.7814  0.5571  0.6265  0.8325  0.6268  0.000040
epoch:353 0.7338  0.9462  0.7486  0.5510  0.5691  0.7722  0.7134  0.7810  0.7810  0.5619  0.6079  0.8341  0.5872  0.000040
epoch:354 0.7084  0.9431  0.7479  0.5377  0.5807  0.7399  0.6858  0.7566  0.7566  0.5619  0.6222  0.7937  0.5981  0.000040
epoch:355 0.7347  0.9499  0.7749  0.5685  0.5723  0.7769  0.7072  0.7810  0.7810  0.5750  0.6111  0.8348  0.6321  0.000040
epoch:356 0.7116  0.9345  0.7609  0.5546  0.5710  0.7421  0.6887  0.7592  0.7592  0.5667  0.6099  0.8074  0.6137  0.000040
epoch:357 0.7351  0.9470  0.7588  0.5682  0.5698  0.7704  0.7115  0.7823  0.7823  0.5750  0.6079  0.8333  0.5967  0.000040
epoch:358 0.7330  0.9358  0.7753  0.5635  0.5748  0.7641  0.7100  0.7781  0.7781  0.5702  0.6114  0.8262  0.6239  0.000040
epoch:359 0.7352  0.9467  0.7585  0.5550  0.5878  0.7645  0.7110  0.7797  0.7797  0.5667  0.6242  0.8209  0.6416  0.000040
epoch:360 0.7380  0.9467  0.7779  0.5513  0.5819  0.7740  0.7133  0.7812  0.7812  0.5667  0.6139  0.8331  0.6232  0.000040
epoch:361 0.7192  0.9457  0.7786  0.5550  0.5676  0.7615  0.6928  0.7655  0.7655  0.5667  0.6032  0.8217  0.6258  0.000040
epoch:362 0.7356  0.9351  0.7719  0.5559  0.5946  0.7664  0.7116  0.7833  0.7833  0.5714  0.6305  0.8312  0.6128  0.000040
epoch:363 0.7363  0.9469  0.7710  0.5474  0.5754  0.7726  0.7125  0.7807  0.7807  0.5583  0.6134  0.8344  0.6023  0.000040
epoch:364 0.7134  0.9445  0.7672  0.5464  0.5664  0.7476  0.6850  0.7579  0.7579  0.5619  0.6055  0.8053  0.6124  0.000040
epoch:365 0.7376  0.9470  0.7685  0.5596  0.5839  0.7731  0.7118  0.7835  0.7835  0.5714  0.6206  0.8341  0.6321  0.000040
epoch:366 0.7285  0.9465  0.7759  0.5553  0.5612  0.7673  0.7075  0.7760  0.7760  0.5619  0.6047  0.8306  0.6075  0.000040
epoch:367 0.7285  0.9463  0.7551  0.5550  0.5733  0.7595  0.7060  0.7738  0.7738  0.5667  0.6115  0.8185  0.6157  0.000040
epoch:368 0.7349  0.9468  0.7604  0.5510  0.5784  0.7643  0.7089  0.7776  0.7776  0.5619  0.6158  0.8148  0.6089  0.000040
epoch:369 0.7325  0.9352  0.7700  0.5550  0.5810  0.7673  0.7121  0.7802  0.7802  0.5667  0.6218  0.8320  0.5988  0.000040
epoch:370 0.7127  0.9437  0.7692  0.5381  0.5845  0.7350  0.6857  0.7578  0.7578  0.5536  0.6265  0.7887  0.6056  0.000040
epoch:371 0.7331  0.9468  0.7670  0.5682  0.5686  0.7662  0.7116  0.7800  0.7800  0.5750  0.6071  0.8323  0.6119  0.000040
epoch:372 0.7268  0.9453  0.7608  0.5464  0.5725  0.7551  0.7045  0.7721  0.7721  0.5619  0.6076  0.8137  0.6194  0.000040
epoch:373 0.7086  0.9352  0.7436  0.5596  0.5770  0.7389  0.6882  0.7593  0.7593  0.5714  0.6158  0.8061  0.6121  0.000040
epoch:374 0.7069  0.9431  0.7636  0.5513  0.5607  0.7439  0.6844  0.7558  0.7558  0.5667  0.5980  0.8128  0.6128  0.000040
epoch:375 0.7340  0.9461  0.7525  0.5381  0.5874  0.7716  0.7116  0.7800  0.7800  0.5536  0.6265  0.8304  0.6060  0.000040
epoch:376 0.7302  0.9348  0.7684  0.5431  0.5715  0.7618  0.7059  0.7767  0.7767  0.5583  0.6103  0.8217  0.6283  0.000040
epoch:377 0.7353  0.9457  0.7641  0.5466  0.5823  0.7659  0.7065  0.7783  0.7783  0.5571  0.6242  0.8169  0.5981  0.000040
epoch:378 0.7322  0.9344  0.7742  0.5513  0.5750  0.7649  0.7055  0.7760  0.7760  0.5667  0.6139  0.8209  0.6124  0.000040
epoch:379 0.7146  0.9357  0.7566  0.5513  0.5805  0.7497  0.6928  0.7613  0.7613  0.5667  0.6222  0.8098  0.6210  0.000040
epoch:380 0.7150  0.9444  0.7520  0.5464  0.5815  0.7522  0.6906  0.7617  0.7617  0.5619  0.6182  0.8114  0.6200  0.000040
epoch:381 0.7380  0.9506  0.7772  0.5507  0.5835  0.7775  0.7114  0.7819  0.7819  0.5619  0.6237  0.8348  0.5977  0.000040
epoch:382 0.7039  0.9432  0.7523  0.5513  0.5741  0.7199  0.6777  0.7491  0.7491  0.5667  0.6111  0.7686  0.6215  0.000040
epoch:383 0.7330  0.9469  0.7627  0.5510  0.5817  0.7686  0.7106  0.7791  0.7791  0.5619  0.6197  0.8249  0.6091  0.000040
epoch:384 0.7351  0.9469  0.7627  0.5510  0.5742  0.7754  0.7132  0.7819  0.7819  0.5619  0.6118  0.8338  0.6279  0.000040
epoch:385 0.7331  0.9469  0.7649  0.5500  0.5939  0.7626  0.7079  0.7776  0.7776  0.5619  0.6277  0.8219  0.6113  0.000040
epoch:386 0.7359  0.9466  0.7740  0.5560  0.5794  0.7684  0.7099  0.7790  0.7790  0.5667  0.6182  0.8195  0.6101  0.000040
epoch:387 0.7341  0.9469  0.7660  0.5513  0.5873  0.7698  0.7091  0.7782  0.7782  0.5667  0.6218  0.8280  0.6128  0.000040
epoch:388 0.7349  0.9456  0.7790  0.5513  0.5911  0.7648  0.7105  0.7789  0.7789  0.5667  0.6265  0.8222  0.6071  0.000040
epoch:389 0.7325  0.9466  0.7608  0.5513  0.5858  0.7659  0.7098  0.7782  0.7782  0.5667  0.6222  0.8270  0.6085  0.000040
epoch:390 0.7316  0.9349  0.7536  0.5381  0.5872  0.7648  0.7072  0.7780  0.7780  0.5536  0.6245  0.8243  0.6208  0.000040
epoch:391 0.7299  0.9492  0.7743  0.5553  0.5745  0.7622  0.7046  0.7751  0.7751  0.5619  0.6130  0.8200  0.6331  0.000040
epoch:392 0.7008  0.9431  0.7546  0.5464  0.5805  0.7119  0.6776  0.7509  0.7509  0.5619  0.6174  0.7680  0.6064  0.000040
epoch:393 0.7310  0.9469  0.7551  0.5635  0.5665  0.7602  0.7099  0.7778  0.7778  0.5702  0.6036  0.8206  0.6292  0.000040
epoch:394 0.7366  0.9447  0.7620  0.5635  0.5714  0.7733  0.7111  0.7835  0.7835  0.5702  0.6103  0.8312  0.6077  0.000040
epoch:395 0.7349  0.9465  0.7616  0.5464  0.5910  0.7683  0.7108  0.7799  0.7799  0.5619  0.6261  0.8256  0.6187  0.000040
epoch:396 0.7351  0.9471  0.7602  0.5556  0.5858  0.7724  0.7131  0.7824  0.7824  0.5667  0.6202  0.8343  0.6083  0.000040
epoch:397 0.7271  0.9468  0.7532  0.5460  0.5671  0.7505  0.7018  0.7702  0.7702  0.5571  0.6051  0.7994  0.6061  0.000040
epoch:398 0.7323  0.9470  0.7614  0.5510  0.5722  0.7613  0.7081  0.7769  0.7769  0.5619  0.6099  0.8134  0.5894  0.000040
epoch:399 0.7317  0.9469  0.7560  0.5510  0.5702  0.7646  0.7084  0.7769  0.7769  0.5619  0.6075  0.8198  0.6053  0.000040
epoch:400 0.7322  0.9449  0.7538  0.5513  0.5773  0.7598  0.7019  0.7760  0.7760  0.5667  0.6118  0.8161  0.6079  0.000040
epoch:401 0.7289  0.9457  0.7558  0.5635  0.5682  0.7570  0.7056  0.7737  0.7737  0.5702  0.6055  0.8116  0.6169  0.000040
epoch:402 0.7347  0.9474  0.7679  0.5464  0.5807  0.7619  0.7054  0.7771  0.7771  0.5583  0.6154  0.8169  0.6273  0.000040
epoch:403 0.7379  0.9451  0.7710  0.5431  0.5780  0.7756  0.7093  0.7844  0.7844  0.5583  0.6142  0.8413  0.5972  0.000040
epoch:404 0.7122  0.9352  0.7733  0.5464  0.5676  0.7489  0.6903  0.7588  0.7588  0.5619  0.6047  0.8079  0.6226  0.000040
epoch:405 0.7330  0.9468  0.7574  0.5423  0.5806  0.7653  0.7097  0.7775  0.7775  0.5571  0.6158  0.8198  0.5936  0.000040
epoch:406 0.7297  0.9468  0.7477  0.5500  0.5811  0.7505  0.7035  0.7744  0.7744  0.5619  0.6182  0.8044  0.6091  0.000040
epoch:407 0.7292  0.9454  0.7440  0.5464  0.5919  0.7440  0.7031  0.7716  0.7716  0.5619  0.6261  0.7918  0.6090  0.000040
epoch:408 0.7123  0.9437  0.7402  0.5513  0.5859  0.7444  0.6903  0.7620  0.7620  0.5667  0.6249  0.8050  0.6115  0.000040
epoch:409 0.7365  0.9444  0.7698  0.5464  0.5699  0.7686  0.7074  0.7816  0.7816  0.5619  0.6075  0.8349  0.6142  0.000040
epoch:410 0.7253  0.9472  0.7635  0.5427  0.5707  0.7570  0.7042  0.7730  0.7730  0.5536  0.6130  0.8206  0.6149  0.000040
epoch:411 0.7330  0.9489  0.7605  0.5599  0.5654  0.7775  0.7108  0.7826  0.7826  0.5667  0.6075  0.8385  0.6189  0.000040
epoch:412 0.7353  0.9470  0.7621  0.5510  0.5744  0.7719  0.7112  0.7821  0.7821  0.5619  0.6123  0.8335  0.6031  0.000040
epoch:413 0.7339  0.9494  0.7570  0.5599  0.5707  0.7721  0.7115  0.7826  0.7826  0.5667  0.6095  0.8330  0.5912  0.000040
epoch:414 0.7142  0.9357  0.7733  0.5546  0.5772  0.7517  0.6912  0.7599  0.7599  0.5667  0.6114  0.8055  0.5911  0.000040
epoch:415 0.7295  0.9495  0.7586  0.5427  0.5704  0.7702  0.7068  0.7771  0.7771  0.5536  0.6091  0.8343  0.6200  0.000040
epoch:416 0.7344  0.9467  0.7781  0.5510  0.5794  0.7712  0.7082  0.7790  0.7790  0.5619  0.6166  0.8264  0.6102  0.000040
epoch:417 0.7126  0.9350  0.7584  0.5596  0.5764  0.7443  0.6901  0.7588  0.7588  0.5667  0.6118  0.8008  0.6043  0.000040
epoch:418 0.7348  0.9478  0.7583  0.5553  0.5800  0.7721  0.7123  0.7811  0.7811  0.5619  0.6178  0.8336  0.6087  0.000040
epoch:419 0.7357  0.9434  0.7667  0.5464  0.5697  0.7730  0.7063  0.7808  0.7808  0.5619  0.6099  0.8294  0.5866  0.000040
epoch:420 0.7396  0.9456  0.7768  0.5513  0.5823  0.7768  0.7083  0.7816  0.7816  0.5667  0.6197  0.8304  0.6299  0.000040
epoch:421 0.7364  0.9351  0.7777  0.5513  0.5794  0.7730  0.7102  0.7813  0.7813  0.5667  0.6162  0.8327  0.6181  0.000040
epoch:422 0.7326  0.9493  0.7584  0.5510  0.5655  0.7722  0.7096  0.7793  0.7793  0.5619  0.6012  0.8346  0.6222  0.000040
epoch:423 0.7153  0.9443  0.7588  0.5464  0.5739  0.7576  0.6921  0.7635  0.7635  0.5619  0.6095  0.8172  0.6159  0.000040
epoch:424 0.7287  0.9501  0.7623  0.5427  0.5640  0.7655  0.7036  0.7741  0.7741  0.5536  0.6004  0.8266  0.5874  0.000040
epoch:425 0.7322  0.9463  0.7579  0.5513  0.5784  0.7678  0.7088  0.7772  0.7772  0.5667  0.6178  0.8259  0.6043  0.000040
epoch:426 0.7034  0.9427  0.7525  0.5513  0.5673  0.7420  0.6858  0.7582  0.7582  0.5667  0.6032  0.8093  0.5891  0.000040
epoch:427 0.7325  0.9469  0.7601  0.5510  0.5701  0.7702  0.7093  0.7801  0.7801  0.5619  0.6075  0.8328  0.5977  0.000040
epoch:428 0.7356  0.9364  0.7691  0.5596  0.5882  0.7695  0.7109  0.7824  0.7824  0.5714  0.6225  0.8293  0.6111  0.000040
epoch:429 0.7372  0.9470  0.7614  0.5685  0.5779  0.7756  0.7143  0.7833  0.7833  0.5750  0.6142  0.8330  0.6049  0.000040
epoch:430 0.7361  0.9468  0.7764  0.5464  0.5856  0.7721  0.7131  0.7813  0.7813  0.5619  0.6225  0.8344  0.6040  0.000040
epoch:431 0.7351  0.9359  0.7797  0.5550  0.5793  0.7717  0.7113  0.7794  0.7794  0.5667  0.6162  0.8293  0.6024  0.000040
epoch:432 0.7100  0.9342  0.7515  0.5513  0.5800  0.7454  0.6895  0.7580  0.7580  0.5667  0.6134  0.8026  0.5892  0.000040
epoch:433 0.7406  0.9475  0.7801  0.5596  0.5872  0.7756  0.7128  0.7845  0.7845  0.5714  0.6225  0.8333  0.6106  0.000040
epoch:434 0.7012  0.9438  0.7431  0.5510  0.5710  0.7400  0.6815  0.7550  0.7550  0.5667  0.6055  0.8061  0.6100  0.000040
epoch:435 0.7344  0.9470  0.7617  0.5378  0.5796  0.7748  0.7117  0.7810  0.7810  0.5488  0.6178  0.8343  0.6028  0.000040
epoch:436 0.7160  0.9351  0.7759  0.5500  0.5821  0.7448  0.6897  0.7600  0.7600  0.5619  0.6225  0.7976  0.6270  0.000040
epoch:437 0.7115  0.9412  0.7535  0.5288  0.5565  0.7477  0.6916  0.7623  0.7623  0.5488  0.5968  0.8109  0.6017  0.000040
epoch:438 0.7349  0.9468  0.7784  0.5596  0.5748  0.7717  0.7085  0.7802  0.7802  0.5714  0.6095  0.8320  0.6081  0.000040
epoch:439 0.7341  0.9469  0.7807  0.5464  0.5726  0.7717  0.7085  0.7794  0.7794  0.5583  0.6099  0.8309  0.6050  0.000040
epoch:440 0.7353  0.9468  0.7797  0.5546  0.5770  0.7713  0.7090  0.7802  0.7802  0.5667  0.6118  0.8306  0.5986  0.000040
epoch:441 0.7316  0.9455  0.7770  0.5464  0.5741  0.7576  0.7079  0.7761  0.7761  0.5619  0.6099  0.8135  0.5976  0.000040
epoch:442 0.7372  0.9470  0.7615  0.5596  0.5875  0.7703  0.7135  0.7829  0.7829  0.5714  0.6225  0.8309  0.6108  0.000040
epoch:443 0.7353  0.9469  0.7788  0.5510  0.5810  0.7714  0.7101  0.7779  0.7779  0.5619  0.6158  0.8283  0.5916  0.000040
epoch:444 0.7338  0.9463  0.7703  0.5546  0.5773  0.7703  0.7047  0.7794  0.7794  0.5667  0.6118  0.8314  0.6099  0.000040
epoch:445 0.7361  0.9466  0.7698  0.5464  0.5861  0.7716  0.7085  0.7803  0.7803  0.5619  0.6221  0.8296  0.6069  0.000040
epoch:446 0.7023  0.9443  0.7584  0.5464  0.5736  0.7341  0.6807  0.7547  0.7547  0.5619  0.6114  0.7982  0.6048  0.000040
epoch:447 0.7139  0.9460  0.7575  0.5464  0.5892  0.7446  0.6902  0.7616  0.7616  0.5619  0.6245  0.8045  0.6183  0.000040
epoch:448 0.7159  0.9450  0.7524  0.5513  0.5718  0.7494  0.6893  0.7601  0.7601  0.5667  0.6079  0.8090  0.6239  0.000040
epoch:449 0.7334  0.9468  0.7651  0.5500  0.5827  0.7617  0.7093  0.7777  0.7777  0.5619  0.6202  0.8172  0.5916  0.000040
epoch:450 0.7354  0.9350  0.7777  0.5513  0.5885  0.7722  0.7106  0.7794  0.7794  0.5667  0.6222  0.8259  0.6102  0.000040
epoch:451 0.7331  0.9356  0.7711  0.5464  0.5761  0.7666  0.7051  0.7762  0.7762  0.5619  0.6111  0.8201  0.6139  0.000040
epoch:452 0.7084  0.9439  0.7480  0.5130  0.5849  0.7422  0.6875  0.7583  0.7583  0.5286  0.6270  0.8035  0.6059  0.000040
epoch:453 0.7129  0.9435  0.7550  0.5464  0.5742  0.7261  0.6846  0.7581  0.7581  0.5619  0.6099  0.7827  0.5950  0.000040
epoch:454 0.7398  0.9459  0.7784  0.5599  0.5824  0.7805  0.7152  0.7842  0.7842  0.5667  0.6225  0.8341  0.6144  0.000040
epoch:455 0.7320  0.9455  0.7505  0.5464  0.5765  0.7667  0.7115  0.7800  0.7800  0.5619  0.6142  0.8285  0.5877  0.000040
epoch:456 0.7306  0.9471  0.7603  0.5427  0.5774  0.7616  0.7067  0.7758  0.7758  0.5536  0.6130  0.8243  0.6077  0.000040
epoch:457 0.7356  0.9452  0.7759  0.5513  0.5909  0.7718  0.7128  0.7821  0.7821  0.5667  0.6285  0.8359  0.6020  0.000040
epoch:458 0.7354  0.9463  0.7600  0.5513  0.5819  0.7698  0.7115  0.7808  0.7808  0.5667  0.6221  0.8296  0.6103  0.000040
epoch:459 0.7369  0.9460  0.7653  0.5464  0.5904  0.7659  0.7106  0.7793  0.7793  0.5619  0.6309  0.8166  0.5912  0.000040
epoch:460 0.7142  0.9449  0.7628  0.5559  0.5703  0.7423  0.6885  0.7608  0.7608  0.5714  0.6071  0.8042  0.6132  0.000040
epoch:461 0.7278  0.9467  0.7524  0.5427  0.5801  0.7626  0.7087  0.7772  0.7772  0.5536  0.6182  0.8270  0.6196  0.000040
epoch:462 0.7306  0.9501  0.7802  0.5427  0.5601  0.7676  0.7020  0.7729  0.7729  0.5536  0.6004  0.8174  0.6168  0.000040
epoch:463 0.7378  0.9463  0.7651  0.5513  0.5953  0.7644  0.7114  0.7801  0.7801  0.5667  0.6309  0.8169  0.6187  0.000040
epoch:464 0.7370  0.9471  0.7814  0.5550  0.5848  0.7711  0.7116  0.7803  0.7803  0.5667  0.6202  0.8285  0.6194  0.000040
epoch:465 0.7273  0.9467  0.7662  0.5477  0.5844  0.7555  0.7071  0.7767  0.7767  0.5631  0.6193  0.8262  0.6163  0.000040
epoch:466 0.7134  0.9463  0.7626  0.5559  0.5749  0.7470  0.6926  0.7616  0.7616  0.5714  0.6095  0.8079  0.6170  0.000040
epoch:467 0.7318  0.9497  0.7569  0.5474  0.5802  0.7650  0.7055  0.7766  0.7766  0.5583  0.6134  0.8293  0.6085  0.000040
epoch:468 0.7292  0.9469  0.7595  0.5513  0.5898  0.7615  0.7069  0.7766  0.7766  0.5631  0.6261  0.8241  0.5947  0.000040
epoch:469 0.7314  0.9509  0.7694  0.5584  0.5549  0.7729  0.7086  0.7791  0.7791  0.5619  0.6071  0.8309  0.5960  0.000040
epoch:470 0.7178  0.9408  0.7508  0.5564  0.5719  0.7498  0.6934  0.7674  0.7674  0.5714  0.6110  0.8112  0.6094  0.000040
epoch:471 0.7368  0.9468  0.7605  0.5596  0.5849  0.7708  0.7111  0.7826  0.7826  0.5714  0.6206  0.8309  0.6031  0.000040
epoch:472 0.7337  0.9468  0.7548  0.5646  0.5882  0.7639  0.7068  0.7785  0.7785  0.5762  0.6221  0.8240  0.6118  0.000040
epoch:473 0.7356  0.9470  0.7598  0.5596  0.5850  0.7698  0.7088  0.7802  0.7802  0.5714  0.6202  0.8286  0.6009  0.000040
epoch:474 0.7265  0.9493  0.7715  0.5553  0.5636  0.7672  0.7061  0.7772  0.7772  0.5619  0.6115  0.8293  0.6004  0.000040
epoch:475 0.7339  0.9362  0.7652  0.5381  0.5935  0.7692  0.7100  0.7791  0.7791  0.5536  0.6305  0.8262  0.5779  0.000040
epoch:476 0.7364  0.9356  0.7666  0.5513  0.5966  0.7685  0.7085  0.7799  0.7799  0.5667  0.6305  0.8222  0.5913  0.000040
epoch:477 0.7136  0.9441  0.7657  0.5467  0.5751  0.7464  0.6840  0.7591  0.7591  0.5536  0.6197  0.8021  0.6066  0.000040
epoch:478 0.7224  0.9462  0.7535  0.5467  0.5725  0.7552  0.7065  0.7759  0.7759  0.5583  0.6114  0.8264  0.5858  0.000040
epoch:479 0.7173  0.9461  0.7814  0.5464  0.5836  0.7423  0.6905  0.7589  0.7589  0.5619  0.6174  0.7958  0.6192  0.000040
epoch:480 0.7354  0.9461  0.7712  0.5464  0.5875  0.7652  0.7072  0.7783  0.7783  0.5619  0.6241  0.8212  0.5963  0.000040
epoch:481 0.7366  0.9450  0.7676  0.5513  0.5775  0.7685  0.7073  0.7826  0.7826  0.5667  0.6162  0.8338  0.6215  0.000040
epoch:482 0.7383  0.9494  0.7823  0.5524  0.5816  0.7814  0.7085  0.7826  0.7826  0.5631  0.6154  0.8380  0.6112  0.000040
epoch:483 0.7342  0.9469  0.7681  0.5500  0.5910  0.7653  0.7074  0.7788  0.7788  0.5619  0.6261  0.8235  0.6057  0.000040
epoch:484 0.7339  0.9471  0.7585  0.5639  0.5944  0.7670  0.7085  0.7785  0.7785  0.5714  0.6305  0.8240  0.6033  0.000040
epoch:485 0.7358  0.9472  0.7826  0.5599  0.5736  0.7715  0.7118  0.7814  0.7814  0.5667  0.6118  0.8330  0.6160  0.000040
epoch:486 0.7040  0.9420  0.7537  0.5464  0.5730  0.7334  0.6804  0.7529  0.7529  0.5619  0.6099  0.7971  0.6144  0.000040
epoch:487 0.7315  0.9470  0.7560  0.5556  0.5769  0.7605  0.7053  0.7773  0.7773  0.5667  0.6114  0.8240  0.6155  0.000040
epoch:488 0.7459  0.9444  0.7755  0.5464  0.6001  0.7765  0.7126  0.7882  0.7882  0.5619  0.6348  0.8346  0.6004  0.000040
epoch:489 0.7376  0.9360  0.7811  0.5771  0.5892  0.7687  0.7092  0.7818  0.7818  0.5845  0.6245  0.8272  0.6277  0.000040
epoch:490 0.7331  0.9470  0.7637  0.5553  0.5732  0.7663  0.7076  0.7790  0.7790  0.5619  0.6095  0.8314  0.5987  0.000040
epoch:491 0.7360  0.9454  0.7731  0.5513  0.5905  0.7695  0.7104  0.7824  0.7824  0.5667  0.6241  0.8280  0.5964  0.000040
epoch:492 0.7421  0.9435  0.7664  0.5513  0.5968  0.7798  0.7128  0.7879  0.7879  0.5667  0.6333  0.8381  0.5870  0.000040
epoch:493 0.7361  0.9472  0.7627  0.5474  0.5779  0.7775  0.7118  0.7817  0.7817  0.5583  0.6138  0.8340  0.6157  0.000040
epoch:494 0.7324  0.9452  0.7642  0.5500  0.5801  0.7604  0.7057  0.7781  0.7781  0.5619  0.6154  0.8222  0.5923  0.000040
epoch:495 0.7373  0.9495  0.7628  0.5685  0.5768  0.7762  0.7107  0.7822  0.7822  0.5750  0.6095  0.8348  0.5997  0.000040
epoch:496 0.7296  0.9443  0.7614  0.5513  0.5918  0.7603  0.7044  0.7797  0.7797  0.5667  0.6305  0.8217  0.6039  0.000040
epoch:497 0.7326  0.9464  0.7636  0.5606  0.5733  0.7639  0.7086  0.7774  0.7774  0.5714  0.6036  0.8283  0.6033  0.000040
epoch:498 0.7333  0.9476  0.7634  0.5510  0.5821  0.7639  0.7099  0.7786  0.7786  0.5619  0.6158  0.8301  0.6018  0.000040
epoch:499 0.7051  0.9437  0.7532  0.5432  0.5625  0.7353  0.6791  0.7538  0.7538  0.5583  0.6035  0.7963  0.6192  0.000040
epoch:500 0.7362  0.9504  0.7808  0.5503  0.5679  0.7732  0.7088  0.7803  0.7803  0.5571  0.6090  0.8354  0.5943  0.000040
