epoch:0 0.0327  0.0826  0.0123  0.0002  0.0680  0.0261  0.0416  0.0851  0.0976  0.0238  0.1686  0.0717  2.8713  0.004000
epoch:1 0.1797  0.4677  0.1321  0.1232  0.1525  0.1567  0.1910  0.2317  0.2368  0.1548  0.2154  0.2000  2.1547  0.004000
epoch:2 0.3107  0.6786  0.1807  0.2593  0.2593  0.2766  0.3142  0.3902  0.3926  0.3833  0.3100  0.3275  1.7201  0.004000
epoch:3 0.3500  0.7892  0.2260  0.3145  0.2719  0.3166  0.3465  0.4291  0.4291  0.4583  0.3680  0.3634  1.4439  0.004000
epoch:4 0.4459  0.8270  0.3865  0.4049  0.3328  0.4099  0.4293  0.4912  0.4912  0.4250  0.3985  0.4367  1.2565  0.004000
epoch:5 0.5142  0.8652  0.5558  0.3059  0.3563  0.4837  0.4991  0.5619  0.5619  0.4048  0.4370  0.5066  1.1378  0.004000
epoch:6 0.4878  0.8156  0.5243  0.3221  0.4291  0.4470  0.5332  0.5963  0.5963  0.3274  0.4803  0.5468  1.0520  0.004000
epoch:7 0.4705  0.7801  0.4913  0.3452  0.4046  0.4394  0.5289  0.5933  0.5933  0.4940  0.4702  0.5401  0.9874  0.004000
epoch:8 0.5342  0.8621  0.4601  0.3774  0.4139  0.5092  0.5264  0.5903  0.5903  0.5274  0.4929  0.5418  0.9306  0.004000
epoch:9 0.5497  0.8260  0.6016  0.3530  0.3988  0.5252  0.5308  0.5991  0.5991  0.5071  0.4737  0.5487  0.8985  0.004000
epoch:10 0.5840  0.9093  0.6151  0.4073  0.4445  0.5513  0.5559  0.6204  0.6204  0.4869  0.4924  0.5738  0.8638  0.004000
epoch:11 0.5848  0.9079  0.6412  0.3498  0.4137  0.5674  0.5575  0.6227  0.6227  0.4226  0.4782  0.5879  0.8154  0.004000
epoch:12 0.5597  0.8907  0.5234  0.3689  0.4421  0.5264  0.5405  0.6047  0.6047  0.4524  0.4854  0.5541  0.8072  0.004000
epoch:13 0.5704  0.9126  0.5817  0.5015  0.4686  0.5289  0.5483  0.6115  0.6115  0.5202  0.5293  0.5556  0.7717  0.004000
epoch:14 0.5960  0.9082  0.6542  0.3892  0.4327  0.5618  0.5759  0.6379  0.6379  0.5071  0.5036  0.5857  0.7574  0.004000
epoch:15 0.6045  0.9104  0.6856  0.4973  0.4810  0.5650  0.5809  0.6480  0.6480  0.5083  0.5384  0.5925  0.7230  0.004000
epoch:16 0.6080  0.9116  0.6819  0.3995  0.4784  0.5708  0.5817  0.6461  0.6461  0.5286  0.5321  0.5925  0.7367  0.000400
epoch:17 0.6221  0.9214  0.6600  0.5182  0.4646  0.5929  0.5970  0.6635  0.6635  0.5286  0.5345  0.6153  0.6835  0.000400
epoch:18 0.6243  0.9221  0.6636  0.4746  0.4599  0.5967  0.5983  0.6652  0.6652  0.4905  0.5345  0.6201  0.6976  0.000400
epoch:19 0.6298  0.9434  0.6541  0.4731  0.4659  0.6172  0.6020  0.6688  0.6688  0.4905  0.5340  0.6388  0.6925  0.000400
epoch:20 0.6296  0.9428  0.6587  0.4759  0.4700  0.6189  0.6009  0.6697  0.6697  0.4905  0.5360  0.6436  0.6713  0.000400
epoch:21 0.6114  0.9200  0.6611  0.5214  0.4566  0.5806  0.5919  0.6557  0.6557  0.5321  0.5226  0.6072  0.6634  0.000400
epoch:22 0.6212  0.9196  0.6590  0.4634  0.4655  0.5895  0.5979  0.6633  0.6633  0.4774  0.5293  0.6169  0.6668  0.000040
epoch:23 0.6209  0.9093  0.6909  0.4211  0.4679  0.5848  0.5943  0.6603  0.6603  0.5036  0.5265  0.6077  0.6536  0.000040
epoch:24 0.6160  0.9084  0.6565  0.4136  0.4678  0.5810  0.5940  0.6590  0.6590  0.5155  0.5289  0.6058  0.6773  0.000040
epoch:25 0.6159  0.9090  0.6574  0.4208  0.4583  0.5851  0.5933  0.6593  0.6593  0.5083  0.5242  0.6064  0.6768  0.000040
epoch:26 0.6177  0.9090  0.6588  0.4371  0.4551  0.5817  0.5933  0.6593  0.6593  0.5333  0.5226  0.6059  0.6480  0.000040
epoch:27 0.6174  0.9080  0.6737  0.4364  0.4535  0.5849  0.5942  0.6611  0.6611  0.5369  0.5242  0.6085  0.6549  0.000040
epoch:28 0.6181  0.9085  0.6850  0.4158  0.4525  0.5910  0.5953  0.6630  0.6630  0.5190  0.5282  0.6140  0.6616  0.000040
epoch:29 0.6227  0.9185  0.6542  0.5191  0.4517  0.5934  0.5983  0.6651  0.6651  0.5286  0.5237  0.6185  0.6698  0.000040
epoch:30 0.6220  0.9197  0.6655  0.5074  0.4626  0.5919  0.5982  0.6629  0.6629  0.5238  0.5325  0.6153  0.6850  0.000040
epoch:31 0.6227  0.9086  0.6750  0.4345  0.4600  0.5881  0.5989  0.6640  0.6640  0.5369  0.5265  0.6109  0.6450  0.000040
epoch:32 0.6189  0.9182  0.6735  0.4128  0.4580  0.5910  0.5931  0.6600  0.6600  0.4905  0.5237  0.6148  0.6496  0.000040
epoch:33 0.6225  0.9367  0.6665  0.4663  0.4564  0.6110  0.6002  0.6691  0.6691  0.4857  0.5349  0.6370  0.6588  0.000040
epoch:34 0.6204  0.9078  0.6569  0.4213  0.4582  0.5881  0.5958  0.6625  0.6625  0.5238  0.5222  0.6127  0.6596  0.000040
epoch:35 0.6190  0.9196  0.6628  0.4741  0.4588  0.5863  0.5991  0.6635  0.6635  0.4905  0.5353  0.6153  0.6475  0.000040
epoch:36 0.6164  0.9096  0.6395  0.4297  0.4582  0.5803  0.5910  0.6576  0.6576  0.5369  0.5174  0.6058  0.6586  0.000040
epoch:37 0.6185  0.9192  0.6562  0.5076  0.4567  0.5905  0.5964  0.6612  0.6612  0.5238  0.5286  0.6140  0.6682  0.000040
epoch:38 0.6235  0.9184  0.6702  0.4274  0.4602  0.5935  0.6003  0.6637  0.6637  0.5321  0.5242  0.6164  0.6500  0.000040
epoch:39 0.6211  0.9191  0.6707  0.4992  0.4685  0.5890  0.6012  0.6650  0.6650  0.5190  0.5392  0.6145  0.6430  0.000040
epoch:40 0.6161  0.9098  0.6661  0.4232  0.4615  0.5803  0.5926  0.6588  0.6588  0.5321  0.5261  0.6061  0.6602  0.000040
epoch:41 0.6075  0.9095  0.6572  0.4154  0.4572  0.5725  0.5857  0.6493  0.6493  0.4905  0.5162  0.5956  0.6492  0.000040
epoch:42 0.6208  0.9185  0.6589  0.4690  0.4519  0.5993  0.6001  0.6656  0.6656  0.4905  0.5286  0.6251  0.6543  0.000040
epoch:43 0.6181  0.9207  0.6635  0.5062  0.4606  0.5858  0.5965  0.6619  0.6619  0.5238  0.5329  0.6137  0.6674  0.000040
epoch:44 0.6047  0.9082  0.6279  0.3873  0.4722  0.5676  0.5824  0.6475  0.6475  0.5155  0.5285  0.5917  0.6693  0.000040
epoch:45 0.6235  0.9189  0.6605  0.5088  0.4631  0.5927  0.5993  0.6637  0.6637  0.5238  0.5329  0.6151  0.6847  0.000040
epoch:46 0.6207  0.9188  0.6623  0.4081  0.4594  0.5924  0.6013  0.6651  0.6651  0.4905  0.5329  0.6175  0.6666  0.000040
epoch:47 0.6190  0.9097  0.6684  0.4374  0.4593  0.5853  0.5936  0.6602  0.6602  0.5321  0.5237  0.6085  0.6409  0.000040
epoch:48 0.6228  0.9208  0.6742  0.5182  0.4620  0.5902  0.6002  0.6655  0.6655  0.5321  0.5377  0.6145  0.6457  0.000040
epoch:49 0.6091  0.9073  0.6355  0.3956  0.4713  0.5701  0.5865  0.6476  0.6476  0.5202  0.5187  0.5932  0.6670  0.000040
epoch:50 0.6226  0.9196  0.6603  0.5055  0.4629  0.5914  0.6011  0.6655  0.6655  0.5155  0.5345  0.6183  0.6503  0.000040
epoch:51 0.6188  0.9108  0.6595  0.5053  0.4584  0.5870  0.5952  0.6593  0.6593  0.5202  0.5222  0.6097  0.6693  0.000040
epoch:52 0.6205  0.9085  0.6801  0.4219  0.4688  0.5857  0.5947  0.6642  0.6642  0.5036  0.5408  0.6101  0.6644  0.000040
epoch:53 0.6243  0.9086  0.6854  0.5230  0.4566  0.5877  0.5973  0.6634  0.6634  0.5321  0.5265  0.6100  0.6685  0.000040
epoch:54 0.6213  0.9192  0.6594  0.4822  0.4606  0.5918  0.5974  0.6618  0.6618  0.4952  0.5301  0.6156  0.6518  0.000040
epoch:55 0.6154  0.9096  0.6462  0.3942  0.4635  0.5821  0.5897  0.6563  0.6563  0.4952  0.5221  0.6035  0.6651  0.000040
epoch:56 0.6261  0.9393  0.6604  0.5047  0.4620  0.6160  0.6058  0.6724  0.6724  0.5107  0.5452  0.6420  0.6688  0.000040
epoch:57 0.6267  0.9391  0.6730  0.5124  0.4547  0.6120  0.6053  0.6699  0.6699  0.5286  0.5389  0.6372  0.6518  0.000040
epoch:58 0.6252  0.9179  0.6883  0.4973  0.4584  0.5928  0.5999  0.6662  0.6662  0.5083  0.5353  0.6153  0.6557  0.000040
epoch:59 0.6250  0.9190  0.6621  0.5069  0.4648  0.5953  0.5978  0.6644  0.6644  0.5238  0.5265  0.6169  0.6406  0.000040
epoch:60 0.6249  0.9090  0.6907  0.4397  0.4647  0.5901  0.5985  0.6641  0.6641  0.5321  0.5246  0.6127  0.6598  0.000040
epoch:61 0.6264  0.9191  0.6664  0.5155  0.4706  0.5969  0.5999  0.6667  0.6667  0.5286  0.5349  0.6195  0.6772  0.000040
epoch:62 0.6139  0.9089  0.6825  0.4237  0.4639  0.5779  0.5879  0.6551  0.6551  0.4952  0.5246  0.6032  0.6442  0.000040
epoch:63 0.6234  0.9195  0.6648  0.5167  0.4698  0.5904  0.5989  0.6649  0.6649  0.5286  0.5368  0.6156  0.6530  0.000040
epoch:64 0.6250  0.9101  0.6755  0.4239  0.4623  0.5905  0.5981  0.6638  0.6638  0.5190  0.5270  0.6114  0.6411  0.000040
epoch:65 0.6253  0.9196  0.6682  0.4822  0.4549  0.5965  0.5973  0.6634  0.6634  0.4952  0.5207  0.6172  0.6691  0.000040
epoch:66 0.6180  0.8945  0.6737  0.5262  0.4558  0.5804  0.5918  0.6553  0.6553  0.5286  0.5179  0.6029  0.6489  0.000040
epoch:67 0.6290  0.9192  0.6951  0.5100  0.4596  0.6004  0.6036  0.6681  0.6681  0.5238  0.5333  0.6201  0.6602  0.000040
epoch:68 0.6226  0.9089  0.6853  0.4313  0.4680  0.5866  0.5937  0.6612  0.6612  0.5048  0.5265  0.6087  0.6409  0.000040
epoch:69 0.6223  0.9201  0.6595  0.5024  0.4611  0.5932  0.5996  0.6639  0.6639  0.5155  0.5353  0.6156  0.6520  0.000040
epoch:70 0.6230  0.9099  0.6718  0.5113  0.4600  0.5880  0.5946  0.6604  0.6604  0.5238  0.5226  0.6095  0.6494  0.000040
epoch:71 0.6296  0.9081  0.6969  0.4375  0.4668  0.5933  0.5982  0.6655  0.6655  0.5238  0.5313  0.6124  0.6621  0.000040
epoch:72 0.6078  0.9087  0.6371  0.3972  0.4691  0.5714  0.5874  0.6508  0.6508  0.5202  0.5226  0.5980  0.6396  0.000040
epoch:73 0.6125  0.9081  0.6681  0.4182  0.4763  0.5755  0.5887  0.6531  0.6531  0.4952  0.5246  0.5991  0.6525  0.000040
epoch:74 0.6248  0.9196  0.6553  0.5127  0.4643  0.5930  0.5992  0.6636  0.6636  0.5238  0.5305  0.6159  0.6587  0.000040
epoch:75 0.6188  0.9096  0.6864  0.4425  0.4616  0.5829  0.5960  0.6617  0.6617  0.5369  0.5309  0.6064  0.6441  0.000040
epoch:76 0.6224  0.9091  0.6808  0.5044  0.4623  0.5869  0.5996  0.6631  0.6631  0.5238  0.5353  0.6085  0.6476  0.000040
epoch:77 0.6235  0.9191  0.6747  0.5193  0.4583  0.5933  0.5987  0.6633  0.6633  0.5333  0.5230  0.6150  0.6478  0.000040
epoch:78 0.6145  0.8957  0.6711  0.4175  0.4582  0.5816  0.5897  0.6554  0.6554  0.5155  0.5265  0.6045  0.6622  0.000040
epoch:79 0.6198  0.9191  0.6549  0.5112  0.4616  0.5905  0.5963  0.6604  0.6604  0.5238  0.5262  0.6135  0.6443  0.000040
epoch:80 0.6287  0.9185  0.7143  0.4368  0.4713  0.5961  0.5973  0.6660  0.6660  0.5333  0.5373  0.6167  0.6716  0.000040
epoch:81 0.6215  0.9192  0.6593  0.5106  0.4680  0.5875  0.5979  0.6617  0.6617  0.5155  0.5329  0.6132  0.6503  0.000040
epoch:82 0.6239  0.9097  0.6711  0.4948  0.4633  0.5883  0.5939  0.6597  0.6597  0.5024  0.5270  0.6087  0.6455  0.000040
epoch:83 0.6294  0.9189  0.7091  0.4077  0.4657  0.5994  0.6038  0.6677  0.6677  0.5321  0.5353  0.6182  0.6884  0.000040
epoch:84 0.6223  0.9183  0.6734  0.4429  0.4562  0.5938  0.5955  0.6627  0.6627  0.5369  0.5261  0.6148  0.6635  0.000040
epoch:85 0.6221  0.9182  0.6738  0.4071  0.4614  0.5946  0.5930  0.6599  0.6599  0.4774  0.5246  0.6140  0.6341  0.000040
epoch:86 0.6117  0.9091  0.6319  0.3781  0.4522  0.5784  0.5855  0.6503  0.6503  0.4821  0.5134  0.5992  0.6576  0.000040
epoch:87 0.6195  0.8996  0.6574  0.4987  0.4517  0.5952  0.5972  0.6604  0.6604  0.5155  0.5159  0.6164  0.6455  0.000040
epoch:88 0.6280  0.9190  0.6788  0.5285  0.4618  0.5978  0.5992  0.6647  0.6647  0.5333  0.5226  0.6183  0.6400  0.000040
epoch:89 0.6269  0.9191  0.6750  0.5333  0.4603  0.5954  0.5972  0.6644  0.6644  0.5417  0.5242  0.6159  0.6707  0.000040
epoch:90 0.6256  0.9202  0.6605  0.4954  0.4662  0.5968  0.5965  0.6636  0.6636  0.5202  0.5265  0.6175  0.6471  0.000040
epoch:91 0.6159  0.9195  0.6681  0.5169  0.4491  0.5875  0.5966  0.6589  0.6589  0.5274  0.5262  0.6108  0.6529  0.000040
epoch:92 0.6265  0.9379  0.6638  0.4987  0.4698  0.6164  0.6005  0.6669  0.6669  0.5155  0.5364  0.6389  0.6499  0.000040
epoch:93 0.6277  0.9193  0.7024  0.4230  0.4721  0.5976  0.6005  0.6665  0.6665  0.5250  0.5373  0.6188  0.6568  0.000040
epoch:94 0.6208  0.9093  0.6618  0.5007  0.4595  0.5879  0.5980  0.6621  0.6621  0.5155  0.5290  0.6111  0.6332  0.000040
epoch:95 0.6227  0.9098  0.6712  0.4369  0.4614  0.5877  0.5951  0.6617  0.6617  0.5250  0.5285  0.6090  0.6300  0.000040
epoch:96 0.6262  0.9192  0.6928  0.5167  0.4619  0.5948  0.5974  0.6637  0.6637  0.5238  0.5270  0.6158  0.6480  0.000040
epoch:97 0.6211  0.9102  0.6646  0.4209  0.4650  0.5864  0.5936  0.6593  0.6593  0.5202  0.5285  0.6071  0.6301  0.000040
epoch:98 0.6220  0.9216  0.6589  0.5093  0.4533  0.5997  0.5979  0.6648  0.6648  0.5238  0.5305  0.6237  0.6391  0.000040
epoch:99 0.6315  0.9292  0.6720  0.4987  0.4618  0.6080  0.6049  0.6726  0.6726  0.5155  0.5329  0.6334  0.6403  0.000040
epoch:100 0.6210  0.9190  0.6609  0.5155  0.4584  0.5896  0.5940  0.6594  0.6594  0.5202  0.5262  0.6130  0.6465  0.000040
epoch:101 0.6243  0.9206  0.6592  0.4932  0.4620  0.5963  0.5988  0.6620  0.6620  0.5107  0.5286  0.6172  0.6326  0.000040
epoch:102 0.6204  0.9177  0.6582  0.4993  0.4550  0.5911  0.5960  0.6598  0.6598  0.5238  0.5163  0.6129  0.6507  0.000040
epoch:103 0.6300  0.9195  0.6908  0.4966  0.4703  0.5997  0.6029  0.6682  0.6682  0.5155  0.5381  0.6201  0.6464  0.000040
epoch:104 0.5944  0.9078  0.6274  0.3670  0.4732  0.5588  0.5724  0.6354  0.6354  0.4738  0.5167  0.5831  0.6433  0.000040
epoch:105 0.6235  0.9191  0.6628  0.5057  0.4575  0.5953  0.5987  0.6615  0.6615  0.5190  0.5242  0.6161  0.6472  0.000040
epoch:106 0.6176  0.9198  0.6534  0.5072  0.4635  0.5877  0.5969  0.6613  0.6613  0.5238  0.5325  0.6124  0.6482  0.000040
epoch:107 0.6228  0.8910  0.6671  0.5064  0.4587  0.5895  0.5981  0.6628  0.6628  0.5286  0.5226  0.6105  0.6441  0.000040
epoch:108 0.6210  0.8942  0.6761  0.5175  0.4603  0.5844  0.5956  0.6599  0.6599  0.5274  0.5218  0.6077  0.6392  0.000040
epoch:109 0.6200  0.9101  0.6765  0.5295  0.4587  0.5843  0.5948  0.6598  0.6598  0.5452  0.5261  0.6050  0.6369  0.000040
epoch:110 0.6241  0.9191  0.6831  0.5159  0.4612  0.5934  0.6001  0.6644  0.6644  0.5202  0.5408  0.6164  0.6511  0.000040
epoch:111 0.6214  0.9093  0.6768  0.5139  0.4620  0.5848  0.5971  0.6603  0.6603  0.5238  0.5246  0.6074  0.6401  0.000040
epoch:112 0.6225  0.9195  0.6580  0.5171  0.4651  0.5927  0.5970  0.6617  0.6617  0.5250  0.5222  0.6156  0.6590  0.000040
epoch:113 0.6215  0.9288  0.6419  0.4907  0.4527  0.5990  0.5979  0.6642  0.6642  0.5071  0.5282  0.6267  0.6524  0.000040
epoch:114 0.6142  0.9203  0.6390  0.4911  0.4555  0.5877  0.5955  0.6581  0.6581  0.5071  0.5246  0.6124  0.6600  0.000040
epoch:115 0.6310  0.9396  0.6612  0.4987  0.4634  0.6217  0.6024  0.6710  0.6710  0.5202  0.5301  0.6428  0.6511  0.000040
epoch:116 0.6312  0.9270  0.6596  0.5050  0.4617  0.6061  0.6040  0.6694  0.6694  0.5238  0.5305  0.6277  0.6389  0.000040
epoch:117 0.6362  0.9270  0.6865  0.4953  0.4695  0.6140  0.6061  0.6713  0.6713  0.5107  0.5329  0.6343  0.6340  0.000040
epoch:118 0.6245  0.9189  0.6979  0.4403  0.4698  0.5914  0.5977  0.6652  0.6652  0.5369  0.5289  0.6151  0.6445  0.000040
epoch:119 0.6263  0.9198  0.6755  0.5153  0.4687  0.5951  0.6005  0.6661  0.6661  0.5298  0.5349  0.6177  0.6563  0.000040
epoch:120 0.6117  0.9092  0.6588  0.4086  0.4577  0.5794  0.5872  0.6523  0.6523  0.4869  0.5182  0.6019  0.6537  0.000040
epoch:121 0.6202  0.9189  0.6569  0.5043  0.4560  0.5927  0.5982  0.6620  0.6620  0.5155  0.5305  0.6148  0.6431  0.000040
epoch:122 0.6216  0.9191  0.6777  0.4941  0.4624  0.5917  0.5998  0.6627  0.6627  0.5190  0.5310  0.6143  0.6368  0.000040
epoch:123 0.6205  0.8968  0.7048  0.4388  0.4665  0.5838  0.5923  0.6589  0.6589  0.5286  0.5265  0.6067  0.6544  0.000040
epoch:124 0.6212  0.9208  0.6778  0.5001  0.4648  0.5903  0.5986  0.6624  0.6624  0.5190  0.5349  0.6140  0.6612  0.000040
epoch:125 0.6299  0.9265  0.6813  0.5043  0.4718  0.6003  0.6063  0.6698  0.6698  0.5190  0.5392  0.6259  0.6382  0.000040
epoch:126 0.6242  0.9198  0.6762  0.5032  0.4642  0.5958  0.5964  0.6635  0.6635  0.5155  0.5285  0.6185  0.6371  0.000040
epoch:127 0.6358  0.9399  0.6717  0.4579  0.4666  0.6244  0.6098  0.6754  0.6754  0.4738  0.5353  0.6462  0.6391  0.000040
epoch:128 0.6215  0.9199  0.6597  0.5091  0.4628  0.5906  0.5971  0.6614  0.6614  0.5202  0.5321  0.6146  0.6593  0.000040
epoch:129 0.6228  0.9105  0.6832  0.5043  0.4703  0.5869  0.5984  0.6644  0.6644  0.5155  0.5337  0.6103  0.6232  0.000040
epoch:130 0.6204  0.9098  0.6795  0.5108  0.4664  0.5837  0.5968  0.6612  0.6612  0.5238  0.5270  0.6087  0.6622  0.000040
epoch:131 0.6248  0.9191  0.6929  0.4933  0.4688  0.5955  0.5989  0.6635  0.6635  0.5071  0.5270  0.6185  0.6319  0.000040
epoch:132 0.6108  0.9086  0.6762  0.4175  0.4576  0.5747  0.5866  0.6510  0.6510  0.4952  0.5139  0.5993  0.6582  0.000040
epoch:133 0.6193  0.9198  0.6718  0.5029  0.4585  0.5923  0.5978  0.6610  0.6610  0.5190  0.5286  0.6143  0.6448  0.000040
epoch:134 0.6257  0.9007  0.7039  0.5167  0.4568  0.5948  0.5977  0.6637  0.6637  0.5274  0.5226  0.6161  0.6610  0.000040
epoch:135 0.6257  0.9183  0.7016  0.4237  0.4649  0.5957  0.5978  0.6638  0.6638  0.5190  0.5270  0.6167  0.6392  0.000040
epoch:136 0.6200  0.9099  0.6763  0.5072  0.4640  0.5832  0.5955  0.6602  0.6602  0.5238  0.5265  0.6066  0.6249  0.000040
epoch:137 0.6225  0.9383  0.6672  0.4824  0.4583  0.6114  0.5992  0.6654  0.6654  0.5024  0.5286  0.6362  0.6352  0.000040
epoch:138 0.6248  0.9101  0.6801  0.5071  0.4648  0.5896  0.5951  0.6614  0.6614  0.5190  0.5242  0.6106  0.6294  0.000040
epoch:139 0.6334  0.9201  0.6835  0.4973  0.4665  0.6021  0.6049  0.6709  0.6709  0.5155  0.5373  0.6229  0.6396  0.000040
epoch:140 0.6232  0.9200  0.6820  0.4668  0.4638  0.5932  0.5964  0.6633  0.6633  0.4869  0.5325  0.6172  0.6467  0.000040
epoch:141 0.6243  0.9101  0.6865  0.5051  0.4707  0.5851  0.5954  0.6600  0.6600  0.5202  0.5289  0.6066  0.6619  0.000040
epoch:142 0.6276  0.9086  0.6985  0.4947  0.4738  0.5898  0.5984  0.6645  0.6645  0.5107  0.5337  0.6111  0.6531  0.000040
epoch:143 0.6231  0.9110  0.6649  0.5046  0.4669  0.5884  0.5987  0.6613  0.6613  0.5107  0.5226  0.6108  0.6510  0.000040
epoch:144 0.6216  0.9090  0.6947  0.4051  0.4694  0.5840  0.5940  0.6596  0.6596  0.4869  0.5289  0.6069  0.6672  0.000040
epoch:145 0.6377  0.9306  0.6759  0.4724  0.4707  0.6200  0.6101  0.6766  0.6766  0.4869  0.5436  0.6425  0.6171  0.000040
epoch:146 0.6262  0.9269  0.6832  0.5100  0.4755  0.5959  0.5997  0.6648  0.6648  0.5286  0.5329  0.6212  0.6295  0.000040
epoch:147 0.6231  0.9196  0.6720  0.4912  0.4749  0.5881  0.5997  0.6641  0.6641  0.5155  0.5377  0.6135  0.6253  0.000040
epoch:148 0.6318  0.9272  0.6680  0.4993  0.4543  0.6056  0.6053  0.6719  0.6719  0.5155  0.5324  0.6298  0.6340  0.000040
epoch:149 0.6247  0.9197  0.6834  0.5022  0.4676  0.5922  0.5983  0.6632  0.6632  0.5202  0.5246  0.6159  0.6448  0.000040
epoch:150 0.6220  0.9010  0.6715  0.5024  0.4675  0.5922  0.5988  0.6645  0.6645  0.5250  0.5373  0.6151  0.6251  0.000040
epoch:151 0.6202  0.9206  0.6607  0.5046  0.4661  0.5857  0.5943  0.6590  0.6590  0.5202  0.5246  0.6101  0.6304  0.000040
epoch:152 0.6163  0.9204  0.6447  0.4899  0.4644  0.5888  0.5970  0.6598  0.6598  0.5071  0.5329  0.6130  0.6540  0.000040
epoch:153 0.6220  0.9020  0.6845  0.5171  0.4618  0.5884  0.5945  0.6595  0.6595  0.5250  0.5226  0.6116  0.6261  0.000040
epoch:154 0.6231  0.9202  0.6864  0.4986  0.4694  0.5935  0.5984  0.6647  0.6647  0.5202  0.5368  0.6177  0.6364  0.000040
epoch:155 0.6113  0.9089  0.6442  0.4070  0.4576  0.5796  0.5895  0.6535  0.6535  0.5024  0.5178  0.6035  0.6282  0.000040
epoch:156 0.6183  0.9101  0.6706  0.4244  0.4675  0.5819  0.5925  0.6579  0.6579  0.5167  0.5221  0.6055  0.6440  0.000040
epoch:157 0.6138  0.9101  0.6667  0.4951  0.4839  0.5733  0.5879  0.6518  0.6518  0.5071  0.5309  0.5971  0.6233  0.000040
epoch:158 0.6191  0.9192  0.6680  0.5023  0.4640  0.5898  0.6003  0.6632  0.6632  0.5155  0.5314  0.6148  0.6264  0.000040
epoch:159 0.6206  0.9101  0.6860  0.4730  0.4716  0.5831  0.5925  0.6590  0.6590  0.4869  0.5270  0.6064  0.6375  0.000040
epoch:160 0.6422  0.9405  0.6846  0.5116  0.4690  0.6420  0.6150  0.6821  0.6821  0.5286  0.5373  0.6644  0.6323  0.000040
epoch:161 0.6254  0.9190  0.6894  0.5001  0.4700  0.5946  0.5995  0.6654  0.6654  0.5202  0.5373  0.6172  0.6362  0.000040
epoch:162 0.6251  0.9191  0.6489  0.4934  0.4628  0.5963  0.6012  0.6646  0.6646  0.5155  0.5262  0.6190  0.6383  0.000040
epoch:163 0.6349  0.9193  0.7075  0.4954  0.4617  0.6077  0.6098  0.6733  0.6733  0.5107  0.5373  0.6274  0.6282  0.000040
epoch:164 0.6261  0.9201  0.6771  0.4947  0.4758  0.5932  0.6010  0.6654  0.6654  0.5119  0.5416  0.6166  0.6611  0.000040
epoch:165 0.6199  0.9207  0.6781  0.5013  0.4720  0.5844  0.5956  0.6610  0.6610  0.5202  0.5353  0.6104  0.6443  0.000040
epoch:166 0.6226  0.9007  0.6984  0.5016  0.4669  0.5897  0.5944  0.6611  0.6611  0.5155  0.5270  0.6122  0.6448  0.000040
epoch:167 0.6099  0.9091  0.6589  0.3956  0.4804  0.5674  0.5838  0.6492  0.6492  0.4774  0.5245  0.5938  0.6441  0.000040
epoch:168 0.6323  0.9387  0.6680  0.5078  0.4733  0.6188  0.6044  0.6691  0.6691  0.5202  0.5368  0.6391  0.6259  0.000040
epoch:169 0.6286  0.9191  0.7032  0.5039  0.4771  0.5934  0.5995  0.6667  0.6667  0.5190  0.5337  0.6167  0.6432  0.000040
epoch:170 0.6248  0.9168  0.6922  0.4201  0.4677  0.5903  0.5986  0.6635  0.6635  0.5202  0.5317  0.6127  0.6308  0.000040
epoch:171 0.6215  0.8934  0.6837  0.4071  0.4596  0.5903  0.5934  0.6606  0.6606  0.4869  0.5139  0.6132  0.6193  0.000040
epoch:172 0.6237  0.9018  0.6921  0.4162  0.4723  0.5919  0.5992  0.6635  0.6635  0.5155  0.5353  0.6143  0.6492  0.000040
epoch:173 0.6217  0.9198  0.6930  0.4946  0.4653  0.5934  0.5959  0.6603  0.6603  0.5155  0.5202  0.6162  0.6159  0.000040
epoch:174 0.6225  0.9202  0.6691  0.4989  0.4692  0.5917  0.5973  0.6623  0.6623  0.5119  0.5289  0.6151  0.6501  0.000040
epoch:175 0.6259  0.9196  0.6905  0.4918  0.4751  0.5927  0.5992  0.6648  0.6648  0.5107  0.5392  0.6166  0.6366  0.000040
epoch:176 0.6216  0.9095  0.6812  0.5072  0.4655  0.5850  0.5971  0.6612  0.6612  0.5202  0.5246  0.6103  0.6167  0.000040
epoch:177 0.6304  0.9190  0.6710  0.5074  0.4658  0.5993  0.6054  0.6704  0.6704  0.5238  0.5353  0.6208  0.6268  0.000040
epoch:178 0.6241  0.9267  0.6835  0.5001  0.4654  0.5967  0.5989  0.6630  0.6630  0.5202  0.5242  0.6211  0.6300  0.000040
epoch:179 0.6187  0.9020  0.6704  0.5046  0.4657  0.5884  0.5952  0.6596  0.6596  0.5155  0.5305  0.6125  0.6215  0.000040
epoch:180 0.6155  0.9101  0.6732  0.4842  0.4490  0.5840  0.5963  0.6604  0.6604  0.5012  0.5265  0.6098  0.6326  0.000040
epoch:181 0.6262  0.9196  0.6840  0.5000  0.4729  0.5947  0.5992  0.6641  0.6641  0.5155  0.5270  0.6172  0.6338  0.000040
epoch:182 0.6274  0.9207  0.6750  0.4970  0.4641  0.5976  0.6005  0.6663  0.6663  0.5107  0.5349  0.6182  0.6301  0.000040
epoch:183 0.6335  0.9375  0.6792  0.5047  0.4673  0.6169  0.6081  0.6716  0.6716  0.5238  0.5310  0.6383  0.6223  0.000040
epoch:184 0.6201  0.9206  0.6596  0.4973  0.4641  0.5918  0.5971  0.6620  0.6620  0.5155  0.5265  0.6151  0.6176  0.000040
epoch:185 0.6167  0.8942  0.6671  0.4901  0.4667  0.5828  0.5925  0.6568  0.6568  0.5071  0.5261  0.6058  0.6257  0.000040
epoch:186 0.6285  0.9223  0.6522  0.5084  0.4485  0.6079  0.6061  0.6713  0.6713  0.5250  0.5286  0.6303  0.6649  0.000040
epoch:187 0.6238  0.9101  0.6829  0.5109  0.4722  0.5862  0.5962  0.6617  0.6617  0.5202  0.5313  0.6079  0.6311  0.000040
epoch:188 0.6265  0.9287  0.6763  0.4972  0.4699  0.6035  0.6028  0.6660  0.6660  0.5202  0.5357  0.6262  0.6400  0.000040
epoch:189 0.6250  0.9200  0.6780  0.5013  0.4663  0.5958  0.5974  0.6634  0.6634  0.5107  0.5270  0.6177  0.6452  0.000040
epoch:190 0.6236  0.9081  0.6386  0.4071  0.4806  0.5820  0.5989  0.6624  0.6624  0.5024  0.5250  0.6078  0.6413  0.000040
epoch:191 0.6216  0.8931  0.6895  0.4097  0.4676  0.5869  0.5945  0.6599  0.6599  0.4952  0.5182  0.6085  0.6342  0.000040
epoch:192 0.6242  0.9207  0.6659  0.4834  0.4523  0.5997  0.5985  0.6625  0.6625  0.5071  0.5261  0.6201  0.6391  0.000040
epoch:193 0.6206  0.9188  0.6850  0.4075  0.4671  0.5906  0.5912  0.6592  0.6592  0.4821  0.5206  0.6130  0.6369  0.000040
epoch:194 0.6242  0.9105  0.6755  0.4966  0.4674  0.5896  0.5966  0.6638  0.6638  0.5202  0.5289  0.6116  0.6264  0.000040
epoch:195 0.6253  0.9203  0.6716  0.4867  0.4674  0.6014  0.5986  0.6647  0.6647  0.5024  0.5345  0.6244  0.6326  0.000040
epoch:196 0.6360  0.9272  0.6779  0.4969  0.4724  0.6152  0.6093  0.6735  0.6735  0.5107  0.5333  0.6372  0.6104  0.000040
epoch:197 0.6210  0.9202  0.6740  0.4945  0.4690  0.5912  0.5986  0.6632  0.6632  0.5107  0.5373  0.6156  0.6309  0.000040
epoch:198 0.6218  0.9098  0.6813  0.4905  0.4693  0.5867  0.5963  0.6610  0.6610  0.5107  0.5285  0.6092  0.6368  0.000040
epoch:199 0.6179  0.9107  0.6558  0.4889  0.4748  0.5800  0.5932  0.6571  0.6571  0.5036  0.5313  0.6032  0.6249  0.000040
epoch:200 0.6118  0.9092  0.6665  0.3968  0.4864  0.5720  0.5838  0.6504  0.6504  0.4738  0.5333  0.5964  0.6111  0.000040
epoch:201 0.6096  0.9079  0.6414  0.4092  0.4568  0.5735  0.5861  0.6488  0.6488  0.5024  0.5143  0.5961  0.6396  0.000040
epoch:202 0.6237  0.9198  0.6713  0.4918  0.4741  0.5898  0.5983  0.6621  0.6621  0.5107  0.5309  0.6135  0.6148  0.000040
epoch:203 0.6203  0.9198  0.6738  0.4976  0.4646  0.5932  0.6010  0.6654  0.6654  0.5190  0.5329  0.6180  0.6387  0.000040
epoch:204 0.6234  0.9191  0.6713  0.4183  0.4641  0.5930  0.5964  0.6619  0.6619  0.5071  0.5270  0.6148  0.6244  0.000040
epoch:205 0.6214  0.9199  0.6855  0.5058  0.4660  0.5902  0.5944  0.6611  0.6611  0.5155  0.5270  0.6135  0.6506  0.000040
epoch:206 0.6211  0.9092  0.6814  0.4259  0.4738  0.5835  0.5938  0.6596  0.6596  0.5202  0.5225  0.6064  0.6310  0.000040
epoch:207 0.6220  0.9201  0.6753  0.4898  0.4641  0.5951  0.5989  0.6636  0.6636  0.5119  0.5285  0.6180  0.6429  0.000040
epoch:208 0.6281  0.9403  0.6903  0.4692  0.4516  0.6207  0.6059  0.6711  0.6711  0.4821  0.5246  0.6473  0.6435  0.000040
epoch:209 0.6284  0.9189  0.6900  0.4260  0.4719  0.5938  0.6003  0.6667  0.6667  0.5286  0.5377  0.6162  0.6277  0.000040
epoch:210 0.6247  0.9200  0.6965  0.5090  0.4635  0.5936  0.5995  0.6633  0.6633  0.5202  0.5265  0.6169  0.6229  0.000040
epoch:211 0.6218  0.9196  0.6755  0.5053  0.4674  0.5934  0.5994  0.6647  0.6647  0.5202  0.5373  0.6167  0.6400  0.000040
epoch:212 0.6272  0.9110  0.6919  0.4946  0.4700  0.5920  0.5981  0.6653  0.6653  0.5155  0.5309  0.6143  0.6110  0.000040
epoch:213 0.6286  0.9375  0.6762  0.4982  0.4728  0.6152  0.6074  0.6722  0.6722  0.5155  0.5396  0.6394  0.6229  0.000040
epoch:214 0.6210  0.9201  0.6845  0.5088  0.4630  0.5889  0.5963  0.6612  0.6612  0.5250  0.5310  0.6124  0.6407  0.000040
epoch:215 0.6158  0.9096  0.6673  0.4121  0.4755  0.5809  0.5885  0.6552  0.6552  0.5071  0.5225  0.6048  0.6288  0.000040
epoch:216 0.6300  0.9195  0.6656  0.4481  0.4770  0.5964  0.6018  0.6668  0.6668  0.4690  0.5380  0.6176  0.6281  0.000040
epoch:217 0.6241  0.9201  0.6811  0.4684  0.4687  0.5918  0.5966  0.6621  0.6621  0.4833  0.5309  0.6153  0.6320  0.000040
epoch:218 0.6259  0.9190  0.6940  0.4254  0.4816  0.5947  0.5978  0.6648  0.6648  0.5155  0.5333  0.6174  0.6393  0.000040
epoch:219 0.6330  0.9395  0.6738  0.4908  0.4678  0.6250  0.6062  0.6718  0.6718  0.5071  0.5377  0.6478  0.6336  0.000040
epoch:220 0.6096  0.9088  0.6376  0.4620  0.4773  0.5680  0.5838  0.6480  0.6480  0.4738  0.5309  0.5927  0.6528  0.000040
epoch:221 0.6200  0.9214  0.6611  0.4908  0.4594  0.5928  0.5969  0.6632  0.6632  0.5071  0.5328  0.6161  0.6388  0.000040
epoch:222 0.6177  0.9206  0.6531  0.5011  0.4592  0.5911  0.5969  0.6607  0.6607  0.5155  0.5305  0.6138  0.6264  0.000040
epoch:223 0.6223  0.9202  0.6775  0.5054  0.4709  0.5907  0.6005  0.6670  0.6670  0.5250  0.5416  0.6166  0.6442  0.000040
epoch:224 0.6407  0.9406  0.6865  0.4954  0.4727  0.6277  0.6106  0.6768  0.6768  0.5107  0.5353  0.6504  0.6089  0.000040
epoch:225 0.6305  0.9207  0.6869  0.5053  0.4645  0.6006  0.6023  0.6686  0.6686  0.5202  0.5353  0.6208  0.6166  0.000040
epoch:226 0.6241  0.9200  0.6645  0.4908  0.4669  0.5962  0.6004  0.6645  0.6645  0.5071  0.5349  0.6169  0.6437  0.000040
epoch:227 0.6219  0.9015  0.6832  0.4111  0.4750  0.5921  0.5967  0.6616  0.6616  0.5071  0.5349  0.6143  0.6231  0.000040
epoch:228 0.6248  0.9197  0.6893  0.4973  0.4654  0.5973  0.6023  0.6673  0.6673  0.5155  0.5289  0.6203  0.6385  0.000040
epoch:229 0.6320  0.9272  0.6736  0.5073  0.4708  0.6050  0.6077  0.6724  0.6724  0.5202  0.5412  0.6280  0.6366  0.000040
epoch:230 0.6211  0.9097  0.6896  0.4738  0.4724  0.5879  0.5940  0.6619  0.6619  0.4821  0.5309  0.6111  0.6349  0.000040
epoch:231 0.6196  0.9094  0.6867  0.4821  0.4675  0.5840  0.5944  0.6592  0.6592  0.4940  0.5206  0.6061  0.6397  0.000040
epoch:232 0.6253  0.9187  0.6786  0.5025  0.4413  0.6052  0.6036  0.6671  0.6671  0.5155  0.5226  0.6258  0.6407  0.000040
epoch:233 0.6196  0.9206  0.6772  0.5053  0.4661  0.5887  0.5972  0.6615  0.6615  0.5202  0.5270  0.6130  0.6198  0.000040
epoch:234 0.6215  0.9202  0.6712  0.5077  0.4681  0.5916  0.5953  0.6620  0.6620  0.5167  0.5285  0.6158  0.6267  0.000040
epoch:235 0.6104  0.9084  0.6427  0.4689  0.4675  0.5734  0.5831  0.6495  0.6495  0.4821  0.5142  0.5974  0.6292  0.000040
epoch:236 0.6225  0.9101  0.6991  0.4038  0.4660  0.5866  0.5949  0.6609  0.6609  0.4774  0.5293  0.6093  0.6513  0.000040
epoch:237 0.6192  0.8942  0.6633  0.5050  0.4630  0.5865  0.5955  0.6593  0.6593  0.5167  0.5242  0.6093  0.6623  0.000040
epoch:238 0.6244  0.9198  0.6873  0.5017  0.4672  0.5929  0.6005  0.6642  0.6642  0.5155  0.5270  0.6167  0.6533  0.000040
epoch:239 0.6268  0.9201  0.6909  0.5017  0.4735  0.5963  0.5994  0.6648  0.6648  0.5155  0.5353  0.6180  0.6010  0.000040
epoch:240 0.6200  0.9007  0.6808  0.5072  0.4572  0.5938  0.5972  0.6625  0.6625  0.5202  0.5265  0.6161  0.6092  0.000040
epoch:241 0.6238  0.9104  0.6808  0.5084  0.4671  0.5883  0.5983  0.6611  0.6611  0.5155  0.5265  0.6095  0.6145  0.000040
epoch:242 0.6258  0.9194  0.6821  0.5141  0.4673  0.5947  0.6006  0.6653  0.6653  0.5250  0.5289  0.6177  0.6378  0.000040
epoch:243 0.6225  0.9197  0.6747  0.4999  0.4705  0.5933  0.5999  0.6646  0.6646  0.5155  0.5313  0.6164  0.6237  0.000040
epoch:244 0.6184  0.8937  0.6779  0.4688  0.4640  0.5851  0.5932  0.6574  0.6574  0.4857  0.5178  0.6074  0.6215  0.000040
epoch:245 0.6275  0.9292  0.6653  0.4922  0.4565  0.6034  0.6035  0.6696  0.6696  0.5071  0.5309  0.6282  0.6530  0.000040
epoch:246 0.6192  0.9207  0.6730  0.4982  0.4566  0.5889  0.5923  0.6585  0.6585  0.5071  0.5261  0.6117  0.6198  0.000040
epoch:247 0.6168  0.9259  0.6744  0.4970  0.4495  0.5943  0.5979  0.6619  0.6619  0.5107  0.5265  0.6201  0.6378  0.000040
epoch:248 0.6085  0.8925  0.6514  0.4667  0.4685  0.5743  0.5836  0.6484  0.6484  0.4786  0.5182  0.5972  0.6208  0.000040
epoch:249 0.6242  0.9090  0.6920  0.5072  0.4700  0.5897  0.6005  0.6657  0.6657  0.5202  0.5313  0.6127  0.6395  0.000040
epoch:250 0.6099  0.8931  0.6855  0.4164  0.4628  0.5761  0.5869  0.6515  0.6515  0.5107  0.5182  0.6003  0.6159  0.000040
epoch:251 0.6225  0.9194  0.6824  0.5017  0.4672  0.5897  0.5987  0.6634  0.6634  0.5155  0.5317  0.6138  0.6173  0.000040
epoch:252 0.6178  0.9097  0.6717  0.5109  0.4679  0.5825  0.5930  0.6574  0.6574  0.5202  0.5182  0.6061  0.6197  0.000040
epoch:253 0.6293  0.9275  0.6633  0.4922  0.4459  0.6118  0.6055  0.6714  0.6714  0.5071  0.5289  0.6354  0.6386  0.000040
epoch:254 0.6219  0.9205  0.6778  0.5069  0.4666  0.5919  0.5991  0.6647  0.6647  0.5202  0.5313  0.6167  0.6236  0.000040
epoch:255 0.6263  0.9203  0.6879  0.5055  0.4699  0.5949  0.5995  0.6647  0.6647  0.5202  0.5289  0.6177  0.6243  0.000040
epoch:256 0.6275  0.9191  0.7032  0.4057  0.4663  0.5992  0.5995  0.6661  0.6661  0.4869  0.5289  0.6206  0.6341  0.000040
epoch:257 0.6219  0.9201  0.6827  0.4982  0.4514  0.5945  0.5993  0.6637  0.6637  0.5155  0.5230  0.6172  0.6114  0.000040
epoch:258 0.6212  0.9199  0.6814  0.5017  0.4652  0.5926  0.5979  0.6637  0.6637  0.5202  0.5289  0.6167  0.6412  0.000040
epoch:259 0.6121  0.8939  0.6640  0.5000  0.4583  0.5777  0.5888  0.6535  0.6535  0.5119  0.5237  0.6011  0.6312  0.000040
epoch:260 0.6211  0.9199  0.6733  0.4887  0.4632  0.5918  0.5957  0.6616  0.6616  0.5119  0.5309  0.6145  0.6270  0.000040
epoch:261 0.6267  0.9300  0.6652  0.4851  0.4590  0.6023  0.6009  0.6681  0.6681  0.5024  0.5333  0.6256  0.6174  0.000040
epoch:262 0.6205  0.9023  0.6664  0.5077  0.4587  0.5931  0.5960  0.6619  0.6619  0.5167  0.5261  0.6166  0.6051  0.000040
epoch:263 0.6181  0.9096  0.6723  0.5017  0.4568  0.5857  0.5941  0.6594  0.6594  0.5155  0.5222  0.6093  0.6114  0.000040
epoch:264 0.6171  0.9096  0.6748  0.4778  0.4599  0.5819  0.5891  0.6561  0.6561  0.4917  0.5202  0.6042  0.6343  0.000040
epoch:265 0.6368  0.9395  0.6778  0.4669  0.4584  0.6331  0.6130  0.6785  0.6785  0.4821  0.5353  0.6578  0.6623  0.000040
epoch:266 0.6234  0.9196  0.6748  0.4935  0.4601  0.5961  0.5993  0.6640  0.6640  0.5024  0.5289  0.6188  0.6072  0.000040
epoch:267 0.6235  0.9099  0.6750  0.4125  0.4704  0.5874  0.5969  0.6616  0.6616  0.5119  0.5289  0.6100  0.6296  0.000040
epoch:268 0.6358  0.9207  0.6816  0.5020  0.4752  0.6039  0.6083  0.6727  0.6727  0.5238  0.5337  0.6237  0.6384  0.000040
epoch:269 0.6218  0.9194  0.6812  0.5366  0.4677  0.5916  0.5928  0.6621  0.6621  0.5488  0.5225  0.6138  0.6250  0.000040
epoch:270 0.6274  0.9196  0.6893  0.5035  0.4707  0.5985  0.6011  0.6662  0.6662  0.5119  0.5313  0.6198  0.6186  0.000040
epoch:271 0.6168  0.9183  0.6728  0.4649  0.4667  0.5871  0.5888  0.6570  0.6570  0.4786  0.5225  0.6103  0.6261  0.000040
epoch:272 0.6173  0.9103  0.6632  0.4982  0.4640  0.5813  0.5951  0.6579  0.6579  0.5071  0.5270  0.6043  0.6031  0.000040
epoch:273 0.6183  0.9269  0.6603  0.4922  0.4533  0.5962  0.5994  0.6635  0.6635  0.5071  0.5261  0.6233  0.6310  0.000040
epoch:274 0.6240  0.9194  0.6860  0.4751  0.4709  0.5937  0.5954  0.6624  0.6624  0.4869  0.5249  0.6153  0.6232  0.000040
epoch:275 0.6192  0.9203  0.6650  0.4920  0.4680  0.5888  0.5968  0.6613  0.6613  0.5071  0.5357  0.6122  0.6273  0.000040
epoch:276 0.6216  0.9186  0.6885  0.4147  0.4747  0.5911  0.5951  0.6613  0.6613  0.5119  0.5309  0.6145  0.6169  0.000040
epoch:277 0.6248  0.9195  0.6838  0.4970  0.4559  0.5974  0.6018  0.6656  0.6656  0.5107  0.5309  0.6179  0.6324  0.000040
epoch:278 0.6265  0.9368  0.6846  0.5139  0.4393  0.6210  0.6042  0.6704  0.6704  0.5250  0.5242  0.6460  0.6270  0.000040
epoch:279 0.6197  0.9202  0.6734  0.5058  0.4706  0.5900  0.5985  0.6632  0.6632  0.5286  0.5349  0.6138  0.6398  0.000040
epoch:280 0.6198  0.9207  0.6581  0.4895  0.4512  0.5956  0.5985  0.6632  0.6632  0.5071  0.5246  0.6191  0.6159  0.000040
epoch:281 0.6193  0.9194  0.6821  0.4711  0.4709  0.5887  0.5949  0.6592  0.6592  0.4821  0.5270  0.6116  0.6157  0.000040
epoch:282 0.6217  0.9277  0.6820  0.4970  0.4549  0.5985  0.6017  0.6667  0.6667  0.5107  0.5309  0.6246  0.6286  0.000040
epoch:283 0.6233  0.9195  0.6797  0.4551  0.4636  0.5956  0.5982  0.6638  0.6638  0.4738  0.5309  0.6182  0.6349  0.000040
epoch:284 0.6238  0.9199  0.6868  0.5087  0.4654  0.5928  0.5992  0.6636  0.6636  0.5155  0.5333  0.6140  0.6176  0.000040
epoch:285 0.6192  0.9102  0.6638  0.4615  0.4650  0.5849  0.5915  0.6580  0.6580  0.4738  0.5225  0.6074  0.6303  0.000040
epoch:286 0.6261  0.9196  0.6801  0.4679  0.4735  0.5990  0.5968  0.6644  0.6644  0.4786  0.5285  0.6211  0.6094  0.000040
epoch:287 0.6215  0.9208  0.6796  0.4692  0.4692  0.5928  0.5976  0.6635  0.6635  0.4821  0.5353  0.6159  0.6257  0.000040
epoch:288 0.6276  0.9269  0.6874  0.5053  0.4693  0.6039  0.6050  0.6706  0.6706  0.5202  0.5333  0.6283  0.6186  0.000040
epoch:289 0.6189  0.9105  0.6668  0.4980  0.4535  0.5908  0.5941  0.6606  0.6606  0.5119  0.5182  0.6129  0.6432  0.000040
epoch:290 0.6242  0.9271  0.6629  0.4950  0.4518  0.6035  0.6019  0.6675  0.6675  0.5119  0.5225  0.6285  0.6197  0.000040
epoch:291 0.6251  0.9200  0.6647  0.4867  0.4513  0.5967  0.6020  0.6671  0.6671  0.5024  0.5337  0.6182  0.6421  0.000040
epoch:292 0.6205  0.9195  0.6780  0.5039  0.4681  0.5901  0.5981  0.6637  0.6637  0.5155  0.5352  0.6143  0.6186  0.000040
epoch:293 0.6281  0.9263  0.6775  0.5032  0.4591  0.6026  0.6049  0.6699  0.6699  0.5155  0.5373  0.6264  0.6265  0.000040
epoch:294 0.6201  0.9106  0.6769  0.4761  0.4651  0.5870  0.5939  0.6598  0.6598  0.4869  0.5206  0.6098  0.6011  0.000040
epoch:295 0.6370  0.9385  0.6848  0.5025  0.4646  0.6371  0.6134  0.6816  0.6816  0.5155  0.5392  0.6639  0.6113  0.000040
epoch:296 0.6227  0.9379  0.6679  0.5016  0.4623  0.6101  0.6017  0.6658  0.6658  0.5119  0.5328  0.6328  0.6200  0.000040
epoch:297 0.6260  0.9275  0.6710  0.5047  0.4694  0.6044  0.6058  0.6690  0.6690  0.5238  0.5373  0.6291  0.6207  0.000040
epoch:298 0.6286  0.9405  0.6604  0.5007  0.4432  0.6214  0.6048  0.6722  0.6722  0.5155  0.5305  0.6414  0.6287  0.000040
epoch:299 0.6232  0.9095  0.6868  0.5022  0.4600  0.5923  0.5997  0.6641  0.6641  0.5202  0.5246  0.6143  0.6212  0.000040
epoch:300 0.6274  0.9203  0.6794  0.4705  0.4695  0.5970  0.5990  0.6646  0.6646  0.4869  0.5289  0.6185  0.6375  0.000040
epoch:301 0.6193  0.9196  0.6762  0.4979  0.4502  0.5936  0.6007  0.6639  0.6639  0.5190  0.5250  0.6162  0.6460  0.000040
epoch:302 0.6263  0.9374  0.6863  0.4999  0.4617  0.6146  0.6055  0.6715  0.6715  0.5155  0.5372  0.6383  0.6220  0.000040
epoch:303 0.6156  0.9205  0.6653  0.4930  0.4530  0.5880  0.5972  0.6613  0.6613  0.5155  0.5289  0.6127  0.6280  0.000040
epoch:304 0.6204  0.9178  0.6852  0.5086  0.4659  0.5878  0.5941  0.6593  0.6593  0.5202  0.5289  0.6093  0.6334  0.000040
epoch:305 0.6246  0.9368  0.6805  0.5025  0.4664  0.6118  0.6033  0.6689  0.6689  0.5155  0.5368  0.6354  0.6329  0.000040
epoch:306 0.6241  0.9265  0.6865  0.5057  0.4654  0.5999  0.6030  0.6688  0.6688  0.5286  0.5309  0.6253  0.6381  0.000040
epoch:307 0.6294  0.9390  0.6687  0.4937  0.4577  0.6229  0.6077  0.6727  0.6727  0.5060  0.5286  0.6467  0.6310  0.000040
epoch:308 0.6385  0.9265  0.6927  0.5003  0.4755  0.6131  0.6134  0.6774  0.6774  0.5107  0.5440  0.6380  0.6249  0.000040
epoch:309 0.6171  0.9196  0.6643  0.4983  0.4597  0.5919  0.5965  0.6617  0.6617  0.5119  0.5285  0.6158  0.6216  0.000040
epoch:310 0.6246  0.9200  0.6740  0.5003  0.4502  0.6001  0.6039  0.6677  0.6677  0.5107  0.5293  0.6219  0.6495  0.000040
epoch:311 0.6177  0.9206  0.6787  0.4940  0.4548  0.5908  0.5981  0.6619  0.6619  0.5107  0.5230  0.6146  0.6095  0.000040
epoch:312 0.6253  0.9196  0.6620  0.4933  0.4692  0.5955  0.6008  0.6657  0.6657  0.5119  0.5392  0.6164  0.6145  0.000040
epoch:313 0.6159  0.9178  0.6638  0.4595  0.4664  0.5898  0.5929  0.6589  0.6589  0.4738  0.5289  0.6125  0.6354  0.000040
epoch:314 0.6256  0.9274  0.6781  0.5086  0.4632  0.6053  0.6015  0.6675  0.6675  0.5202  0.5293  0.6301  0.6271  0.000040
epoch:315 0.6215  0.9182  0.6631  0.4983  0.4630  0.5951  0.5995  0.6620  0.6620  0.5119  0.5246  0.6169  0.6217  0.000040
epoch:316 0.6212  0.9195  0.6993  0.4713  0.4733  0.5891  0.5989  0.6646  0.6646  0.4821  0.5416  0.6151  0.6310  0.000040
epoch:317 0.6265  0.9367  0.6990  0.5079  0.4505  0.6126  0.6059  0.6706  0.6706  0.5238  0.5313  0.6360  0.6186  0.000040
epoch:318 0.6311  0.9262  0.6800  0.5011  0.4704  0.6061  0.6076  0.6723  0.6723  0.5155  0.5396  0.6285  0.6100  0.000040
epoch:319 0.6174  0.9097  0.6698  0.4942  0.4583  0.5843  0.5916  0.6573  0.6573  0.5071  0.5210  0.6075  0.6178  0.000040
epoch:320 0.6188  0.9201  0.6590  0.4895  0.4624  0.5919  0.5969  0.6613  0.6613  0.5071  0.5270  0.6151  0.6380  0.000040
epoch:321 0.6230  0.9108  0.6677  0.4989  0.4640  0.5893  0.5988  0.6634  0.6634  0.5119  0.5309  0.6126  0.6026  0.000040
epoch:322 0.6245  0.9201  0.6882  0.4994  0.4596  0.5967  0.6012  0.6656  0.6656  0.5238  0.5265  0.6185  0.6155  0.000040
epoch:323 0.6281  0.9274  0.6865  0.5004  0.4693  0.6070  0.6060  0.6698  0.6698  0.5202  0.5416  0.6302  0.6246  0.000040
epoch:324 0.6314  0.9397  0.6777  0.5025  0.4451  0.6248  0.6082  0.6743  0.6743  0.5155  0.5285  0.6443  0.6132  0.000040
epoch:325 0.6320  0.9200  0.6677  0.4600  0.4706  0.6028  0.6041  0.6690  0.6690  0.4821  0.5337  0.6211  0.6290  0.000040
epoch:326 0.6326  0.9405  0.6716  0.4898  0.4454  0.6265  0.6104  0.6753  0.6753  0.5060  0.5270  0.6467  0.6370  0.000040
epoch:327 0.6261  0.9200  0.6891  0.4719  0.4644  0.5963  0.6025  0.6668  0.6668  0.4905  0.5298  0.6185  0.6356  0.000040
epoch:328 0.6211  0.9098  0.6785  0.4622  0.4684  0.5876  0.5940  0.6597  0.6597  0.4738  0.5309  0.6095  0.6215  0.000040
epoch:329 0.6145  0.9214  0.6600  0.4843  0.4453  0.5900  0.5952  0.6590  0.6590  0.5024  0.5182  0.6143  0.6382  0.000040
epoch:330 0.6273  0.9202  0.6821  0.5015  0.4745  0.5967  0.6032  0.6687  0.6687  0.5250  0.5420  0.6188  0.6121  0.000040
epoch:331 0.6219  0.9195  0.6770  0.5025  0.4676  0.5910  0.5976  0.6620  0.6620  0.5155  0.5289  0.6132  0.6089  0.000040
epoch:332 0.6262  0.9188  0.6867  0.5074  0.4641  0.5972  0.6035  0.6666  0.6666  0.5202  0.5293  0.6183  0.6094  0.000040
epoch:333 0.6367  0.9403  0.6756  0.5004  0.4561  0.6502  0.6135  0.6803  0.6803  0.5155  0.5436  0.6702  0.5999  0.000040
epoch:334 0.6325  0.9409  0.6755  0.4933  0.4437  0.6258  0.6107  0.6766  0.6766  0.5107  0.5289  0.6480  0.6217  0.000040
epoch:335 0.6254  0.9203  0.6739  0.4575  0.4650  0.6011  0.5998  0.6673  0.6673  0.4738  0.5293  0.6235  0.6238  0.000040
epoch:336 0.6208  0.9200  0.6637  0.4854  0.4705  0.5914  0.5996  0.6625  0.6625  0.5024  0.5377  0.6143  0.6189  0.000040
epoch:337 0.6288  0.9265  0.6766  0.4992  0.4483  0.6147  0.6059  0.6720  0.6720  0.5107  0.5309  0.6404  0.6118  0.000040
epoch:338 0.6220  0.9201  0.6667  0.4937  0.4718  0.5942  0.5993  0.6622  0.6622  0.5071  0.5270  0.6167  0.6433  0.000040
epoch:339 0.6192  0.9077  0.6716  0.5013  0.4671  0.5851  0.5924  0.6602  0.6602  0.5119  0.5309  0.6077  0.6109  0.000040
epoch:340 0.6293  0.9415  0.6759  0.4970  0.4416  0.6267  0.6090  0.6754  0.6754  0.5107  0.5285  0.6501  0.6217  0.000040
epoch:341 0.6208  0.9202  0.6562  0.4622  0.4629  0.5948  0.5979  0.6620  0.6620  0.4750  0.5333  0.6154  0.6150  0.000040
epoch:342 0.6197  0.9273  0.6698  0.4983  0.4615  0.5951  0.5983  0.6614  0.6614  0.5119  0.5270  0.6193  0.6168  0.000040
epoch:343 0.6275  0.9194  0.6985  0.4999  0.4669  0.6017  0.6011  0.6676  0.6676  0.5119  0.5313  0.6219  0.6058  0.000040
epoch:344 0.6260  0.9199  0.6943  0.4639  0.4679  0.5968  0.6027  0.6678  0.6678  0.4821  0.5341  0.6190  0.6071  0.000040
epoch:345 0.6171  0.9275  0.6535  0.4881  0.4518  0.5972  0.5958  0.6627  0.6627  0.4988  0.5309  0.6222  0.6263  0.000040
epoch:346 0.6300  0.9393  0.6644  0.4867  0.4421  0.6218  0.6080  0.6736  0.6736  0.5024  0.5270  0.6440  0.6317  0.000040
epoch:347 0.6243  0.9201  0.6832  0.5023  0.4721  0.5936  0.6014  0.6658  0.6658  0.5202  0.5317  0.6174  0.6170  0.000040
epoch:348 0.6223  0.9199  0.6819  0.4969  0.4688  0.5943  0.5995  0.6645  0.6645  0.5071  0.5337  0.6169  0.6218  0.000040
epoch:349 0.6337  0.9411  0.6660  0.4947  0.4448  0.6460  0.6117  0.6779  0.6779  0.5107  0.5285  0.6671  0.6215  0.000040
epoch:350 0.6278  0.9389  0.6678  0.4908  0.4537  0.6223  0.6048  0.6707  0.6707  0.5071  0.5309  0.6438  0.6185  0.000040
epoch:351 0.6179  0.9203  0.6688  0.4980  0.4488  0.5914  0.5964  0.6608  0.6608  0.5119  0.5206  0.6148  0.6100  0.000040
epoch:352 0.6241  0.9367  0.6754  0.5056  0.4646  0.6154  0.6030  0.6676  0.6676  0.5202  0.5333  0.6376  0.6268  0.000040
epoch:353 0.6200  0.9267  0.6749  0.5011  0.4501  0.6014  0.6013  0.6660  0.6660  0.5155  0.5328  0.6272  0.5872  0.000040
epoch:354 0.6151  0.9098  0.6536  0.4894  0.4665  0.5830  0.5922  0.6566  0.6566  0.5024  0.5249  0.6043  0.5981  0.000040
epoch:355 0.6281  0.9401  0.7027  0.5128  0.4528  0.6212  0.6057  0.6730  0.6730  0.5238  0.5285  0.6470  0.6321  0.000040
epoch:356 0.6168  0.9194  0.6805  0.4646  0.4568  0.5901  0.5961  0.6620  0.6620  0.4857  0.5225  0.6164  0.6137  0.000040
epoch:357 0.6358  0.9372  0.6844  0.5031  0.4570  0.6270  0.6111  0.6757  0.6757  0.5155  0.5356  0.6460  0.5967  0.000040
epoch:358 0.6273  0.9273  0.6836  0.4971  0.4722  0.6020  0.6059  0.6688  0.6688  0.5190  0.5313  0.6262  0.6239  0.000040
epoch:359 0.6255  0.9198  0.6787  0.5139  0.4661  0.5976  0.6018  0.6665  0.6665  0.5250  0.5309  0.6193  0.6416  0.000040
epoch:360 0.6202  0.9197  0.6685  0.5121  0.4607  0.5914  0.5979  0.6620  0.6620  0.5250  0.5246  0.6146  0.6232  0.000040
epoch:361 0.6185  0.9203  0.6617  0.4879  0.4560  0.5945  0.5974  0.6614  0.6614  0.5071  0.5246  0.6164  0.6258  0.000040
epoch:362 0.6209  0.9199  0.6784  0.4903  0.4754  0.5889  0.5988  0.6640  0.6640  0.5024  0.5361  0.6148  0.6128  0.000040
epoch:363 0.6286  0.9372  0.6612  0.4884  0.4554  0.6172  0.6055  0.6696  0.6696  0.5071  0.5285  0.6383  0.6023  0.000040
epoch:364 0.6183  0.9203  0.6675  0.4852  0.4600  0.5923  0.5932  0.6607  0.6607  0.4988  0.5249  0.6148  0.6124  0.000040
epoch:365 0.6254  0.9268  0.6981  0.4698  0.4637  0.6031  0.6016  0.6680  0.6680  0.4821  0.5333  0.6264  0.6321  0.000040
epoch:366 0.6286  0.9189  0.6877  0.4987  0.4470  0.6035  0.6062  0.6706  0.6706  0.5155  0.5313  0.6240  0.6075  0.000040
epoch:367 0.6229  0.9194  0.6883  0.4866  0.4569  0.5968  0.6022  0.6653  0.6653  0.5060  0.5313  0.6178  0.6157  0.000040
epoch:368 0.6215  0.9273  0.6773  0.4982  0.4557  0.5980  0.6013  0.6656  0.6656  0.5155  0.5289  0.6233  0.6089  0.000040
epoch:369 0.6206  0.9204  0.6601  0.4912  0.4656  0.5900  0.5997  0.6622  0.6622  0.5071  0.5289  0.6148  0.5988  0.000040
epoch:370 0.6165  0.9103  0.6580  0.4911  0.4578  0.5868  0.5949  0.6586  0.6586  0.5036  0.5265  0.6087  0.6056  0.000040
epoch:371 0.6237  0.9264  0.6842  0.5085  0.4557  0.6034  0.6030  0.6656  0.6656  0.5238  0.5289  0.6273  0.6119  0.000040
epoch:372 0.6195  0.9196  0.6696  0.4936  0.4689  0.5922  0.5981  0.6631  0.6631  0.5071  0.5396  0.6143  0.6194  0.000040
epoch:373 0.6170  0.9204  0.6678  0.4616  0.4601  0.5894  0.5984  0.6636  0.6636  0.4821  0.5333  0.6164  0.6121  0.000040
epoch:374 0.6160  0.8939  0.6574  0.4864  0.4642  0.5846  0.5923  0.6567  0.6567  0.4988  0.5265  0.6064  0.6128  0.000040
epoch:375 0.6213  0.9264  0.6772  0.5100  0.4605  0.5982  0.6024  0.6658  0.6658  0.5250  0.5309  0.6230  0.6060  0.000040
epoch:376 0.6162  0.9196  0.6734  0.4969  0.4578  0.5901  0.5944  0.6597  0.6597  0.5071  0.5225  0.6135  0.6283  0.000040
epoch:377 0.6314  0.9203  0.6665  0.5075  0.4674  0.5996  0.6025  0.6695  0.6695  0.5202  0.5412  0.6208  0.5981  0.000040
epoch:378 0.6224  0.9198  0.6986  0.4964  0.4663  0.5967  0.5999  0.6648  0.6648  0.5107  0.5274  0.6180  0.6124  0.000040
epoch:379 0.6217  0.9203  0.6808  0.4675  0.4617  0.5923  0.5991  0.6628  0.6628  0.4821  0.5333  0.6135  0.6210  0.000040
epoch:380 0.6232  0.9181  0.6814  0.4969  0.4625  0.5953  0.6011  0.6643  0.6643  0.5071  0.5313  0.6164  0.6200  0.000040
epoch:381 0.6326  0.9415  0.6631  0.4976  0.4508  0.6284  0.6073  0.6742  0.6742  0.5071  0.5309  0.6488  0.5977  0.000040
epoch:382 0.6164  0.9103  0.6547  0.5028  0.4658  0.5804  0.5917  0.6577  0.6577  0.5202  0.5225  0.6034  0.6215  0.000040
epoch:383 0.6269  0.9204  0.6654  0.4854  0.4591  0.6012  0.6031  0.6681  0.6681  0.5024  0.5333  0.6219  0.6091  0.000040
epoch:384 0.6224  0.9265  0.6741  0.5052  0.4497  0.6100  0.6043  0.6700  0.6700  0.5286  0.5270  0.6370  0.6279  0.000040
epoch:385 0.6205  0.9199  0.6824  0.5011  0.4647  0.5944  0.5995  0.6639  0.6639  0.5155  0.5285  0.6167  0.6113  0.000040
epoch:386 0.6334  0.9262  0.7012  0.5181  0.4454  0.6120  0.6101  0.6764  0.6764  0.5286  0.5333  0.6335  0.6101  0.000040
epoch:387 0.6214  0.9199  0.6607  0.4985  0.4486  0.5976  0.5999  0.6649  0.6649  0.5250  0.5182  0.6198  0.6128  0.000040
epoch:388 0.6195  0.9264  0.6595  0.4952  0.4601  0.5951  0.5996  0.6621  0.6621  0.5119  0.5289  0.6193  0.6071  0.000040
epoch:389 0.6192  0.9271  0.6586  0.4952  0.4574  0.6035  0.6002  0.6637  0.6637  0.5119  0.5265  0.6278  0.6085  0.000040
epoch:390 0.6226  0.9197  0.6849  0.4916  0.4657  0.5952  0.6004  0.6647  0.6647  0.5071  0.5337  0.6166  0.6208  0.000040
epoch:391 0.6305  0.9287  0.6785  0.4884  0.4643  0.6067  0.6059  0.6718  0.6718  0.5071  0.5337  0.6305  0.6331  0.000040
epoch:392 0.6140  0.9101  0.6502  0.4822  0.4564  0.5846  0.5933  0.6590  0.6590  0.4940  0.5225  0.6105  0.6064  0.000040
epoch:393 0.6198  0.9265  0.6738  0.4950  0.4498  0.6081  0.6032  0.6670  0.6670  0.5107  0.5289  0.6346  0.6292  0.000040
epoch:394 0.6265  0.9366  0.6825  0.5031  0.4492  0.6221  0.6065  0.6716  0.6716  0.5155  0.5289  0.6497  0.6077  0.000040
epoch:395 0.6223  0.9196  0.6766  0.4972  0.4627  0.5978  0.6002  0.6657  0.6657  0.5119  0.5309  0.6200  0.6187  0.000040
epoch:396 0.6302  0.9266  0.6881  0.4982  0.4541  0.6115  0.6083  0.6742  0.6742  0.5155  0.5249  0.6343  0.6083  0.000040
epoch:397 0.6244  0.9272  0.6728  0.4887  0.4600  0.5983  0.6007  0.6657  0.6657  0.5024  0.5337  0.6230  0.6061  0.000040
epoch:398 0.6211  0.9266  0.6637  0.4950  0.4516  0.6015  0.6017  0.6669  0.6669  0.5119  0.5309  0.6256  0.5894  0.000040
epoch:399 0.6227  0.9265  0.6580  0.4950  0.4481  0.6094  0.6029  0.6666  0.6666  0.5119  0.5186  0.6357  0.6053  0.000040
epoch:400 0.6245  0.9193  0.6899  0.5044  0.4736  0.5960  0.5996  0.6668  0.6668  0.5286  0.5333  0.6177  0.6079  0.000040
epoch:401 0.6149  0.9263  0.6627  0.4960  0.4354  0.5961  0.5976  0.6626  0.6626  0.5119  0.5309  0.6204  0.6169  0.000040
epoch:402 0.6222  0.9280  0.6569  0.4913  0.4601  0.6062  0.5997  0.6653  0.6653  0.4988  0.5289  0.6306  0.6273  0.000040
epoch:403 0.6177  0.9195  0.6653  0.4846  0.4681  0.5905  0.5931  0.6590  0.6590  0.4940  0.5249  0.6130  0.5972  0.000040
epoch:404 0.6190  0.9204  0.6761  0.5031  0.4583  0.5900  0.5991  0.6641  0.6641  0.5155  0.5333  0.6156  0.6226  0.000040
epoch:405 0.6188  0.9203  0.6856  0.4998  0.4522  0.5935  0.5993  0.6637  0.6637  0.5155  0.5254  0.6156  0.5936  0.000040
epoch:406 0.6217  0.9273  0.6617  0.4884  0.4498  0.6030  0.6016  0.6662  0.6662  0.5071  0.5270  0.6267  0.6091  0.000040
epoch:407 0.6208  0.9096  0.6791  0.5017  0.4634  0.5893  0.5989  0.6635  0.6635  0.5155  0.5313  0.6106  0.6090  0.000040
epoch:408 0.6197  0.9102  0.6619  0.4929  0.4676  0.5871  0.5953  0.6614  0.6614  0.5071  0.5249  0.6103  0.6115  0.000040
epoch:409 0.6195  0.9266  0.6687  0.4911  0.4615  0.5981  0.5974  0.6624  0.6624  0.5036  0.5289  0.6217  0.6142  0.000040
epoch:410 0.6235  0.9207  0.6606  0.4963  0.4468  0.6016  0.6012  0.6669  0.6669  0.5071  0.5265  0.6224  0.6149  0.000040
epoch:411 0.6330  0.9390  0.6820  0.4970  0.4442  0.6309  0.6097  0.6771  0.6771  0.5060  0.5289  0.6528  0.6189  0.000040
epoch:412 0.6311  0.9373  0.6906  0.5182  0.4631  0.6278  0.6080  0.6746  0.6746  0.5286  0.5309  0.6516  0.6031  0.000040
epoch:413 0.6371  0.9397  0.6950  0.5102  0.4512  0.6368  0.6137  0.6809  0.6809  0.5238  0.5293  0.6594  0.5912  0.000040
epoch:414 0.6146  0.9203  0.6580  0.4888  0.4280  0.5965  0.5962  0.6606  0.6606  0.5071  0.5158  0.6172  0.5911  0.000040
epoch:415 0.6278  0.9403  0.6739  0.4970  0.4495  0.6147  0.6044  0.6706  0.6706  0.5060  0.5305  0.6356  0.6200  0.000040
epoch:416 0.6210  0.9272  0.6570  0.4822  0.4606  0.6002  0.5995  0.6639  0.6639  0.4976  0.5270  0.6240  0.6102  0.000040
epoch:417 0.6153  0.9089  0.6625  0.4916  0.4576  0.5852  0.5951  0.6588  0.6588  0.5071  0.5265  0.6072  0.6043  0.000040
epoch:418 0.6542  0.9387  0.7056  0.5031  0.4604  0.6501  0.6308  0.6962  0.6962  0.5155  0.5420  0.6721  0.6087  0.000040
epoch:419 0.6193  0.9176  0.6737  0.5013  0.4553  0.5938  0.5937  0.6609  0.6609  0.5119  0.5202  0.6151  0.5866  0.000040
epoch:420 0.6273  0.9194  0.6822  0.4908  0.4722  0.5987  0.5995  0.6661  0.6661  0.5024  0.5273  0.6203  0.6299  0.000040
epoch:421 0.6239  0.9194  0.7015  0.4996  0.4697  0.5969  0.6011  0.6667  0.6667  0.5155  0.5317  0.6190  0.6181  0.000040
epoch:422 0.6289  0.9297  0.6669  0.4904  0.4556  0.6115  0.6047  0.6712  0.6712  0.5024  0.5333  0.6351  0.6222  0.000040
epoch:423 0.6219  0.9198  0.6681  0.4952  0.4570  0.5981  0.6012  0.6659  0.6659  0.5119  0.5313  0.6196  0.6159  0.000040
epoch:424 0.6302  0.9405  0.6719  0.4970  0.4490  0.6230  0.6071  0.6733  0.6733  0.5107  0.5265  0.6443  0.5874  0.000040
epoch:425 0.6203  0.9192  0.6682  0.4927  0.4586  0.5943  0.6013  0.6660  0.6660  0.5155  0.5356  0.6166  0.6043  0.000040
epoch:426 0.6182  0.9179  0.6443  0.4897  0.4673  0.5870  0.5950  0.6612  0.6612  0.5036  0.5297  0.6125  0.5891  0.000040
epoch:427 0.6202  0.9371  0.6582  0.4908  0.4500  0.6115  0.5997  0.6668  0.6668  0.5071  0.5289  0.6349  0.5977  0.000040
epoch:428 0.6204  0.9188  0.6666  0.4850  0.4662  0.5966  0.5988  0.6635  0.6635  0.5024  0.5285  0.6177  0.6111  0.000040
epoch:429 0.6247  0.9265  0.6806  0.4999  0.4539  0.6084  0.6054  0.6694  0.6694  0.5155  0.5289  0.6328  0.6049  0.000040
epoch:430 0.6256  0.9198  0.6777  0.5038  0.4637  0.6006  0.6034  0.6677  0.6677  0.5167  0.5313  0.6227  0.6040  0.000040
epoch:431 0.6223  0.9185  0.6775  0.4091  0.4658  0.5947  0.6027  0.6665  0.6665  0.5060  0.5420  0.6161  0.6024  0.000040
epoch:432 0.6186  0.9192  0.6627  0.4904  0.4447  0.5967  0.5997  0.6626  0.6626  0.5071  0.5206  0.6180  0.5892  0.000040
epoch:433 0.6375  0.9384  0.6651  0.4891  0.4655  0.6336  0.6112  0.6758  0.6758  0.5024  0.5313  0.6539  0.6106  0.000040
epoch:434 0.6198  0.9078  0.6757  0.4840  0.4748  0.5856  0.5953  0.6612  0.6612  0.5024  0.5356  0.6072  0.6100  0.000040
epoch:435 0.6330  0.9274  0.6930  0.5031  0.4541  0.6104  0.6091  0.6740  0.6740  0.5155  0.5356  0.6306  0.6028  0.000040
epoch:436 0.6205  0.9265  0.6554  0.4879  0.4590  0.6033  0.6012  0.6649  0.6649  0.5071  0.5313  0.6272  0.6270  0.000040
epoch:437 0.6042  0.9071  0.6394  0.4008  0.4531  0.5710  0.5787  0.6458  0.6458  0.4821  0.5104  0.5940  0.6017  0.000040
epoch:438 0.6205  0.9199  0.6633  0.4809  0.4531  0.5953  0.5991  0.6647  0.6647  0.4976  0.5337  0.6172  0.6081  0.000040
epoch:439 0.6195  0.9200  0.6587  0.4928  0.4506  0.5942  0.5987  0.6624  0.6624  0.5071  0.5230  0.6167  0.6050  0.000040
epoch:440 0.6173  0.9199  0.6561  0.4846  0.4475  0.5940  0.5963  0.6609  0.6609  0.4988  0.5225  0.6161  0.5986  0.000040
epoch:441 0.6202  0.9198  0.6556  0.4911  0.4564  0.5975  0.5991  0.6620  0.6620  0.5036  0.5246  0.6188  0.5976  0.000040
epoch:442 0.6221  0.9266  0.6733  0.4891  0.4458  0.6116  0.6022  0.6682  0.6682  0.5024  0.5270  0.6373  0.6108  0.000040
epoch:443 0.6240  0.9265  0.6756  0.5003  0.4613  0.6063  0.6052  0.6671  0.6671  0.5107  0.5289  0.6296  0.5916  0.000040
epoch:444 0.6202  0.9200  0.6739  0.4562  0.4539  0.5949  0.5971  0.6630  0.6630  0.4738  0.5249  0.6174  0.6099  0.000040
epoch:445 0.6253  0.9197  0.6902  0.5056  0.4656  0.5977  0.6026  0.6679  0.6679  0.5202  0.5337  0.6201  0.6069  0.000040
epoch:446 0.6193  0.9099  0.6645  0.4994  0.4783  0.5834  0.5950  0.6619  0.6619  0.5119  0.5333  0.6095  0.6048  0.000040
epoch:447 0.6197  0.9201  0.6699  0.4886  0.4699  0.5959  0.5986  0.6639  0.6639  0.4988  0.5309  0.6185  0.6183  0.000040
epoch:448 0.6229  0.9177  0.6674  0.4930  0.4727  0.5915  0.5963  0.6613  0.6613  0.5036  0.5333  0.6130  0.6239  0.000040
epoch:449 0.6206  0.9188  0.6681  0.4955  0.4671  0.5927  0.5985  0.6617  0.6617  0.5071  0.5289  0.6146  0.5916  0.000040
epoch:450 0.6250  0.9198  0.6939  0.4184  0.4674  0.5949  0.6021  0.6667  0.6667  0.5155  0.5356  0.6171  0.6102  0.000040
epoch:451 0.6297  0.9203  0.6953  0.5200  0.4752  0.5960  0.6028  0.6691  0.6691  0.5369  0.5356  0.6182  0.6139  0.000040
epoch:452 0.6176  0.9097  0.6598  0.4603  0.4656  0.5865  0.5939  0.6588  0.6588  0.4738  0.5230  0.6085  0.6059  0.000040
epoch:453 0.6201  0.9197  0.6619  0.4453  0.4609  0.5957  0.5954  0.6616  0.6616  0.4607  0.5273  0.6169  0.5950  0.000040
epoch:454 0.6300  0.9358  0.6649  0.4905  0.4595  0.6161  0.6078  0.6725  0.6725  0.5071  0.5373  0.6356  0.6144  0.000040
epoch:455 0.6265  0.9264  0.6745  0.4150  0.4702  0.6011  0.6058  0.6689  0.6689  0.5107  0.5416  0.6251  0.5877  0.000040
epoch:456 0.6200  0.9267  0.6672  0.5021  0.4484  0.6073  0.6019  0.6656  0.6656  0.5202  0.5265  0.6333  0.6077  0.000040
epoch:457 0.6214  0.9177  0.6683  0.4827  0.4674  0.5943  0.6005  0.6649  0.6649  0.5024  0.5313  0.6193  0.6020  0.000040
epoch:458 0.6220  0.9192  0.6792  0.4922  0.4715  0.5919  0.5991  0.6638  0.6638  0.5071  0.5356  0.6146  0.6103  0.000040
epoch:459 0.6185  0.9201  0.6569  0.4920  0.4440  0.5952  0.5980  0.6623  0.6623  0.5119  0.5225  0.6164  0.5912  0.000040
epoch:460 0.6193  0.9107  0.6745  0.4850  0.4489  0.5862  0.5978  0.6629  0.6629  0.5024  0.5254  0.6119  0.6132  0.000040
epoch:461 0.6263  0.9193  0.6712  0.4915  0.4480  0.6030  0.6047  0.6700  0.6700  0.5071  0.5313  0.6235  0.6196  0.000040
epoch:462 0.6336  0.9244  0.6721  0.5028  0.4628  0.6080  0.6053  0.6730  0.6730  0.5202  0.5440  0.6290  0.6168  0.000040
epoch:463 0.6282  0.9196  0.6919  0.5046  0.4725  0.6009  0.6034  0.6687  0.6687  0.5155  0.5352  0.6222  0.6187  0.000040
epoch:464 0.6292  0.9266  0.6945  0.4926  0.4544  0.6092  0.6087  0.6727  0.6727  0.5143  0.5313  0.6357  0.6194  0.000040
epoch:465 0.6217  0.9198  0.6761  0.4853  0.4760  0.5949  0.5978  0.6635  0.6635  0.4988  0.5432  0.6185  0.6163  0.000040
epoch:466 0.6183  0.9198  0.6776  0.4865  0.4496  0.5946  0.6011  0.6645  0.6645  0.5024  0.5234  0.6198  0.6170  0.000040
epoch:467 0.6370  0.9406  0.6784  0.5048  0.4576  0.6260  0.6080  0.6760  0.6760  0.5155  0.5309  0.6459  0.6085  0.000040
epoch:468 0.6239  0.9204  0.6620  0.4834  0.4674  0.5977  0.5988  0.6635  0.6635  0.5024  0.5265  0.6196  0.5947  0.000040
epoch:469 0.6362  0.9424  0.6746  0.5163  0.4477  0.6398  0.6115  0.6788  0.6788  0.5286  0.5368  0.6602  0.5960  0.000040
epoch:470 0.6162  0.9096  0.6582  0.4981  0.4644  0.5835  0.5916  0.6576  0.6576  0.5119  0.5225  0.6058  0.6094  0.000040
epoch:471 0.6239  0.9264  0.6720  0.4877  0.4707  0.5997  0.6016  0.6665  0.6665  0.5024  0.5333  0.6235  0.6031  0.000040
epoch:472 0.6240  0.9198  0.6905  0.4584  0.4545  0.6000  0.5993  0.6642  0.6642  0.4690  0.5210  0.6209  0.6118  0.000040
epoch:473 0.6248  0.9265  0.6807  0.4953  0.4486  0.6050  0.6032  0.6686  0.6686  0.5107  0.5289  0.6281  0.6009  0.000040
epoch:474 0.6269  0.9396  0.6535  0.4905  0.4381  0.6275  0.6061  0.6732  0.6732  0.4988  0.5270  0.6512  0.6004  0.000040
epoch:475 0.6253  0.9194  0.6782  0.4053  0.4778  0.6001  0.6008  0.6656  0.6656  0.4988  0.5333  0.6206  0.5779  0.000040
epoch:476 0.6222  0.9193  0.6830  0.4057  0.4794  0.5942  0.5990  0.6640  0.6640  0.5024  0.5376  0.6156  0.5913  0.000040
epoch:477 0.6180  0.9172  0.6616  0.4891  0.4725  0.5854  0.5909  0.6569  0.6569  0.5071  0.5249  0.6080  0.6066  0.000040
epoch:478 0.6200  0.9203  0.6907  0.5069  0.4625  0.5889  0.5994  0.6643  0.6643  0.5202  0.5309  0.6159  0.5858  0.000040
epoch:479 0.6207  0.9203  0.6575  0.4886  0.4551  0.5941  0.5980  0.6602  0.6602  0.4988  0.5206  0.6161  0.6192  0.000040
epoch:480 0.6229  0.9202  0.6644  0.4886  0.4696  0.5970  0.5978  0.6630  0.6630  0.4988  0.5328  0.6185  0.5963  0.000040
epoch:481 0.6225  0.9173  0.6716  0.4957  0.4759  0.5912  0.5983  0.6645  0.6645  0.5155  0.5273  0.6159  0.6215  0.000040
epoch:482 0.6380  0.9397  0.6966  0.5050  0.4597  0.6254  0.6092  0.6775  0.6775  0.5143  0.5313  0.6462  0.6112  0.000040
epoch:483 0.6280  0.9273  0.6691  0.4983  0.4700  0.6029  0.6017  0.6673  0.6673  0.5119  0.5249  0.6264  0.6057  0.000040
epoch:484 0.6391  0.9275  0.7033  0.5031  0.4758  0.6123  0.6104  0.6757  0.6757  0.5190  0.5356  0.6329  0.6033  0.000040
epoch:485 0.6350  0.9277  0.6853  0.4904  0.4580  0.6180  0.6092  0.6749  0.6749  0.5060  0.5328  0.6393  0.6160  0.000040
epoch:486 0.6196  0.9097  0.6535  0.4828  0.4681  0.5871  0.5930  0.6577  0.6577  0.5024  0.5142  0.6082  0.6144  0.000040
epoch:487 0.6266  0.9274  0.6754  0.5031  0.4491  0.6059  0.6017  0.6681  0.6681  0.5155  0.5225  0.6269  0.6155  0.000040
epoch:488 0.6251  0.9263  0.6712  0.4506  0.4821  0.6017  0.5967  0.6646  0.6646  0.4607  0.5352  0.6256  0.6004  0.000040
epoch:489 0.6266  0.9268  0.6962  0.4946  0.4644  0.6044  0.6045  0.6706  0.6706  0.5143  0.5333  0.6280  0.6277  0.000040
epoch:490 0.6269  0.9373  0.7015  0.5073  0.4581  0.6144  0.6038  0.6706  0.6706  0.5190  0.5309  0.6380  0.5987  0.000040
epoch:491 0.6242  0.9193  0.6802  0.4185  0.4669  0.5953  0.6015  0.6661  0.6661  0.5238  0.5293  0.6167  0.5964  0.000040
epoch:492 0.6253  0.9248  0.6811  0.4915  0.4574  0.6044  0.6020  0.6679  0.6679  0.5155  0.5225  0.6267  0.5870  0.000040
epoch:493 0.6371  0.9374  0.7084  0.5056  0.4502  0.6316  0.6129  0.6786  0.6786  0.5190  0.5230  0.6525  0.6157  0.000040
epoch:494 0.6228  0.9205  0.6840  0.4883  0.4680  0.5944  0.5964  0.6634  0.6634  0.5036  0.5313  0.6180  0.5923  0.000040
epoch:495 0.6408  0.9397  0.6907  0.5025  0.4645  0.6476  0.6135  0.6808  0.6808  0.5155  0.5333  0.6684  0.5997  0.000040
epoch:496 0.6191  0.9192  0.6550  0.4911  0.4728  0.5902  0.5951  0.6619  0.6619  0.5036  0.5249  0.6164  0.6039  0.000040
epoch:497 0.6266  0.9260  0.6944  0.4920  0.4737  0.6078  0.6031  0.6678  0.6678  0.5107  0.5392  0.6344  0.6033  0.000040
epoch:498 0.6329  0.9283  0.6880  0.5003  0.4560  0.6154  0.6059  0.6715  0.6715  0.5155  0.5202  0.6372  0.6018  0.000040
epoch:499 0.6194  0.9190  0.6608  0.4876  0.4719  0.5904  0.5929  0.6589  0.6589  0.4988  0.5230  0.6119  0.6192  0.000040
epoch:500 0.6353  0.9414  0.6802  0.5057  0.4521  0.6264  0.6071  0.6741  0.6741  0.5190  0.5265  0.6485  0.5943  0.000040
