epoch:501 0.6190  0.9206  0.6750  0.4685  0.4515  0.5885  0.5993  0.6618  0.6618  0.4774  0.5250  0.6164  0.5958  0.000040
epoch:502 0.6246  0.9204  0.6929  0.4996  0.4672  0.5969  0.5991  0.6656  0.6656  0.5155  0.5249  0.6188  0.6153  0.000040
epoch:503 0.6377  0.9415  0.6926  0.5057  0.4631  0.6265  0.6110  0.6770  0.6770  0.5190  0.5328  0.6491  0.5917  0.000040
epoch:504 0.6341  0.9415  0.6711  0.5089  0.4552  0.6343  0.6096  0.6763  0.6763  0.5250  0.5328  0.6543  0.5852  0.000040
epoch:505 0.6185  0.9096  0.6652  0.4117  0.4699  0.5838  0.5918  0.6578  0.6578  0.5155  0.5225  0.6055  0.6110  0.000040
epoch:506 0.6296  0.9177  0.6699  0.5007  0.4323  0.6355  0.6110  0.6769  0.6769  0.5155  0.5265  0.6575  0.6122  0.000040
epoch:507 0.6380  0.9274  0.6942  0.5052  0.4557  0.6196  0.6085  0.6747  0.6747  0.5155  0.5289  0.6396  0.6114  0.000040
epoch:508 0.6289  0.9374  0.6968  0.5102  0.4544  0.6347  0.6073  0.6716  0.6716  0.5238  0.5190  0.6574  0.5934  0.000040
epoch:509 0.6363  0.9276  0.6790  0.4933  0.4722  0.6113  0.6077  0.6745  0.6745  0.5155  0.5333  0.6329  0.5916  0.000040
epoch:510 0.6203  0.9280  0.6646  0.4921  0.4569  0.6015  0.6005  0.6633  0.6633  0.5024  0.5285  0.6275  0.5982  0.000040
epoch:511 0.6342  0.9276  0.6923  0.5008  0.4820  0.6072  0.6069  0.6711  0.6711  0.5155  0.5333  0.6282  0.5697  0.000040
epoch:512 0.6246  0.9202  0.6888  0.4551  0.4806  0.5955  0.5998  0.6652  0.6652  0.4643  0.5380  0.6170  0.6061  0.000040
epoch:513 0.6239  0.9203  0.6732  0.4916  0.4663  0.5969  0.5993  0.6646  0.6646  0.5071  0.5270  0.6206  0.5995  0.000040
epoch:514 0.6369  0.9414  0.6799  0.5073  0.4637  0.6528  0.6134  0.6815  0.6815  0.5190  0.5305  0.6758  0.6119  0.000040
epoch:515 0.6376  0.9266  0.6987  0.5031  0.4703  0.6131  0.6121  0.6781  0.6781  0.5155  0.5333  0.6356  0.6000  0.000040
epoch:516 0.6243  0.9202  0.6869  0.4608  0.4761  0.5986  0.5981  0.6637  0.6637  0.4738  0.5289  0.6206  0.6237  0.000040
epoch:517 0.6202  0.9204  0.6651  0.4888  0.4512  0.5947  0.5976  0.6620  0.6620  0.5071  0.5186  0.6175  0.5825  0.000040
epoch:518 0.6162  0.9196  0.6651  0.4891  0.4469  0.5929  0.5994  0.6626  0.6626  0.5024  0.5225  0.6180  0.5880  0.000040
epoch:519 0.6336  0.9399  0.6634  0.4932  0.4557  0.6250  0.6105  0.6760  0.6760  0.5155  0.5333  0.6485  0.5888  0.000040
epoch:520 0.6229  0.9199  0.6914  0.4906  0.4842  0.5896  0.5997  0.6644  0.6644  0.5024  0.5356  0.6161  0.6090  0.000040
epoch:521 0.6205  0.9201  0.6748  0.4936  0.4762  0.5934  0.5974  0.6637  0.6637  0.5119  0.5333  0.6161  0.5777  0.000040
epoch:522 0.6197  0.9199  0.6700  0.4808  0.4832  0.5889  0.5998  0.6620  0.6620  0.4940  0.5356  0.6143  0.6048  0.000040
epoch:523 0.6159  0.9080  0.6604  0.4917  0.4638  0.5792  0.5922  0.6581  0.6581  0.5071  0.5230  0.6056  0.6080  0.000040
epoch:524 0.6327  0.9373  0.6842  0.4779  0.4629  0.6212  0.6111  0.6754  0.6754  0.5155  0.5356  0.6454  0.6134  0.000040
epoch:525 0.6242  0.9269  0.6956  0.4999  0.4600  0.5989  0.6008  0.6689  0.6689  0.5155  0.5254  0.6270  0.6241  0.000040
epoch:526 0.6268  0.9268  0.6800  0.4116  0.4680  0.6050  0.5996  0.6668  0.6668  0.5071  0.5225  0.6272  0.6130  0.000040
epoch:527 0.6191  0.9201  0.6744  0.4576  0.4736  0.5933  0.5922  0.6600  0.6600  0.4738  0.5309  0.6153  0.6041  0.000040
epoch:528 0.6374  0.9289  0.6984  0.5098  0.4583  0.6127  0.6108  0.6772  0.6772  0.5190  0.5380  0.6353  0.6071  0.000040
epoch:529 0.6176  0.9204  0.6758  0.4511  0.4534  0.5884  0.5973  0.6614  0.6614  0.4726  0.5202  0.6167  0.5887  0.000040
epoch:530 0.6315  0.9205  0.6953  0.4850  0.4770  0.6017  0.6056  0.6700  0.6700  0.5024  0.5373  0.6237  0.6171  0.000040
epoch:531 0.6279  0.9265  0.6786  0.4130  0.4797  0.6035  0.6008  0.6660  0.6660  0.5071  0.5289  0.6264  0.6079  0.000040
epoch:532 0.6164  0.9102  0.6705  0.4928  0.4728  0.5831  0.5957  0.6598  0.6598  0.5071  0.5289  0.6087  0.5876  0.000040
epoch:533 0.6373  0.9266  0.6955  0.5003  0.4624  0.6148  0.6098  0.6765  0.6765  0.5107  0.5380  0.6386  0.6173  0.000040
epoch:534 0.6203  0.9273  0.6599  0.4704  0.4515  0.6029  0.5984  0.6618  0.6618  0.4893  0.5182  0.6288  0.5982  0.000040
epoch:535 0.6245  0.9256  0.6900  0.4888  0.4649  0.5988  0.6037  0.6682  0.6682  0.5071  0.5401  0.6251  0.6095  0.000040
epoch:536 0.6375  0.9293  0.7166  0.5031  0.4665  0.6144  0.6080  0.6757  0.6757  0.5190  0.5230  0.6356  0.6077  0.000040
epoch:537 0.6332  0.9416  0.6869  0.5090  0.4516  0.6295  0.6120  0.6784  0.6784  0.5238  0.5309  0.6559  0.6102  0.000040
epoch:538 0.6229  0.9202  0.6864  0.5052  0.4491  0.5947  0.6021  0.6656  0.6656  0.5155  0.5249  0.6188  0.6014  0.000040
epoch:539 0.6203  0.9199  0.6854  0.4770  0.4658  0.5986  0.5964  0.6613  0.6613  0.4893  0.5202  0.6198  0.6020  0.000040
epoch:540 0.6399  0.9263  0.7287  0.5083  0.4713  0.6172  0.6137  0.6781  0.6781  0.5190  0.5352  0.6375  0.5989  0.000040
epoch:541 0.6340  0.9406  0.6716  0.5046  0.4642  0.6405  0.6104  0.6800  0.6800  0.5155  0.5324  0.6655  0.6021  0.000040
epoch:542 0.6371  0.9374  0.6846  0.5065  0.4639  0.6296  0.6124  0.6773  0.6773  0.5202  0.5289  0.6539  0.5863  0.000040
epoch:543 0.6257  0.9275  0.6748  0.4919  0.4792  0.6007  0.6005  0.6657  0.6657  0.5071  0.5289  0.6259  0.5828  0.000040
epoch:544 0.6225  0.9036  0.6761  0.4846  0.4699  0.5959  0.5948  0.6605  0.6605  0.4940  0.5202  0.6164  0.5842  0.000040
epoch:545 0.6190  0.9204  0.6733  0.4907  0.4458  0.5947  0.5979  0.6616  0.6616  0.5071  0.5206  0.6174  0.5832  0.000040
epoch:546 0.6209  0.9102  0.6702  0.4869  0.4682  0.5863  0.5996  0.6640  0.6640  0.5107  0.5289  0.6137  0.6121  0.000040
epoch:547 0.6271  0.9276  0.6835  0.4904  0.4590  0.6058  0.6057  0.6713  0.6713  0.5060  0.5356  0.6309  0.5990  0.000040
epoch:548 0.6195  0.9205  0.6629  0.4852  0.4747  0.5940  0.6001  0.6649  0.6649  0.4988  0.5333  0.6201  0.5981  0.000040
epoch:549 0.6364  0.9375  0.6739  0.4969  0.4690  0.6253  0.6108  0.6736  0.6736  0.5071  0.5249  0.6472  0.6103  0.000040
epoch:550 0.6256  0.9269  0.6735  0.4942  0.4673  0.6040  0.6018  0.6664  0.6664  0.5036  0.5249  0.6277  0.5755  0.000040
epoch:551 0.6397  0.9398  0.7014  0.5028  0.4613  0.6335  0.6135  0.6817  0.6817  0.5143  0.5356  0.6591  0.5961  0.000040
epoch:552 0.6214  0.9178  0.6698  0.4986  0.4733  0.5919  0.5989  0.6655  0.6655  0.5155  0.5273  0.6177  0.6040  0.000040
epoch:553 0.6239  0.9178  0.6770  0.3848  0.4880  0.5933  0.5999  0.6662  0.6662  0.5071  0.5333  0.6185  0.5881  0.000040
epoch:554 0.6181  0.9173  0.6525  0.4042  0.4695  0.5890  0.5907  0.6579  0.6579  0.4988  0.5225  0.6114  0.5778  0.000040
epoch:555 0.6212  0.9194  0.6766  0.4921  0.4804  0.5906  0.5985  0.6638  0.6638  0.5024  0.5313  0.6172  0.5894  0.000040
epoch:556 0.6294  0.9275  0.7026  0.5163  0.4704  0.6003  0.6050  0.6700  0.6700  0.5321  0.5277  0.6256  0.6037  0.000040
epoch:557 0.6303  0.9200  0.6858  0.4917  0.4584  0.6053  0.6053  0.6703  0.6703  0.5060  0.5285  0.6261  0.5941  0.000040
epoch:558 0.6199  0.9082  0.6803  0.4132  0.4682  0.5843  0.5959  0.6620  0.6620  0.5202  0.5249  0.6098  0.5883  0.000040
epoch:559 0.6238  0.9253  0.6694  0.4930  0.4716  0.5985  0.5967  0.6635  0.6635  0.5036  0.5249  0.6219  0.6061  0.000040
epoch:560 0.6340  0.9275  0.6834  0.4864  0.4637  0.6153  0.6053  0.6724  0.6724  0.5024  0.5206  0.6356  0.5957  0.000040
epoch:561 0.6353  0.9275  0.6807  0.4928  0.4553  0.6147  0.6082  0.6742  0.6742  0.5071  0.5309  0.6353  0.6016  0.000040
epoch:562 0.6341  0.9178  0.6561  0.4930  0.4643  0.6059  0.6111  0.6780  0.6780  0.5036  0.5309  0.6312  0.6142  0.000040
epoch:563 0.6370  0.9373  0.6819  0.5011  0.4706  0.6232  0.6082  0.6735  0.6735  0.5155  0.5249  0.6415  0.6010  0.000040
epoch:564 0.6320  0.9379  0.6749  0.4895  0.4578  0.6180  0.6108  0.6756  0.6756  0.5060  0.5361  0.6417  0.5990  0.000040
epoch:565 0.6384  0.9412  0.6943  0.5073  0.4427  0.6489  0.6147  0.6822  0.6822  0.5190  0.5328  0.6707  0.5792  0.000040
epoch:566 0.6355  0.9275  0.6951  0.5004  0.4711  0.6130  0.6105  0.6764  0.6764  0.5190  0.5356  0.6370  0.6076  0.000040
epoch:567 0.6238  0.9200  0.6861  0.5017  0.4772  0.5913  0.5989  0.6651  0.6651  0.5155  0.5273  0.6169  0.5931  0.000040
epoch:568 0.6318  0.9417  0.6760  0.5067  0.4596  0.6352  0.6114  0.6760  0.6760  0.5238  0.5265  0.6604  0.6047  0.000040
epoch:569 0.6352  0.9374  0.6794  0.4922  0.4627  0.6382  0.6093  0.6743  0.6743  0.5071  0.5269  0.6571  0.5996  0.000040
epoch:570 0.6387  0.9398  0.7023  0.5134  0.4715  0.6259  0.6121  0.6791  0.6791  0.5238  0.5333  0.6520  0.6051  0.000040
epoch:571 0.6272  0.9266  0.6907  0.4907  0.4730  0.6038  0.6058  0.6689  0.6689  0.5107  0.5333  0.6270  0.5905  0.000040
epoch:572 0.6246  0.9264  0.6763  0.4954  0.4840  0.5956  0.6041  0.6666  0.6666  0.5190  0.5333  0.6227  0.6071  0.000040
epoch:573 0.6191  0.9186  0.6761  0.4692  0.4729  0.5892  0.5999  0.6625  0.6625  0.5107  0.5230  0.6143  0.5898  0.000040
epoch:574 0.6211  0.9178  0.6773  0.4790  0.4666  0.5937  0.6011  0.6658  0.6658  0.5107  0.5230  0.6196  0.5985  0.000040
epoch:575 0.6179  0.9204  0.6852  0.4985  0.4629  0.5883  0.5966  0.6625  0.6625  0.5238  0.5202  0.6161  0.5994  0.000040
epoch:576 0.6344  0.9171  0.6811  0.4779  0.4685  0.6057  0.6106  0.6759  0.6759  0.5155  0.5356  0.6287  0.5894  0.000040
epoch:577 0.6325  0.9375  0.6757  0.4933  0.4580  0.6210  0.6066  0.6722  0.6722  0.5071  0.5333  0.6404  0.6037  0.000040
epoch:578 0.6262  0.9203  0.6614  0.4786  0.4631  0.6008  0.6028  0.6650  0.6650  0.4940  0.5206  0.6219  0.6008  0.000040
epoch:579 0.6208  0.9184  0.6823  0.4853  0.4645  0.5943  0.5957  0.6614  0.6614  0.5024  0.5225  0.6159  0.5908  0.000040
epoch:580 0.6277  0.9181  0.7022  0.5135  0.4817  0.5938  0.6004  0.6685  0.6685  0.5286  0.5313  0.6193  0.5808  0.000040
epoch:581 0.6226  0.9200  0.6892  0.4087  0.4711  0.5919  0.6008  0.6643  0.6643  0.5024  0.5273  0.6172  0.6086  0.000040
epoch:582 0.6401  0.9267  0.7040  0.5235  0.4689  0.6220  0.6139  0.6780  0.6780  0.5369  0.5289  0.6446  0.6114  0.000040
epoch:583 0.6174  0.9185  0.6834  0.4662  0.4579  0.5910  0.5999  0.6627  0.6627  0.4976  0.5230  0.6177  0.6081  0.000040
epoch:584 0.6271  0.9249  0.6850  0.4835  0.4681  0.6062  0.6019  0.6685  0.6685  0.5119  0.5285  0.6301  0.5965  0.000040
epoch:585 0.6177  0.9203  0.6650  0.4808  0.4520  0.5945  0.5952  0.6599  0.6599  0.4940  0.5202  0.6172  0.5862  0.000040
epoch:586 0.6183  0.9203  0.6676  0.4955  0.4554  0.5893  0.5968  0.6612  0.6612  0.5071  0.5206  0.6161  0.5986  0.000040
epoch:587 0.6192  0.9168  0.6842  0.4806  0.4715  0.5896  0.5985  0.6631  0.6631  0.5107  0.5309  0.6148  0.6007  0.000040
epoch:588 0.6272  0.9374  0.6855  0.4904  0.4701  0.6232  0.6087  0.6722  0.6722  0.5060  0.5309  0.6513  0.6137  0.000040
epoch:589 0.6335  0.9372  0.6975  0.5106  0.4672  0.6192  0.6090  0.6730  0.6730  0.5190  0.5230  0.6444  0.5949  0.000040
epoch:590 0.6321  0.9266  0.6859  0.4864  0.4646  0.6104  0.6067  0.6702  0.6702  0.5024  0.5225  0.6348  0.5913  0.000040
epoch:591 0.6360  0.9268  0.7093  0.5095  0.4604  0.6165  0.6118  0.6753  0.6753  0.5190  0.5234  0.6383  0.6009  0.000040
epoch:592 0.6222  0.9191  0.6610  0.4006  0.4532  0.5974  0.5997  0.6629  0.6629  0.4940  0.5206  0.6196  0.6050  0.000040
epoch:593 0.6306  0.9231  0.7066  0.5134  0.4648  0.6222  0.6038  0.6703  0.6703  0.5238  0.5178  0.6449  0.5983  0.000040
epoch:594 0.6347  0.9412  0.6872  0.5073  0.4522  0.6306  0.6110  0.6769  0.6769  0.5190  0.5289  0.6557  0.5767  0.000040
epoch:595 0.6285  0.9201  0.6986  0.4778  0.4717  0.5990  0.6029  0.6680  0.6680  0.4905  0.5269  0.6219  0.5996  0.000040
epoch:596 0.6445  0.9391  0.6964  0.4990  0.4760  0.6642  0.6191  0.6865  0.6865  0.5286  0.5333  0.6850  0.5771  0.000040
epoch:597 0.6354  0.9373  0.6959  0.5134  0.4642  0.6251  0.6098  0.6732  0.6732  0.5238  0.5265  0.6452  0.6014  0.000040
epoch:598 0.6229  0.9265  0.6808  0.5019  0.4592  0.5965  0.6016  0.6673  0.6673  0.5155  0.5337  0.6244  0.5908  0.000040
epoch:599 0.6262  0.9180  0.6836  0.4808  0.4801  0.6041  0.6006  0.6671  0.6671  0.5119  0.5309  0.6254  0.6023  0.000040
epoch:600 0.6342  0.9275  0.7029  0.5057  0.4617  0.6153  0.6127  0.6764  0.6764  0.5190  0.5337  0.6412  0.5988  0.000040
epoch:601 0.6231  0.9176  0.6647  0.3919  0.4823  0.6003  0.5995  0.6667  0.6667  0.5036  0.5333  0.6254  0.6078  0.000040
epoch:602 0.6289  0.9204  0.6673  0.4863  0.4551  0.6031  0.6019  0.6663  0.6663  0.5024  0.5206  0.6227  0.5923  0.000040
epoch:603 0.6321  0.9206  0.6844  0.4838  0.4687  0.6062  0.6077  0.6742  0.6742  0.5024  0.5312  0.6300  0.5863  0.000040
epoch:604 0.6250  0.9261  0.6947  0.4932  0.4552  0.6058  0.6057  0.6685  0.6685  0.5107  0.5206  0.6336  0.5756  0.000040
epoch:605 0.6244  0.9194  0.6764  0.4013  0.4793  0.5970  0.6025  0.6675  0.6675  0.4786  0.5352  0.6222  0.5994  0.000040
epoch:606 0.6342  0.9413  0.6820  0.4991  0.4556  0.6253  0.6098  0.6758  0.6758  0.5107  0.5337  0.6483  0.5868  0.000040
epoch:607 0.6184  0.9177  0.6722  0.4641  0.4535  0.5933  0.5968  0.6625  0.6625  0.4869  0.5142  0.6180  0.6024  0.000040
epoch:608 0.6288  0.9404  0.7020  0.5106  0.4688  0.6135  0.6041  0.6729  0.6729  0.5190  0.5328  0.6412  0.6011  0.000040
epoch:609 0.6209  0.9184  0.6730  0.4362  0.4636  0.6010  0.5962  0.6625  0.6625  0.4655  0.5202  0.6219  0.5863  0.000040
epoch:610 0.6203  0.9205  0.6527  0.4891  0.4535  0.5958  0.6016  0.6638  0.6638  0.5024  0.5182  0.6203  0.5935  0.000040
epoch:611 0.6304  0.9274  0.6816  0.4913  0.4569  0.6078  0.6054  0.6729  0.6729  0.5071  0.5333  0.6327  0.6244  0.000040
epoch:612 0.6356  0.9412  0.6970  0.4844  0.4672  0.6390  0.6137  0.6804  0.6804  0.5143  0.5309  0.6649  0.5941  0.000040
epoch:613 0.6213  0.9183  0.6702  0.4794  0.4571  0.5945  0.6025  0.6660  0.6660  0.5119  0.5234  0.6196  0.6010  0.000040
epoch:614 0.6350  0.9410  0.6865  0.4949  0.4540  0.6409  0.6101  0.6768  0.6768  0.5060  0.5309  0.6612  0.5975  0.000040
epoch:615 0.6283  0.9275  0.6681  0.4966  0.4570  0.6091  0.6048  0.6694  0.6694  0.5071  0.5300  0.6340  0.5858  0.000040
epoch:616 0.6135  0.9185  0.6713  0.4320  0.4490  0.5948  0.5957  0.6619  0.6619  0.4607  0.5206  0.6222  0.5765  0.000040
epoch:617 0.6163  0.9175  0.6716  0.4693  0.4766  0.5870  0.5950  0.6607  0.6607  0.5071  0.5273  0.6124  0.5885  0.000040
epoch:618 0.6364  0.9405  0.6861  0.5052  0.4673  0.6267  0.6098  0.6771  0.6771  0.5155  0.5309  0.6517  0.5943  0.000040
epoch:619 0.6316  0.9355  0.6787  0.4770  0.4530  0.6416  0.6139  0.6768  0.6768  0.5107  0.5230  0.6634  0.5932  0.000040
epoch:620 0.6353  0.9254  0.7032  0.4610  0.4553  0.6204  0.6116  0.6759  0.6759  0.4905  0.5309  0.6411  0.6089  0.000040
epoch:621 0.6356  0.9256  0.7039  0.4943  0.4699  0.6111  0.6070  0.6734  0.6734  0.5238  0.5230  0.6317  0.6037  0.000040
epoch:622 0.6195  0.9172  0.6665  0.3931  0.4824  0.5911  0.5967  0.6643  0.6643  0.5071  0.5352  0.6172  0.5842  0.000040
epoch:623 0.6219  0.9254  0.6814  0.4794  0.4646  0.6008  0.5988  0.6644  0.6644  0.5119  0.5206  0.6246  0.6085  0.000040
epoch:624 0.6223  0.9254  0.6697  0.4263  0.4778  0.6077  0.5981  0.6637  0.6637  0.4560  0.5285  0.6312  0.6064  0.000040
epoch:625 0.6445  0.9366  0.7108  0.4972  0.4567  0.6539  0.6192  0.6869  0.6869  0.5238  0.5337  0.6752  0.6082  0.000040
epoch:626 0.6200  0.9253  0.6718  0.4707  0.4788  0.5984  0.5972  0.6637  0.6637  0.5024  0.5261  0.6261  0.6009  0.000040
epoch:627 0.6201  0.9186  0.6845  0.4474  0.4574  0.5988  0.5995  0.6658  0.6658  0.4738  0.5309  0.6219  0.5966  0.000040
epoch:628 0.6363  0.9243  0.7131  0.4814  0.4840  0.6154  0.6098  0.6754  0.6754  0.5155  0.5356  0.6362  0.5926  0.000040
epoch:629 0.6210  0.9167  0.6623  0.4320  0.4691  0.5960  0.5972  0.6625  0.6625  0.4607  0.5230  0.6196  0.6190  0.000040
epoch:630 0.6345  0.9415  0.6938  0.5106  0.4563  0.6275  0.6078  0.6757  0.6757  0.5190  0.5285  0.6509  0.5903  0.000040
epoch:631 0.6399  0.9381  0.6844  0.4826  0.4624  0.6530  0.6177  0.6857  0.6857  0.5286  0.5313  0.6786  0.5895  0.000040
epoch:632 0.6261  0.9244  0.7234  0.4047  0.4755  0.6046  0.6044  0.6700  0.6700  0.5274  0.5289  0.6315  0.5928  0.000040
epoch:633 0.6376  0.9270  0.6981  0.5134  0.4659  0.6186  0.6088  0.6739  0.6739  0.5238  0.5225  0.6383  0.5971  0.000040
epoch:634 0.6263  0.9354  0.6776  0.4762  0.4482  0.6141  0.6080  0.6705  0.6705  0.5060  0.5313  0.6364  0.5811  0.000040
epoch:635 0.6229  0.9372  0.6623  0.4864  0.4607  0.6116  0.5996  0.6638  0.6638  0.4988  0.5182  0.6346  0.5990  0.000040
epoch:636 0.6238  0.9247  0.6917  0.4733  0.4586  0.6083  0.6075  0.6716  0.6716  0.5143  0.5273  0.6378  0.6056  0.000040
epoch:637 0.6243  0.9266  0.6728  0.4982  0.4332  0.6103  0.6059  0.6715  0.6715  0.5107  0.5206  0.6375  0.5873  0.000040
epoch:638 0.6358  0.9399  0.6853  0.5134  0.4551  0.6247  0.6105  0.6768  0.6768  0.5238  0.5270  0.6504  0.5887  0.000040
epoch:639 0.6274  0.9157  0.7069  0.4029  0.4730  0.6021  0.6036  0.6709  0.6709  0.5036  0.5333  0.6270  0.5920  0.000040
epoch:640 0.6283  0.9249  0.6959  0.4820  0.4831  0.6038  0.6081  0.6721  0.6721  0.5155  0.5313  0.6306  0.5857  0.000040
epoch:641 0.6283  0.9380  0.6597  0.4964  0.4430  0.6320  0.6087  0.6728  0.6728  0.5119  0.5186  0.6522  0.5979  0.000040
epoch:642 0.6280  0.9351  0.6723  0.4750  0.4520  0.6244  0.6110  0.6747  0.6747  0.5107  0.5293  0.6509  0.5767  0.000040
epoch:643 0.6214  0.9242  0.6802  0.3964  0.4822  0.5949  0.6007  0.6660  0.6660  0.5107  0.5333  0.6227  0.5776  0.000040
epoch:644 0.6257  0.9188  0.6697  0.4751  0.4542  0.5999  0.6035  0.6684  0.6684  0.5071  0.5230  0.6229  0.5946  0.000040
epoch:645 0.6172  0.9080  0.6746  0.3878  0.4483  0.5876  0.5969  0.6627  0.6627  0.5107  0.5166  0.6132  0.5914  0.000040
epoch:646 0.6201  0.9206  0.6850  0.4879  0.4578  0.5901  0.5993  0.6621  0.6621  0.5060  0.5210  0.6158  0.5898  0.000040
epoch:647 0.6217  0.9185  0.6731  0.4775  0.4661  0.5951  0.6013  0.6660  0.6660  0.5119  0.5250  0.6212  0.6240  0.000040
epoch:648 0.6188  0.9156  0.6568  0.3987  0.4746  0.5892  0.5958  0.6623  0.6623  0.5119  0.5273  0.6138  0.5983  0.000040
epoch:649 0.6263  0.9390  0.6636  0.4955  0.4446  0.6250  0.6049  0.6707  0.6707  0.5071  0.5265  0.6467  0.5887  0.000040
epoch:650 0.6156  0.9161  0.6509  0.4653  0.4769  0.5868  0.5932  0.6598  0.6598  0.4940  0.5269  0.6130  0.6069  0.000040
epoch:651 0.6334  0.9203  0.6739  0.4969  0.4672  0.6077  0.6056  0.6697  0.6697  0.5071  0.5225  0.6263  0.5998  0.000040
epoch:652 0.6141  0.9178  0.6539  0.4766  0.4430  0.5911  0.5948  0.6620  0.6620  0.5119  0.5146  0.6172  0.5865  0.000040
epoch:653 0.6340  0.9267  0.6718  0.4835  0.4606  0.6144  0.6136  0.6783  0.6783  0.4976  0.5361  0.6411  0.6030  0.000040
epoch:654 0.6295  0.9246  0.7061  0.4791  0.4490  0.6167  0.6068  0.6742  0.6742  0.5107  0.5225  0.6399  0.6037  0.000040
epoch:655 0.6220  0.9249  0.6648  0.4751  0.4591  0.6015  0.6013  0.6668  0.6668  0.5071  0.5230  0.6304  0.6085  0.000040
epoch:656 0.6188  0.9177  0.6696  0.3782  0.4702  0.5927  0.5973  0.6629  0.6629  0.4940  0.5249  0.6193  0.6011  0.000040
epoch:657 0.6291  0.9406  0.6819  0.5028  0.4365  0.6240  0.6107  0.6762  0.6762  0.5143  0.5225  0.6472  0.6239  0.000040
epoch:658 0.6208  0.9159  0.6676  0.3792  0.4721  0.5949  0.5988  0.6650  0.6650  0.4893  0.5273  0.6201  0.5937  0.000040
epoch:659 0.6276  0.9253  0.6651  0.4651  0.4673  0.6107  0.6051  0.6688  0.6688  0.4940  0.5210  0.6348  0.5675  0.000040
epoch:660 0.6156  0.9159  0.6598  0.4732  0.4728  0.5858  0.5939  0.6601  0.6601  0.5071  0.5249  0.6119  0.5983  0.000040
epoch:661 0.6219  0.9176  0.7062  0.4879  0.4631  0.5956  0.6037  0.6674  0.6674  0.5155  0.5206  0.6230  0.5898  0.000040
epoch:662 0.6159  0.9182  0.6647  0.4627  0.4705  0.5918  0.6000  0.6641  0.6641  0.4940  0.5396  0.6177  0.5725  0.000040
epoch:663 0.6269  0.9185  0.6676  0.4389  0.4518  0.6041  0.6032  0.6690  0.6690  0.4690  0.5206  0.6271  0.5807  0.000040
epoch:664 0.6213  0.9355  0.6561  0.4741  0.4665  0.6202  0.6055  0.6686  0.6686  0.5036  0.5289  0.6471  0.5834  0.000040
epoch:665 0.6314  0.9402  0.6751  0.4907  0.4483  0.6340  0.6103  0.6785  0.6785  0.5060  0.5313  0.6594  0.5765  0.000040
epoch:666 0.6190  0.9183  0.6769  0.4796  0.4473  0.5925  0.6012  0.6658  0.6658  0.5119  0.5230  0.6195  0.6047  0.000040
epoch:667 0.6363  0.9409  0.6906  0.5156  0.4543  0.6314  0.6128  0.6777  0.6777  0.5190  0.5289  0.6565  0.6155  0.000040
epoch:668 0.6219  0.9241  0.6795  0.4751  0.4534  0.6030  0.6061  0.6690  0.6690  0.5071  0.5258  0.6309  0.5939  0.000040
epoch:669 0.6176  0.9185  0.6484  0.4702  0.4399  0.5963  0.6006  0.6659  0.6659  0.4988  0.5249  0.6208  0.5898  0.000040
epoch:670 0.6203  0.9188  0.6794  0.4835  0.4654  0.5956  0.5987  0.6627  0.6627  0.5119  0.5225  0.6177  0.5774  0.000040
epoch:671 0.6321  0.9388  0.6591  0.4750  0.4430  0.6470  0.6155  0.6819  0.6819  0.5107  0.5293  0.6712  0.6150  0.000040
epoch:672 0.6326  0.9374  0.6645  0.4864  0.4562  0.6249  0.6091  0.6751  0.6751  0.5024  0.5313  0.6494  0.5842  0.000040
epoch:673 0.6225  0.9392  0.6687  0.4848  0.4420  0.6252  0.6090  0.6751  0.6751  0.5238  0.5285  0.6552  0.5962  0.000040
epoch:674 0.6280  0.9172  0.6948  0.4848  0.4647  0.6043  0.6078  0.6716  0.6716  0.5238  0.5225  0.6287  0.5717  0.000040
epoch:675 0.6417  0.9383  0.7051  0.5243  0.4594  0.6417  0.6174  0.6833  0.6833  0.5333  0.5376  0.6634  0.5916  0.000040
epoch:676 0.6268  0.9249  0.6760  0.4765  0.4481  0.6078  0.6104  0.6750  0.6750  0.5155  0.5333  0.6332  0.5867  0.000040
epoch:677 0.6216  0.9213  0.6970  0.4383  0.4686  0.6048  0.6016  0.6675  0.6675  0.4738  0.5254  0.6312  0.5816  0.000040
epoch:678 0.6178  0.9191  0.6675  0.4631  0.4650  0.5936  0.5978  0.6603  0.6603  0.4940  0.5225  0.6169  0.5990  0.000040
epoch:679 0.6284  0.9175  0.6720  0.4737  0.4634  0.6057  0.6020  0.6684  0.6684  0.5071  0.5206  0.6245  0.5840  0.000040
epoch:680 0.6297  0.9386  0.6549  0.4850  0.4542  0.6193  0.6088  0.6713  0.6713  0.5024  0.5265  0.6457  0.5908  0.000040
epoch:681 0.6260  0.9197  0.6755  0.4843  0.4541  0.6001  0.6052  0.6677  0.6677  0.5060  0.5225  0.6227  0.6011  0.000040
epoch:682 0.6229  0.9185  0.6861  0.4754  0.4974  0.5952  0.5993  0.6671  0.6671  0.5036  0.5416  0.6211  0.5814  0.000040
epoch:683 0.6277  0.9248  0.7023  0.4882  0.4514  0.6148  0.6111  0.6760  0.6760  0.5143  0.5336  0.6414  0.6033  0.000040
epoch:684 0.6279  0.9414  0.6588  0.4969  0.4337  0.6388  0.6096  0.6770  0.6770  0.5107  0.5261  0.6647  0.5756  0.000040
epoch:685 0.6314  0.9206  0.6722  0.4737  0.4653  0.6266  0.6079  0.6750  0.6750  0.5071  0.5221  0.6515  0.5955  0.000040
epoch:686 0.6397  0.9390  0.7071  0.4769  0.4551  0.6485  0.6168  0.6869  0.6869  0.5238  0.5356  0.6747  0.5942  0.000040
epoch:687 0.6328  0.9249  0.6940  0.4749  0.4561  0.6202  0.6107  0.6758  0.6758  0.5107  0.5230  0.6454  0.6054  0.000040
epoch:688 0.6301  0.9247  0.6672  0.4666  0.4587  0.6103  0.6082  0.6738  0.6738  0.5024  0.5333  0.6348  0.6014  0.000040
epoch:689 0.6276  0.9353  0.6706  0.4793  0.4487  0.6208  0.6090  0.6737  0.6737  0.5155  0.5309  0.6462  0.5794  0.000040
epoch:690 0.6316  0.9257  0.6629  0.4696  0.4720  0.6114  0.6047  0.6699  0.6699  0.4988  0.5245  0.6319  0.5962  0.000040
epoch:691 0.6219  0.9178  0.6889  0.4841  0.4502  0.5955  0.6045  0.6683  0.6683  0.5238  0.5225  0.6217  0.5987  0.000040
epoch:692 0.6321  0.9411  0.6760  0.4704  0.4520  0.6556  0.6164  0.6822  0.6822  0.5107  0.5475  0.6787  0.5792  0.000040
epoch:693 0.6243  0.9406  0.6463  0.4510  0.4401  0.6316  0.6087  0.6747  0.6747  0.5071  0.5261  0.6570  0.5884  0.000040
epoch:694 0.6177  0.9252  0.6702  0.4680  0.4569  0.6015  0.6035  0.6676  0.6676  0.4976  0.5230  0.6304  0.5644  0.000040
epoch:695 0.6109  0.9184  0.6718  0.4777  0.4381  0.5902  0.5998  0.6629  0.6629  0.5190  0.5206  0.6169  0.5936  0.000040
epoch:696 0.6210  0.9392  0.6635  0.4767  0.4495  0.6236  0.6039  0.6688  0.6688  0.5119  0.5289  0.6521  0.5887  0.000040
epoch:697 0.6182  0.9159  0.6770  0.3898  0.4672  0.5903  0.5963  0.6622  0.6622  0.5071  0.5230  0.6156  0.5842  0.000040
epoch:698 0.6228  0.9158  0.6958  0.3794  0.4782  0.5988  0.5989  0.6658  0.6658  0.4786  0.5333  0.6236  0.5740  0.000040
epoch:699 0.6137  0.9177  0.6491  0.3880  0.4687  0.5890  0.5960  0.6622  0.6622  0.5024  0.5249  0.6156  0.5848  0.000040
epoch:700 0.6255  0.9361  0.6597  0.4547  0.4438  0.6245  0.6084  0.6738  0.6738  0.5071  0.5230  0.6475  0.5943  0.000040
epoch:701 0.6297  0.9221  0.6711  0.4655  0.4645  0.6159  0.6036  0.6698  0.6698  0.4976  0.5182  0.6369  0.5726  0.000040
epoch:702 0.6178  0.9185  0.6586  0.4769  0.4581  0.5891  0.5960  0.6616  0.6616  0.5036  0.5194  0.6148  0.5762  0.000040
epoch:703 0.6312  0.9234  0.6747  0.4815  0.4675  0.6109  0.6081  0.6742  0.6742  0.5202  0.5309  0.6346  0.5876  0.000040
epoch:704 0.6187  0.9183  0.6531  0.4698  0.4663  0.5931  0.5980  0.6633  0.6633  0.4988  0.5230  0.6188  0.5967  0.000040
epoch:705 0.6320  0.9247  0.7045  0.4943  0.4544  0.6096  0.6107  0.6757  0.6757  0.5238  0.5249  0.6341  0.5707  0.000040
epoch:706 0.6200  0.9166  0.6888  0.4864  0.4576  0.5918  0.5999  0.6655  0.6655  0.5202  0.5273  0.6164  0.5647  0.000040
epoch:707 0.6345  0.9250  0.7104  0.4915  0.4578  0.6171  0.6115  0.6772  0.6772  0.5190  0.5313  0.6407  0.5652  0.000040
epoch:708 0.6289  0.9248  0.6852  0.4917  0.4452  0.6134  0.6127  0.6765  0.6765  0.5238  0.5341  0.6377  0.6122  0.000040
epoch:709 0.6167  0.9190  0.6592  0.4696  0.4557  0.5923  0.5991  0.6650  0.6650  0.4988  0.5317  0.6180  0.5806  0.000040
epoch:710 0.6230  0.9351  0.6596  0.4638  0.4352  0.6272  0.6104  0.6732  0.6732  0.4976  0.5289  0.6525  0.6113  0.000040
epoch:711 0.6243  0.9356  0.6796  0.4721  0.4520  0.6180  0.6083  0.6738  0.6738  0.5202  0.5356  0.6447  0.6006  0.000040
epoch:712 0.6242  0.9243  0.6752  0.4812  0.4407  0.6075  0.6062  0.6712  0.6712  0.5107  0.5206  0.6317  0.5882  0.000040
epoch:713 0.6170  0.9167  0.6600  0.4695  0.4480  0.5951  0.5991  0.6626  0.6626  0.5024  0.5206  0.6172  0.5952  0.000040
epoch:714 0.6291  0.9247  0.6813  0.4404  0.4671  0.6135  0.6063  0.6717  0.6717  0.4738  0.5249  0.6409  0.5940  0.000040
epoch:715 0.6256  0.9246  0.6592  0.4767  0.4557  0.6059  0.6058  0.6705  0.6705  0.5071  0.5206  0.6317  0.5750  0.000040
epoch:716 0.6364  0.9360  0.6888  0.4749  0.4632  0.6393  0.6129  0.6784  0.6784  0.5107  0.5313  0.6612  0.5845  0.000040
epoch:717 0.6376  0.9355  0.7122  0.4929  0.4717  0.6278  0.6147  0.6800  0.6800  0.5238  0.5333  0.6518  0.6003  0.000040
epoch:718 0.6258  0.9246  0.6801  0.4820  0.4550  0.6042  0.6066  0.6703  0.6703  0.5155  0.5225  0.6282  0.6096  0.000040
epoch:719 0.6161  0.9253  0.6580  0.4653  0.4571  0.6095  0.6004  0.6657  0.6657  0.4940  0.5230  0.6404  0.5859  0.000040
epoch:720 0.6227  0.9248  0.6948  0.4943  0.4478  0.6042  0.6034  0.6690  0.6690  0.5238  0.5230  0.6314  0.5797  0.000040
epoch:721 0.6189  0.9156  0.6633  0.3906  0.4733  0.5921  0.5957  0.6617  0.6617  0.5071  0.5206  0.6164  0.5921  0.000040
epoch:722 0.6500  0.9398  0.6912  0.4668  0.4512  0.6718  0.6317  0.6984  0.6984  0.5143  0.5309  0.6962  0.5685  0.000040
epoch:723 0.6218  0.9244  0.6765  0.3942  0.4637  0.5999  0.6003  0.6665  0.6665  0.5107  0.5206  0.6272  0.5894  0.000040
epoch:724 0.6298  0.9255  0.6839  0.4720  0.4672  0.6120  0.6092  0.6727  0.6727  0.5060  0.5245  0.6377  0.5693  0.000040
epoch:725 0.6332  0.9394  0.6853  0.4725  0.4420  0.6468  0.6180  0.6841  0.6841  0.5190  0.5356  0.6715  0.5755  0.000040
epoch:726 0.6320  0.9325  0.7095  0.4844  0.4656  0.6278  0.6125  0.6799  0.6799  0.5286  0.5273  0.6571  0.5781  0.000040
epoch:727 0.6338  0.9356  0.6898  0.4915  0.4551  0.6292  0.6130  0.6771  0.6771  0.5190  0.5372  0.6523  0.5965  0.000040
epoch:728 0.6256  0.9356  0.6773  0.4707  0.4498  0.6198  0.6100  0.6743  0.6743  0.5190  0.5352  0.6438  0.5942  0.000040
epoch:729 0.6252  0.9350  0.6722  0.4758  0.4391  0.6308  0.6067  0.6738  0.6738  0.5060  0.5186  0.6549  0.5828  0.000040
epoch:730 0.6293  0.9248  0.6846  0.4749  0.4634  0.6055  0.6076  0.6713  0.6713  0.5107  0.5269  0.6298  0.5962  0.000040
epoch:731 0.6278  0.9149  0.6764  0.4833  0.4483  0.6265  0.6100  0.6741  0.6741  0.5107  0.5221  0.6536  0.5865  0.000040
epoch:732 0.6308  0.9176  0.6915  0.3892  0.4713  0.6085  0.6041  0.6713  0.6713  0.5024  0.5328  0.6274  0.5670  0.000040
epoch:733 0.6298  0.9244  0.6827  0.4767  0.4676  0.6098  0.6062  0.6727  0.6727  0.5071  0.5230  0.6340  0.5714  0.000040
epoch:734 0.6302  0.9245  0.6825  0.4791  0.4554  0.6131  0.6093  0.6743  0.6743  0.5107  0.5273  0.6372  0.5819  0.000040
epoch:735 0.6348  0.9154  0.6519  0.3781  0.4761  0.6094  0.6125  0.6791  0.6791  0.4893  0.5249  0.6344  0.6003  0.000040
epoch:736 0.6130  0.9180  0.6621  0.4695  0.4545  0.5904  0.5970  0.6612  0.6612  0.5024  0.5206  0.6167  0.5802  0.000040
epoch:737 0.6384  0.9424  0.6787  0.4878  0.4442  0.6641  0.6185  0.6859  0.6859  0.5190  0.5285  0.6847  0.5865  0.000040
epoch:738 0.6218  0.9231  0.6685  0.4676  0.4345  0.6075  0.6059  0.6709  0.6709  0.4976  0.5309  0.6311  0.5771  0.000040
epoch:739 0.6310  0.9248  0.6853  0.4861  0.4517  0.6177  0.6103  0.6743  0.6743  0.5155  0.5270  0.6433  0.6010  0.000040
epoch:740 0.6291  0.9400  0.6748  0.4674  0.4411  0.6619  0.6161  0.6815  0.6815  0.5190  0.5285  0.6861  0.6017  0.000040
epoch:741 0.6188  0.9148  0.6814  0.3681  0.4818  0.5883  0.5960  0.6610  0.6610  0.4679  0.5277  0.6130  0.5811  0.000040
epoch:742 0.6159  0.9152  0.6647  0.3989  0.4577  0.5890  0.5939  0.6604  0.6604  0.5155  0.5127  0.6148  0.5816  0.000040
epoch:743 0.6332  0.9364  0.6776  0.4791  0.4539  0.6283  0.6129  0.6766  0.6766  0.5107  0.5356  0.6518  0.5782  0.000040
epoch:744 0.6278  0.9239  0.7056  0.4943  0.4558  0.6127  0.6082  0.6748  0.6748  0.5238  0.5273  0.6426  0.5984  0.000040
epoch:745 0.6400  0.9362  0.7001  0.4816  0.4708  0.6566  0.6173  0.6839  0.6839  0.5238  0.5352  0.6782  0.5982  0.000040
epoch:746 0.6223  0.9254  0.6767  0.4724  0.4723  0.6045  0.6006  0.6674  0.6674  0.4988  0.5269  0.6322  0.5918  0.000040
epoch:747 0.6286  0.9355  0.6814  0.4771  0.4449  0.6196  0.6085  0.6731  0.6731  0.5107  0.5289  0.6409  0.6027  0.000040
epoch:748 0.6261  0.9353  0.6812  0.4769  0.4369  0.6357  0.6123  0.6766  0.6766  0.5238  0.5289  0.6573  0.5856  0.000040
epoch:749 0.6294  0.9244  0.7086  0.4915  0.4677  0.6111  0.6081  0.6749  0.6749  0.5190  0.5273  0.6389  0.5954  0.000040
epoch:750 0.6221  0.9185  0.6615  0.4779  0.4517  0.6011  0.6013  0.6678  0.6678  0.5071  0.5225  0.6242  0.5786  0.000040
epoch:751 0.6486  0.9415  0.6816  0.4896  0.4460  0.6726  0.6317  0.6993  0.6993  0.5238  0.5328  0.6962  0.5855  0.000040
epoch:752 0.6366  0.9174  0.6683  0.3956  0.4564  0.6087  0.6126  0.6800  0.6800  0.5071  0.5209  0.6333  0.5853  0.000040
epoch:753 0.6199  0.9184  0.6613  0.4708  0.4606  0.5972  0.5976  0.6645  0.6645  0.4988  0.5146  0.6222  0.5981  0.000040
epoch:754 0.6168  0.9174  0.6535  0.3917  0.4686  0.5952  0.5996  0.6653  0.6653  0.4988  0.5293  0.6211  0.5778  0.000040
epoch:755 0.6177  0.9248  0.6888  0.4915  0.4377  0.5994  0.6021  0.6683  0.6683  0.5190  0.5225  0.6275  0.5729  0.000040
epoch:756 0.6213  0.9175  0.6881  0.3877  0.4780  0.5938  0.6020  0.6691  0.6691  0.5071  0.5333  0.6232  0.5971  0.000040
epoch:757 0.6179  0.9155  0.6696  0.4848  0.4620  0.5908  0.5956  0.6633  0.6633  0.5167  0.5190  0.6161  0.5758  0.000040
epoch:758 0.6247  0.9263  0.6845  0.4749  0.4388  0.6141  0.6058  0.6733  0.6733  0.5060  0.5269  0.6385  0.5853  0.000040
epoch:759 0.6200  0.9185  0.6632  0.4653  0.4695  0.5933  0.5983  0.6642  0.6642  0.4940  0.5254  0.6193  0.5900  0.000040
epoch:760 0.6313  0.9187  0.6922  0.4791  0.4544  0.6043  0.6082  0.6732  0.6732  0.5107  0.5277  0.6256  0.5939  0.000040
epoch:761 0.6214  0.9170  0.6809  0.4750  0.4364  0.6030  0.6029  0.6694  0.6694  0.5024  0.5245  0.6258  0.6005  0.000040
epoch:762 0.6280  0.9183  0.6866  0.4672  0.4549  0.6044  0.6064  0.6708  0.6708  0.4929  0.5313  0.6263  0.5672  0.000040
epoch:763 0.6240  0.9183  0.6839  0.4695  0.4760  0.5957  0.6017  0.6675  0.6675  0.5024  0.5297  0.6206  0.5749  0.000040
epoch:764 0.6338  0.9393  0.6757  0.4704  0.4567  0.6329  0.6121  0.6791  0.6791  0.5202  0.5337  0.6602  0.5797  0.000040
epoch:765 0.6338  0.9354  0.6960  0.4943  0.4453  0.6273  0.6110  0.6771  0.6771  0.5238  0.5206  0.6517  0.5850  0.000040
epoch:766 0.6159  0.9149  0.6600  0.3961  0.4514  0.5898  0.5941  0.6623  0.6623  0.5119  0.5190  0.6153  0.5566  0.000040
epoch:767 0.6345  0.9403  0.6878  0.4674  0.4429  0.6603  0.6221  0.6879  0.6879  0.5190  0.5333  0.6858  0.6061  0.000040
epoch:768 0.6164  0.9184  0.6564  0.4652  0.4403  0.5999  0.5992  0.6644  0.6644  0.4976  0.5182  0.6267  0.5655  0.000040
epoch:769 0.6222  0.9236  0.6870  0.4766  0.4702  0.6067  0.6031  0.6687  0.6687  0.5071  0.5273  0.6362  0.5587  0.000040
epoch:770 0.6319  0.9345  0.6993  0.5000  0.4378  0.6297  0.6150  0.6810  0.6810  0.5286  0.5333  0.6568  0.5631  0.000040
epoch:771 0.6275  0.9346  0.7043  0.4527  0.4654  0.6188  0.6044  0.6724  0.6724  0.4821  0.5293  0.6449  0.5626  0.000040
epoch:772 0.6249  0.9258  0.6768  0.4932  0.4382  0.6053  0.6069  0.6716  0.6716  0.5238  0.5289  0.6295  0.5960  0.000040
epoch:773 0.6223  0.9359  0.6606  0.4666  0.4305  0.6382  0.6072  0.6716  0.6716  0.5024  0.5186  0.6605  0.5970  0.000040
epoch:774 0.6340  0.9362  0.6977  0.4955  0.4502  0.6238  0.6125  0.6765  0.6765  0.5238  0.5313  0.6470  0.5862  0.000040
epoch:775 0.6230  0.9252  0.6526  0.4623  0.4428  0.6149  0.6039  0.6695  0.6695  0.4893  0.5230  0.6401  0.5653  0.000040
epoch:776 0.6142  0.9180  0.6525  0.4656  0.4514  0.5938  0.5975  0.6640  0.6640  0.4988  0.5254  0.6203  0.5791  0.000040
epoch:777 0.6206  0.9187  0.6527  0.4552  0.4334  0.6048  0.6006  0.6683  0.6683  0.4845  0.5225  0.6266  0.5978  0.000040
epoch:778 0.6322  0.9367  0.6991  0.4844  0.4546  0.6264  0.6106  0.6780  0.6780  0.5143  0.5348  0.6518  0.5819  0.000040
epoch:779 0.6254  0.9235  0.6858  0.3897  0.4711  0.6109  0.6036  0.6712  0.6712  0.5071  0.5249  0.6373  0.5836  0.000040
epoch:780 0.6316  0.9355  0.7025  0.4872  0.4414  0.6321  0.6152  0.6801  0.6801  0.5190  0.5352  0.6562  0.5908  0.000040
epoch:781 0.6151  0.9154  0.6545  0.3840  0.4559  0.5898  0.5944  0.6607  0.6607  0.4988  0.5170  0.6153  0.5808  0.000040
epoch:782 0.6278  0.9356  0.6731  0.4630  0.4417  0.6302  0.6122  0.6794  0.6794  0.5155  0.5352  0.6575  0.5798  0.000040
epoch:783 0.6298  0.9401  0.6805  0.4820  0.4435  0.6432  0.6124  0.6782  0.6782  0.5155  0.5373  0.6660  0.5928  0.000040
epoch:784 0.6422  0.9355  0.6663  0.4751  0.4413  0.6394  0.6245  0.6899  0.6899  0.5071  0.5333  0.6634  0.5560  0.000040
epoch:785 0.6307  0.9246  0.6692  0.4774  0.4332  0.6219  0.6187  0.6815  0.6815  0.5107  0.5167  0.6507  0.5861  0.000040
epoch:786 0.6247  0.9255  0.6749  0.4806  0.4379  0.6139  0.6067  0.6728  0.6728  0.5155  0.5245  0.6375  0.5727  0.000040
epoch:787 0.6272  0.9350  0.6687  0.4720  0.4394  0.6286  0.6110  0.6755  0.6755  0.5060  0.5313  0.6520  0.5895  0.000040
epoch:788 0.6274  0.9383  0.6579  0.4555  0.4353  0.6549  0.6139  0.6807  0.6807  0.5060  0.5289  0.6797  0.6031  0.000040
epoch:789 0.6155  0.9172  0.6613  0.3767  0.4706  0.5880  0.5946  0.6603  0.6603  0.4940  0.5254  0.6140  0.5775  0.000040
epoch:790 0.6153  0.9184  0.6608  0.4667  0.4351  0.5969  0.5994  0.6650  0.6650  0.4940  0.5230  0.6216  0.5726  0.000040
epoch:791 0.6157  0.9175  0.6762  0.4043  0.4592  0.5871  0.5951  0.6613  0.6613  0.5190  0.5166  0.6140  0.5777  0.000040
epoch:792 0.6157  0.9253  0.6752  0.4642  0.4623  0.5966  0.5999  0.6652  0.6652  0.4940  0.5317  0.6238  0.5750  0.000040
epoch:793 0.6198  0.9246  0.6707  0.4652  0.4450  0.6081  0.6039  0.6686  0.6686  0.4976  0.5313  0.6344  0.5647  0.000040
epoch:794 0.6272  0.9250  0.6710  0.4791  0.4411  0.6136  0.6133  0.6770  0.6770  0.5107  0.5333  0.6393  0.5798  0.000040
epoch:795 0.6155  0.9246  0.6644  0.4696  0.4340  0.6066  0.6008  0.6673  0.6673  0.4988  0.5249  0.6333  0.5913  0.000040
epoch:796 0.6211  0.9250  0.6888  0.4732  0.4602  0.6048  0.6004  0.6668  0.6668  0.5060  0.5285  0.6314  0.5722  0.000040
epoch:797 0.6191  0.9186  0.6803  0.4791  0.4527  0.5951  0.6020  0.6673  0.6673  0.5107  0.5254  0.6206  0.5925  0.000040
epoch:798 0.6223  0.9226  0.6855  0.4791  0.4344  0.6086  0.6070  0.6744  0.6744  0.5107  0.5273  0.6343  0.6007  0.000040
epoch:799 0.6193  0.9158  0.6916  0.3856  0.4620  0.6003  0.6005  0.6667  0.6667  0.4869  0.5249  0.6251  0.5685  0.000040
epoch:800 0.6132  0.9253  0.6620  0.4696  0.4459  0.5987  0.5977  0.6630  0.6630  0.4940  0.5206  0.6256  0.6018  0.000040
epoch:801 0.6347  0.9349  0.6929  0.4844  0.4484  0.6301  0.6138  0.6806  0.6806  0.5286  0.5337  0.6525  0.5969  0.000040
epoch:802 0.6342  0.9185  0.7017  0.4803  0.4789  0.6038  0.6069  0.6746  0.6746  0.5202  0.5321  0.6256  0.5927  0.000040
epoch:803 0.6196  0.9143  0.6980  0.4791  0.4317  0.6229  0.6050  0.6727  0.6727  0.5107  0.5221  0.6494  0.5891  0.000040
epoch:804 0.6355  0.9364  0.6935  0.4704  0.4581  0.6345  0.6131  0.6793  0.6793  0.5060  0.5352  0.6578  0.5990  0.000040
epoch:805 0.6337  0.9384  0.6701  0.4544  0.4575  0.6544  0.6159  0.6825  0.6825  0.5060  0.5356  0.6792  0.5947  0.000040
epoch:806 0.6287  0.9256  0.6764  0.4835  0.4513  0.6098  0.6092  0.6761  0.6761  0.5155  0.5372  0.6343  0.5611  0.000040
epoch:807 0.6183  0.9185  0.6694  0.4653  0.4602  0.5959  0.5997  0.6650  0.6650  0.4940  0.5254  0.6214  0.5937  0.000040
epoch:808 0.6317  0.9379  0.6917  0.4754  0.4495  0.6523  0.6145  0.6837  0.6837  0.5238  0.5333  0.6758  0.5670  0.000040
epoch:809 0.6301  0.9356  0.6759  0.4808  0.4398  0.6308  0.6135  0.6785  0.6785  0.5119  0.5269  0.6539  0.5697  0.000040
epoch:810 0.6340  0.9341  0.6856  0.4876  0.4381  0.6421  0.6174  0.6836  0.6836  0.5202  0.5333  0.6666  0.5693  0.000040
epoch:811 0.6273  0.9355  0.6970  0.4725  0.4397  0.6218  0.6106  0.6767  0.6767  0.5190  0.5333  0.6430  0.5815  0.000040
epoch:812 0.6270  0.9255  0.6743  0.4737  0.4381  0.6134  0.6090  0.6740  0.6740  0.5071  0.5254  0.6377  0.5860  0.000040
epoch:813 0.6176  0.9177  0.6710  0.4404  0.4567  0.5957  0.5979  0.6647  0.6647  0.4738  0.5249  0.6201  0.5953  0.000040
epoch:814 0.6209  0.9348  0.6844  0.4749  0.4447  0.6252  0.6064  0.6722  0.6722  0.5107  0.5225  0.6518  0.5800  0.000040
epoch:815 0.6271  0.9127  0.6795  0.4461  0.4485  0.6110  0.6048  0.6716  0.6716  0.4786  0.5269  0.6351  0.5872  0.000040
epoch:816 0.6256  0.9144  0.6603  0.4638  0.4336  0.6441  0.6110  0.6781  0.6781  0.5119  0.5225  0.6684  0.5824  0.000040
epoch:817 0.6256  0.9355  0.6581  0.4472  0.4423  0.6303  0.6108  0.6764  0.6764  0.4976  0.5341  0.6539  0.5854  0.000040
epoch:818 0.6313  0.9355  0.6828  0.4741  0.4412  0.6488  0.6168  0.6827  0.6827  0.5202  0.5356  0.6729  0.6000  0.000040
epoch:819 0.6284  0.9351  0.7025  0.4844  0.4369  0.6342  0.6133  0.6776  0.6776  0.5143  0.5309  0.6597  0.5758  0.000040
epoch:820 0.6151  0.9246  0.6538  0.4608  0.4341  0.6052  0.6013  0.6662  0.6662  0.4940  0.5230  0.6317  0.5875  0.000040
epoch:821 0.6237  0.9255  0.6709  0.4806  0.4328  0.6166  0.6066  0.6732  0.6732  0.5155  0.5225  0.6425  0.5816  0.000040
epoch:822 0.6174  0.9184  0.6638  0.4656  0.4377  0.6024  0.6020  0.6689  0.6689  0.4988  0.5254  0.6267  0.5654  0.000040
epoch:823 0.6252  0.9351  0.6622  0.4547  0.4305  0.6368  0.6083  0.6766  0.6766  0.5071  0.5202  0.6626  0.5678  0.000040
epoch:824 0.6178  0.9247  0.6797  0.4813  0.4373  0.6004  0.6075  0.6722  0.6722  0.5190  0.5270  0.6303  0.6066  0.000040
epoch:825 0.6214  0.9249  0.6860  0.4780  0.4578  0.6032  0.6020  0.6661  0.6661  0.5155  0.5230  0.6293  0.5811  0.000040
epoch:826 0.6406  0.9339  0.7164  0.4787  0.4722  0.6401  0.6204  0.6894  0.6894  0.5238  0.5380  0.6692  0.5778  0.000040
epoch:827 0.6184  0.9247  0.6639  0.4696  0.4439  0.6042  0.6044  0.6698  0.6698  0.4988  0.5273  0.6317  0.5826  0.000040
epoch:828 0.6349  0.9187  0.6826  0.4750  0.4698  0.6146  0.6106  0.6768  0.6768  0.5024  0.5380  0.6364  0.5939  0.000040
epoch:829 0.6171  0.9188  0.6796  0.4666  0.4509  0.5960  0.6019  0.6660  0.6660  0.5024  0.5249  0.6211  0.5918  0.000040
epoch:830 0.6309  0.9353  0.6717  0.4769  0.4419  0.6404  0.6120  0.6798  0.6798  0.5107  0.5352  0.6629  0.5796  0.000040
epoch:831 0.6171  0.9255  0.6538  0.4704  0.4427  0.6052  0.6033  0.6679  0.6679  0.5107  0.5254  0.6346  0.6037  0.000040
epoch:832 0.6295  0.9343  0.6899  0.4844  0.4403  0.6262  0.6124  0.6778  0.6778  0.5143  0.5333  0.6499  0.5760  0.000040
epoch:833 0.6262  0.9390  0.6705  0.4684  0.4386  0.6390  0.6117  0.6781  0.6781  0.5202  0.5289  0.6625  0.5909  0.000040
epoch:834 0.6412  0.9256  0.6597  0.4706  0.4534  0.6246  0.6200  0.6872  0.6872  0.4940  0.5273  0.6485  0.5764  0.000040
epoch:835 0.6192  0.9187  0.6528  0.4724  0.4334  0.6000  0.6014  0.6660  0.6660  0.4988  0.5202  0.6224  0.5953  0.000040
epoch:836 0.6231  0.9353  0.6504  0.4472  0.4391  0.6363  0.6098  0.6744  0.6744  0.4976  0.5309  0.6589  0.5966  0.000040
epoch:837 0.6295  0.9391  0.6821  0.4774  0.4420  0.6284  0.6129  0.6809  0.6809  0.5190  0.5337  0.6554  0.5805  0.000040
epoch:838 0.6276  0.9349  0.6708  0.4720  0.4461  0.6317  0.6122  0.6769  0.6769  0.5060  0.5270  0.6568  0.5877  0.000040
epoch:839 0.6181  0.9177  0.6700  0.4715  0.4562  0.5956  0.5993  0.6657  0.6657  0.5024  0.5214  0.6198  0.5911  0.000040
epoch:840 0.6135  0.9146  0.6651  0.3750  0.4548  0.5906  0.5958  0.6626  0.6626  0.4738  0.5190  0.6169  0.5842  0.000040
epoch:841 0.6295  0.9184  0.6930  0.4836  0.4389  0.6165  0.6120  0.6777  0.6777  0.5155  0.5337  0.6372  0.5738  0.000040
epoch:842 0.6408  0.8997  0.6875  0.3949  0.4666  0.6223  0.6180  0.6854  0.6854  0.5119  0.5245  0.6463  0.6080  0.000040
epoch:843 0.6313  0.9404  0.6852  0.4769  0.4575  0.6423  0.6124  0.6785  0.6785  0.5190  0.5285  0.6676  0.5818  0.000040
epoch:844 0.6300  0.9254  0.6859  0.4647  0.4724  0.6231  0.6112  0.6775  0.6775  0.4940  0.5356  0.6488  0.5838  0.000040
epoch:845 0.6337  0.9249  0.6675  0.4371  0.4682  0.6232  0.6103  0.6757  0.6757  0.4655  0.5273  0.6491  0.5899  0.000040
epoch:846 0.6246  0.9176  0.6988  0.3861  0.4721  0.6069  0.6051  0.6706  0.6706  0.5024  0.5352  0.6320  0.5800  0.000040
epoch:847 0.6280  0.9384  0.6695  0.4602  0.4414  0.6544  0.6149  0.6816  0.6816  0.5107  0.5352  0.6795  0.5791  0.000040
epoch:848 0.6248  0.9156  0.6790  0.3989  0.4723  0.6033  0.6025  0.6696  0.6696  0.5167  0.5273  0.6278  0.5790  0.000040
epoch:849 0.6324  0.9355  0.6980  0.5017  0.4460  0.6244  0.6098  0.6748  0.6748  0.5286  0.5206  0.6475  0.5662  0.000040
epoch:850 0.6316  0.9396  0.6820  0.4859  0.4433  0.6485  0.6167  0.6822  0.6822  0.5286  0.5333  0.6724  0.5948  0.000040
epoch:851 0.6132  0.9226  0.6617  0.3917  0.4498  0.5978  0.5970  0.6620  0.6620  0.5071  0.5127  0.6246  0.5916  0.000040
epoch:852 0.6266  0.9258  0.6654  0.4709  0.4446  0.6135  0.6100  0.6738  0.6738  0.5024  0.5356  0.6369  0.5827  0.000040
epoch:853 0.6188  0.9159  0.6777  0.3908  0.4716  0.5983  0.5970  0.6638  0.6638  0.5024  0.5249  0.6238  0.5798  0.000040
epoch:854 0.6366  0.9403  0.7009  0.4679  0.4620  0.6598  0.6160  0.6837  0.6837  0.5143  0.5333  0.6829  0.5703  0.000040
epoch:855 0.6301  0.9172  0.6815  0.4709  0.4644  0.6061  0.6060  0.6726  0.6726  0.5024  0.5297  0.6272  0.5913  0.000040
epoch:856 0.6329  0.9361  0.6845  0.4749  0.4609  0.6373  0.6128  0.6780  0.6780  0.5107  0.5328  0.6605  0.5417  0.000040
epoch:857 0.6132  0.9178  0.6562  0.3841  0.4462  0.5936  0.5974  0.6645  0.6645  0.4940  0.5293  0.6201  0.5891  0.000040
epoch:858 0.6342  0.9402  0.6676  0.4689  0.4433  0.6500  0.6213  0.6871  0.6871  0.5155  0.5333  0.6757  0.5684  0.000040
epoch:859 0.6343  0.9248  0.6966  0.4893  0.4659  0.6158  0.6116  0.6772  0.6772  0.5202  0.5293  0.6404  0.5912  0.000040
epoch:860 0.6339  0.9392  0.6580  0.4610  0.4514  0.6589  0.6203  0.6866  0.6866  0.5119  0.5380  0.6840  0.5804  0.000040
epoch:861 0.6271  0.9361  0.6730  0.4610  0.4391  0.6293  0.6102  0.6766  0.6766  0.5071  0.5245  0.6525  0.5835  0.000040
epoch:862 0.6301  0.9255  0.6836  0.4659  0.4390  0.6225  0.6132  0.6783  0.6783  0.5060  0.5269  0.6443  0.5917  0.000040
epoch:863 0.6254  0.9257  0.6740  0.4647  0.4477  0.6147  0.6074  0.6740  0.6740  0.4940  0.5416  0.6385  0.5821  0.000040
epoch:864 0.6213  0.9241  0.6821  0.4776  0.4639  0.6047  0.6035  0.6698  0.6698  0.5107  0.5277  0.6312  0.5789  0.000040
epoch:865 0.6144  0.9250  0.6674  0.4669  0.4536  0.6025  0.5991  0.6643  0.6643  0.4976  0.5249  0.6291  0.5859  0.000040
epoch:866 0.6251  0.9248  0.6646  0.4519  0.4500  0.6203  0.6080  0.6749  0.6749  0.5024  0.5269  0.6451  0.5860  0.000040
epoch:867 0.6277  0.9249  0.7081  0.4799  0.4614  0.6154  0.6064  0.6733  0.6733  0.5155  0.5249  0.6426  0.5962  0.000040
epoch:868 0.6300  0.9360  0.6976  0.4720  0.4558  0.6426  0.6123  0.6779  0.6779  0.5060  0.5293  0.6668  0.5586  0.000040
epoch:869 0.6434  0.9352  0.6555  0.3892  0.4540  0.6423  0.6248  0.6904  0.6904  0.4988  0.5234  0.6655  0.5808  0.000040
epoch:870 0.6374  0.9375  0.7014  0.4944  0.4620  0.6458  0.6147  0.6843  0.6843  0.5381  0.5328  0.6718  0.5639  0.000040
epoch:871 0.6245  0.9256  0.6523  0.4696  0.4461  0.6132  0.6071  0.6721  0.6721  0.4988  0.5313  0.6380  0.5851  0.000040
epoch:872 0.6215  0.9255  0.6520  0.4776  0.4356  0.6102  0.6060  0.6710  0.6710  0.5071  0.5234  0.6361  0.5789  0.000040
epoch:873 0.6315  0.9360  0.6902  0.4791  0.4442  0.6338  0.6124  0.6787  0.6787  0.5107  0.5333  0.6568  0.6001  0.000040
epoch:874 0.6280  0.9377  0.6727  0.4602  0.4461  0.6442  0.6122  0.6805  0.6805  0.5107  0.5313  0.6689  0.5801  0.000040
epoch:875 0.6260  0.9248  0.6793  0.4766  0.4422  0.6170  0.6096  0.6741  0.6741  0.5071  0.5373  0.6417  0.5733  0.000040
epoch:876 0.6241  0.9167  0.6773  0.4762  0.4703  0.6039  0.6037  0.6717  0.6717  0.5119  0.5321  0.6288  0.5801  0.000040
epoch:877 0.6274  0.9236  0.6808  0.4001  0.4527  0.6149  0.6100  0.6744  0.6744  0.5202  0.5254  0.6375  0.5691  0.000040
epoch:878 0.6268  0.9349  0.6671  0.4692  0.4468  0.6337  0.6114  0.6760  0.6760  0.5024  0.5424  0.6560  0.5742  0.000040
epoch:879 0.6244  0.9355  0.6579  0.4667  0.4388  0.6178  0.6079  0.6723  0.6723  0.4940  0.5297  0.6398  0.5868  0.000040
epoch:880 0.6242  0.9254  0.6747  0.4709  0.4500  0.6153  0.6058  0.6719  0.6719  0.5024  0.5273  0.6412  0.5689  0.000040
epoch:881 0.6266  0.9361  0.6763  0.4622  0.4389  0.6337  0.6132  0.6773  0.6773  0.5107  0.5333  0.6549  0.5935  0.000040
epoch:882 0.6297  0.9247  0.6922  0.4791  0.4441  0.6199  0.6119  0.6781  0.6781  0.5107  0.5420  0.6451  0.5847  0.000040
epoch:883 0.6404  0.9252  0.6721  0.4692  0.4452  0.6241  0.6220  0.6877  0.6877  0.5024  0.5313  0.6483  0.5918  0.000040
epoch:884 0.6066  0.9167  0.6661  0.3844  0.4554  0.5789  0.5849  0.6515  0.6515  0.5155  0.5015  0.6064  0.5947  0.000040
epoch:885 0.6218  0.9179  0.6853  0.4585  0.4714  0.5999  0.6019  0.6671  0.6671  0.4893  0.5249  0.6251  0.5878  0.000040
epoch:886 0.6242  0.9177  0.6656  0.4697  0.4407  0.6119  0.6058  0.6729  0.6729  0.5024  0.5269  0.6337  0.5769  0.000040
epoch:887 0.6248  0.9245  0.6674  0.4609  0.4503  0.6198  0.6094  0.6737  0.6737  0.4929  0.5356  0.6454  0.5648  0.000040
epoch:888 0.6262  0.9361  0.6648  0.4519  0.4497  0.6296  0.6099  0.6762  0.6762  0.5024  0.5249  0.6533  0.5815  0.000040
epoch:889 0.6303  0.9395  0.6674  0.4616  0.4417  0.6403  0.6179  0.6828  0.6828  0.5107  0.5333  0.6651  0.5797  0.000040
epoch:890 0.6309  0.8980  0.6494  0.4709  0.4616  0.6149  0.6131  0.6799  0.6799  0.4988  0.5230  0.6404  0.5796  0.000040
epoch:891 0.6139  0.9184  0.6650  0.4709  0.4470  0.5939  0.5985  0.6641  0.6641  0.5024  0.5230  0.6195  0.5827  0.000040
epoch:892 0.6283  0.9386  0.6621  0.4666  0.4530  0.6249  0.6114  0.6781  0.6781  0.5119  0.5361  0.6493  0.5859  0.000040
epoch:893 0.6259  0.9352  0.6708  0.4621  0.4481  0.6263  0.6088  0.6759  0.6759  0.5107  0.5249  0.6501  0.5746  0.000040
epoch:894 0.6268  0.9361  0.6713  0.4622  0.4417  0.6267  0.6102  0.6767  0.6767  0.5107  0.5333  0.6499  0.5609  0.000040
epoch:895 0.6133  0.9184  0.6439  0.4668  0.4442  0.5933  0.5978  0.6625  0.6625  0.4940  0.5151  0.6190  0.5808  0.000040
epoch:896 0.6289  0.9354  0.6736  0.4791  0.4480  0.6399  0.6135  0.6777  0.6777  0.5107  0.5293  0.6650  0.5687  0.000040
epoch:897 0.6339  0.9342  0.6941  0.4891  0.4477  0.6415  0.6150  0.6819  0.6819  0.5202  0.5249  0.6661  0.5722  0.000040
epoch:898 0.6281  0.9246  0.6754  0.4612  0.4594  0.6193  0.6069  0.6750  0.6750  0.5036  0.5249  0.6459  0.5842  0.000040
epoch:899 0.6141  0.9250  0.6600  0.4594  0.4338  0.6077  0.5988  0.6647  0.6647  0.4845  0.5206  0.6343  0.5894  0.000040
epoch:900 0.6169  0.8986  0.6553  0.4739  0.4483  0.5993  0.5971  0.6651  0.6651  0.4988  0.5225  0.6232  0.6012  0.000040
epoch:901 0.6309  0.9391  0.6694  0.4676  0.4505  0.6470  0.6107  0.6791  0.6791  0.4976  0.5269  0.6699  0.5959  0.000040
epoch:902 0.6241  0.9255  0.6605  0.4667  0.4391  0.6104  0.6070  0.6713  0.6713  0.4940  0.5277  0.6340  0.5867  0.000040
epoch:903 0.6271  0.9354  0.6644  0.4737  0.4395  0.6259  0.6121  0.6773  0.6773  0.5071  0.5245  0.6517  0.5826  0.000040
epoch:904 0.6293  0.9381  0.6711  0.4728  0.4434  0.6447  0.6128  0.6797  0.6797  0.5024  0.5328  0.6705  0.5688  0.000040
epoch:905 0.6251  0.9247  0.6671  0.4720  0.4404  0.6178  0.6068  0.6745  0.6745  0.5036  0.5273  0.6433  0.5794  0.000040
epoch:906 0.6260  0.9398  0.6707  0.4722  0.4334  0.6491  0.6123  0.6796  0.6796  0.5190  0.5285  0.6742  0.5782  0.000040
epoch:907 0.6311  0.9403  0.6676  0.4572  0.4387  0.6652  0.6181  0.6842  0.6842  0.5107  0.5328  0.6885  0.5878  0.000040
epoch:908 0.6445  0.9353  0.6632  0.4702  0.4478  0.6435  0.6284  0.6953  0.6953  0.5202  0.5297  0.6681  0.5695  0.000040
epoch:909 0.6180  0.9254  0.6614  0.4667  0.4348  0.6106  0.6042  0.6707  0.6707  0.4940  0.5254  0.6383  0.5668  0.000040
epoch:910 0.6310  0.9352  0.6753  0.4630  0.4511  0.6495  0.6149  0.6818  0.6818  0.5155  0.5333  0.6734  0.5766  0.000040
epoch:911 0.6262  0.9248  0.6609  0.4754  0.4316  0.6199  0.6131  0.6770  0.6770  0.5071  0.5206  0.6477  0.5899  0.000040
epoch:912 0.6464  0.9254  0.6848  0.4355  0.4552  0.6379  0.6265  0.6931  0.6931  0.4690  0.5273  0.6607  0.5708  0.000040
epoch:913 0.6270  0.9355  0.6725  0.4624  0.4439  0.6236  0.6117  0.6768  0.6768  0.5071  0.5356  0.6451  0.5703  0.000040
epoch:914 0.6132  0.9187  0.6675  0.4596  0.4363  0.5953  0.5988  0.6635  0.6635  0.4893  0.5249  0.6195  0.5806  0.000040
epoch:915 0.6183  0.9178  0.6738  0.4817  0.4462  0.6039  0.6028  0.6696  0.6696  0.5119  0.5230  0.6304  0.5789  0.000040
epoch:916 0.6253  0.9366  0.6872  0.4720  0.4474  0.6178  0.6097  0.6740  0.6740  0.5060  0.5436  0.6398  0.5645  0.000040
epoch:917 0.6149  0.9165  0.6689  0.4838  0.4538  0.5893  0.5979  0.6634  0.6634  0.5107  0.5170  0.6166  0.5717  0.000040
epoch:918 0.6174  0.8991  0.6604  0.4735  0.4283  0.6030  0.5994  0.6659  0.6659  0.4988  0.5202  0.6242  0.5744  0.000040
epoch:919 0.6259  0.9356  0.6611  0.4740  0.4365  0.6298  0.6093  0.6755  0.6755  0.5071  0.5225  0.6533  0.5796  0.000040
epoch:920 0.6244  0.9254  0.6780  0.4317  0.4489  0.6157  0.6073  0.6732  0.6732  0.4690  0.5230  0.6404  0.5861  0.000040
epoch:921 0.6332  0.9385  0.6731  0.4666  0.4388  0.6601  0.6187  0.6866  0.6866  0.5107  0.5313  0.6858  0.5792  0.000040
epoch:922 0.6259  0.9250  0.6901  0.4720  0.4563  0.6113  0.6123  0.6763  0.6763  0.5060  0.5352  0.6379  0.5675  0.000040
epoch:923 0.6298  0.9247  0.6896  0.4776  0.4583  0.6158  0.6104  0.6772  0.6772  0.5107  0.5321  0.6398  0.5737  0.000040
epoch:924 0.6258  0.9246  0.6823  0.4555  0.4527  0.6148  0.6085  0.6748  0.6748  0.5060  0.5293  0.6375  0.5829  0.000040
epoch:925 0.6242  0.9186  0.6531  0.4334  0.4395  0.6126  0.6050  0.6712  0.6712  0.4607  0.5273  0.6338  0.5912  0.000040
epoch:926 0.6143  0.9159  0.6643  0.4733  0.4540  0.5906  0.5997  0.6666  0.6666  0.5024  0.5301  0.6190  0.5736  0.000040
epoch:927 0.6153  0.9184  0.6729  0.4709  0.4400  0.6026  0.5989  0.6651  0.6651  0.5024  0.5182  0.6275  0.5684  0.000040
epoch:928 0.6148  0.9254  0.6630  0.4689  0.4491  0.6004  0.6022  0.6666  0.6666  0.5024  0.5249  0.6275  0.5644  0.000040
epoch:929 0.6261  0.9248  0.6792  0.4650  0.4498  0.6179  0.6074  0.6745  0.6745  0.5024  0.5230  0.6417  0.5704  0.000040
epoch:930 0.6133  0.9162  0.6504  0.4649  0.4434  0.5912  0.5956  0.6616  0.6616  0.5024  0.5131  0.6161  0.5871  0.000040
epoch:931 0.6259  0.9254  0.6856  0.4771  0.4385  0.6144  0.6082  0.6741  0.6741  0.5107  0.5249  0.6377  0.5818  0.000040
epoch:932 0.6429  0.9249  0.6754  0.4665  0.4404  0.6353  0.6275  0.6919  0.6919  0.4976  0.5273  0.6581  0.5717  0.000040
epoch:933 0.6226  0.9247  0.6580  0.3875  0.4345  0.6143  0.6065  0.6716  0.6716  0.5024  0.5249  0.6377  0.5921  0.000040
epoch:934 0.6231  0.9352  0.6682  0.4633  0.4341  0.6257  0.6092  0.6739  0.6739  0.5119  0.5202  0.6499  0.5789  0.000040
epoch:935 0.6138  0.8962  0.6672  0.3848  0.4538  0.5929  0.5979  0.6645  0.6645  0.4821  0.5190  0.6193  0.5710  0.000040
epoch:936 0.6294  0.9365  0.6673  0.4728  0.4510  0.6372  0.6104  0.6757  0.6757  0.5024  0.5254  0.6589  0.5689  0.000040
epoch:937 0.6250  0.9385  0.6563  0.4610  0.4481  0.6334  0.6083  0.6756  0.6756  0.5071  0.5245  0.6602  0.5786  0.000040
epoch:938 0.6294  0.9255  0.6945  0.4771  0.4394  0.6194  0.6132  0.6783  0.6783  0.5107  0.5297  0.6422  0.5972  0.000040
epoch:939 0.6319  0.9361  0.6972  0.4747  0.4447  0.6308  0.6157  0.6805  0.6805  0.5060  0.5356  0.6544  0.5800  0.000040
epoch:940 0.6295  0.9351  0.6722  0.4547  0.4383  0.6414  0.6152  0.6832  0.6832  0.5071  0.5269  0.6686  0.5832  0.000040
epoch:941 0.6212  0.9186  0.6613  0.4712  0.4399  0.6081  0.6050  0.6686  0.6686  0.4988  0.5289  0.6300  0.5966  0.000040
epoch:942 0.6255  0.9358  0.6822  0.4612  0.4433  0.6275  0.6101  0.6754  0.6754  0.4929  0.5309  0.6520  0.5802  0.000040
epoch:943 0.6316  0.9378  0.6628  0.4577  0.4476  0.6618  0.6158  0.6850  0.6850  0.5071  0.5376  0.6848  0.5570  0.000040
epoch:944 0.6233  0.9192  0.6589  0.4712  0.4389  0.6025  0.6026  0.6682  0.6682  0.4988  0.5254  0.6232  0.5739  0.000040
epoch:945 0.6158  0.9354  0.6511  0.4667  0.4335  0.6192  0.6028  0.6670  0.6670  0.4940  0.5230  0.6460  0.5646  0.000040
epoch:946 0.6236  0.9255  0.6596  0.4647  0.4526  0.6128  0.6045  0.6710  0.6710  0.4940  0.5273  0.6361  0.5775  0.000040
epoch:947 0.6156  0.9159  0.6627  0.3697  0.4539  0.5917  0.5980  0.6643  0.6643  0.4690  0.5282  0.6164  0.5804  0.000040
epoch:948 0.6144  0.9254  0.6495  0.4633  0.4389  0.6061  0.5996  0.6658  0.6658  0.4940  0.5225  0.6328  0.5637  0.000040
epoch:949 0.6334  0.9405  0.6632  0.4641  0.4446  0.6648  0.6188  0.6846  0.6846  0.5155  0.5352  0.6877  0.5743  0.000040
epoch:950 0.6330  0.9399  0.6702  0.4705  0.4576  0.6512  0.6192  0.6850  0.6850  0.5202  0.5376  0.6771  0.5854  0.000040
epoch:951 0.6196  0.9244  0.6802  0.3860  0.4503  0.6086  0.6021  0.6689  0.6689  0.5024  0.5249  0.6335  0.5651  0.000040
epoch:952 0.6169  0.9184  0.6736  0.4497  0.4468  0.5980  0.6008  0.6664  0.6664  0.4774  0.5194  0.6222  0.5685  0.000040
epoch:953 0.6298  0.9394  0.6603  0.4697  0.4423  0.6317  0.6117  0.6803  0.6803  0.5119  0.5333  0.6573  0.5698  0.000040
epoch:954 0.6252  0.9256  0.6707  0.4722  0.4500  0.6164  0.6063  0.6728  0.6728  0.5024  0.5249  0.6401  0.5911  0.000040
epoch:955 0.6292  0.9254  0.6788  0.4709  0.4505  0.6159  0.6085  0.6760  0.6760  0.5024  0.5376  0.6390  0.5853  0.000040
epoch:956 0.6236  0.9257  0.6712  0.4720  0.4470  0.6107  0.6086  0.6714  0.6714  0.5060  0.5309  0.6340  0.5901  0.000040
epoch:957 0.6253  0.9388  0.6566  0.4610  0.4481  0.6373  0.6080  0.6770  0.6770  0.5071  0.5249  0.6623  0.5715  0.000040
epoch:958 0.6252  0.9248  0.6707  0.4931  0.4420  0.6094  0.6088  0.6728  0.6728  0.5250  0.5337  0.6335  0.5704  0.000040
epoch:959 0.6348  0.9393  0.6674  0.4692  0.4523  0.6494  0.6175  0.6861  0.6861  0.5155  0.5419  0.6745  0.5860  0.000040
epoch:960 0.6293  0.9243  0.6727  0.4876  0.4335  0.6322  0.6125  0.6796  0.6796  0.5202  0.5309  0.6591  0.5940  0.000040
epoch:961 0.6233  0.9251  0.6480  0.4664  0.4365  0.6205  0.6077  0.6724  0.6724  0.4940  0.5225  0.6499  0.5570  0.000040
epoch:962 0.6256  0.9185  0.6827  0.4828  0.4481  0.6131  0.6060  0.6729  0.6729  0.5155  0.5225  0.6343  0.5576  0.000040
epoch:963 0.6307  0.9382  0.6872  0.4725  0.4490  0.6490  0.6141  0.6804  0.6804  0.5190  0.5309  0.6726  0.5656  0.000040
epoch:964 0.6297  0.9234  0.6903  0.4442  0.4577  0.6179  0.6098  0.6779  0.6779  0.4774  0.5321  0.6414  0.5793  0.000040
epoch:965 0.6246  0.9355  0.6649  0.4709  0.4405  0.6230  0.6090  0.6730  0.6730  0.5024  0.5269  0.6475  0.5568  0.000040
epoch:966 0.6453  0.9352  0.6728  0.4856  0.4443  0.6510  0.6293  0.6956  0.6956  0.5202  0.5352  0.6774  0.5657  0.000040
epoch:967 0.6212  0.9254  0.6954  0.4833  0.4432  0.6082  0.6063  0.6727  0.6727  0.5155  0.5277  0.6354  0.6099  0.000040
epoch:968 0.6137  0.9161  0.6634  0.3768  0.4569  0.5906  0.5954  0.6617  0.6617  0.4738  0.5210  0.6169  0.5782  0.000040
epoch:969 0.6148  0.9151  0.6685  0.4824  0.4502  0.5936  0.5988  0.6651  0.6651  0.5107  0.5146  0.6201  0.5883  0.000040
epoch:970 0.6234  0.9349  0.6631  0.4776  0.4438  0.6231  0.6050  0.6715  0.6715  0.5071  0.5206  0.6470  0.5744  0.000040
epoch:971 0.6155  0.9157  0.6890  0.3904  0.4585  0.5936  0.6010  0.6663  0.6663  0.5024  0.5337  0.6196  0.5812  0.000040
epoch:972 0.6155  0.9254  0.6544  0.4766  0.4456  0.6039  0.5999  0.6654  0.6654  0.5071  0.5210  0.6304  0.5736  0.000040
epoch:973 0.6260  0.9255  0.6753  0.4639  0.4498  0.6184  0.6070  0.6735  0.6735  0.4893  0.5273  0.6438  0.5804  0.000040
epoch:974 0.6291  0.9370  0.6676  0.4692  0.4488  0.6476  0.6148  0.6782  0.6782  0.5024  0.5412  0.6705  0.5660  0.000040
epoch:975 0.6227  0.9243  0.6640  0.4351  0.4495  0.6114  0.6039  0.6692  0.6692  0.4643  0.5127  0.6364  0.5924  0.000040
epoch:976 0.6320  0.9405  0.6638  0.4669  0.4497  0.6632  0.6211  0.6866  0.6866  0.5202  0.5309  0.6895  0.5803  0.000040
epoch:977 0.6146  0.9177  0.6754  0.3899  0.4462  0.6027  0.5991  0.6657  0.6657  0.5024  0.5206  0.6280  0.5694  0.000040
epoch:978 0.6253  0.9254  0.6705  0.4640  0.4507  0.6167  0.6067  0.6742  0.6742  0.5024  0.5249  0.6403  0.5875  0.000040
epoch:979 0.6339  0.9389  0.6594  0.4610  0.4541  0.6593  0.6199  0.6872  0.6872  0.5071  0.5337  0.6850  0.5610  0.000040
epoch:980 0.6245  0.9350  0.6575  0.4647  0.4383  0.6301  0.6081  0.6732  0.6732  0.4940  0.5249  0.6533  0.5827  0.000040
epoch:981 0.6249  0.9248  0.6659  0.4709  0.4365  0.6149  0.6059  0.6725  0.6725  0.5024  0.5249  0.6380  0.5643  0.000040
epoch:982 0.6257  0.9254  0.6766  0.4626  0.4541  0.6146  0.6095  0.6733  0.6733  0.4976  0.5273  0.6377  0.5717  0.000040
epoch:983 0.6339  0.9390  0.6729  0.4634  0.4702  0.6420  0.6142  0.6807  0.6807  0.5119  0.5376  0.6679  0.5746  0.000040
epoch:984 0.6310  0.9397  0.6508  0.4519  0.4515  0.6487  0.6151  0.6823  0.6823  0.5024  0.5313  0.6725  0.5804  0.000040
epoch:985 0.6170  0.9248  0.6717  0.4709  0.4502  0.6077  0.6020  0.6681  0.6681  0.4988  0.5230  0.6346  0.5678  0.000040
epoch:986 0.6205  0.9171  0.6738  0.4388  0.4480  0.6100  0.6044  0.6709  0.6709  0.4690  0.5194  0.6341  0.5626  0.000040
epoch:987 0.6367  0.9399  0.6870  0.4647  0.4576  0.6686  0.6228  0.6896  0.6896  0.5155  0.5356  0.6929  0.5602  0.000040
epoch:988 0.6298  0.9356  0.6699  0.4744  0.4494  0.6270  0.6139  0.6800  0.6800  0.5167  0.5400  0.6510  0.5931  0.000040
epoch:989 0.6174  0.9183  0.6706  0.4728  0.4550  0.5955  0.6000  0.6671  0.6671  0.4988  0.5297  0.6211  0.5726  0.000040
epoch:990 0.6297  0.9245  0.6876  0.4750  0.4569  0.6215  0.6128  0.6805  0.6805  0.5071  0.5293  0.6467  0.5453  0.000040
epoch:991 0.6234  0.9251  0.6480  0.4529  0.4513  0.6195  0.6115  0.6768  0.6768  0.5071  0.5249  0.6480  0.5714  0.000040
epoch:992 0.6289  0.9251  0.6843  0.4810  0.4448  0.6118  0.6091  0.6763  0.6763  0.5119  0.5321  0.6351  0.5833  0.000040
epoch:993 0.6300  0.9403  0.6581  0.4634  0.4455  0.6590  0.6156  0.6826  0.6826  0.5119  0.5328  0.6824  0.5881  0.000040
epoch:994 0.6309  0.9357  0.6651  0.4783  0.4535  0.6302  0.6184  0.6844  0.6844  0.5214  0.5380  0.6562  0.5526  0.000040
epoch:995 0.6195  0.9251  0.6868  0.4776  0.4507  0.6078  0.6049  0.6687  0.6687  0.5107  0.5249  0.6328  0.5770  0.000040
epoch:996 0.6226  0.9183  0.6877  0.4769  0.4506  0.6096  0.6078  0.6726  0.6726  0.5060  0.5333  0.6335  0.5613  0.000040
epoch:997 0.6416  0.9255  0.6604  0.4759  0.4505  0.6311  0.6272  0.6903  0.6903  0.5071  0.5313  0.6544  0.5631  0.000040
epoch:998 0.6311  0.9397  0.6537  0.4472  0.4442  0.6473  0.6200  0.6865  0.6865  0.5024  0.5380  0.6749  0.5756  0.000040
epoch:999 0.6341  0.9401  0.6558  0.4664  0.4543  0.6489  0.6208  0.6869  0.6869  0.5119  0.5317  0.6768  0.5723  0.000040
epoch:1000 0.6292  0.9256  0.6752  0.4709  0.4519  0.6211  0.6155  0.6801  0.6801  0.4988  0.5273  0.6469  0.5791  0.000040
