epoch:0 0.0565  0.1215  0.0408  0.0167  0.1231  0.0400  0.0778  0.1130  0.1338  0.1095  0.1941  0.1094  1.9023  0.004000
epoch:1 0.2832  0.5956  0.2361  0.2026  0.2483  0.2834  0.3550  0.4254  0.4281  0.3952  0.3049  0.3844  1.0916  0.004000
epoch:2 0.4422  0.7972  0.4245  0.3191  0.3014  0.4247  0.4173  0.5251  0.5260  0.4750  0.4109  0.4749  0.8036  0.004000
epoch:3 0.4965  0.8226  0.4491  0.2908  0.3490  0.4909  0.4810  0.5636  0.5636  0.4512  0.4259  0.5289  0.6722  0.004000
epoch:4 0.5147  0.8183  0.4955  0.2853  0.3847  0.4927  0.4969  0.5668  0.5677  0.4571  0.4425  0.5172  0.5774  0.004000
epoch:5 0.5861  0.8908  0.5662  0.3882  0.4465  0.5476  0.5585  0.6190  0.6190  0.4286  0.5036  0.5637  0.5070  0.004000
epoch:6 0.6167  0.9043  0.6665  0.3790  0.4735  0.5740  0.5938  0.6556  0.6556  0.4155  0.5384  0.5944  0.4633  0.004000
epoch:7 0.6326  0.9173  0.6974  0.4660  0.4830  0.5910  0.6043  0.6715  0.6715  0.5250  0.5682  0.6082  0.4171  0.004000
epoch:8 0.6195  0.9161  0.6692  0.4008  0.4882  0.5856  0.5993  0.6638  0.6638  0.4452  0.5461  0.6091  0.3927  0.004000
epoch:9 0.6131  0.9260  0.6883  0.4408  0.4727  0.5803  0.5886  0.6530  0.6530  0.4869  0.5420  0.6006  0.3662  0.004000
epoch:10 0.6283  0.9220  0.6975  0.3262  0.5105  0.5878  0.6043  0.6683  0.6683  0.4333  0.5745  0.6101  0.3457  0.004000
epoch:11 0.6465  0.9466  0.6643  0.4758  0.4691  0.6310  0.6275  0.6920  0.6920  0.5381  0.5405  0.6579  0.3195  0.004000
epoch:12 0.6556  0.9297  0.6948  0.4527  0.4671  0.6307  0.6314  0.6953  0.6953  0.4881  0.5513  0.6478  0.3104  0.004000
epoch:13 0.6657  0.9535  0.6983  0.4505  0.4781  0.6477  0.6365  0.7018  0.7018  0.5333  0.5423  0.6660  0.2998  0.004000
epoch:14 0.6477  0.9427  0.6707  0.4587  0.4603  0.6543  0.6219  0.6847  0.6847  0.4929  0.5369  0.6757  0.2880  0.004000
epoch:15 0.6412  0.9459  0.6977  0.4865  0.4798  0.6312  0.6217  0.6845  0.6845  0.5369  0.5508  0.6549  0.2765  0.004000
epoch:16 0.6649  0.9477  0.6977  0.4960  0.4828  0.6481  0.6376  0.7011  0.7011  0.5417  0.5528  0.6671  0.2467  0.000400
epoch:17 0.6676  0.9469  0.7154  0.4400  0.4755  0.6681  0.6411  0.7052  0.7052  0.4952  0.5492  0.6832  0.2316  0.000400
epoch:18 0.6629  0.9378  0.6904  0.3825  0.4735  0.6519  0.6358  0.6992  0.6992  0.5238  0.5444  0.6660  0.2288  0.000400
epoch:19 0.6665  0.9509  0.7275  0.4424  0.4762  0.6655  0.6381  0.7009  0.7009  0.4821  0.5468  0.6808  0.2246  0.000400
epoch:20 0.6626  0.9507  0.7294  0.4549  0.4789  0.6588  0.6342  0.6985  0.6985  0.5000  0.5507  0.6767  0.2211  0.000400
epoch:21 0.6676  0.9490  0.7139  0.4357  0.4850  0.6490  0.6348  0.6992  0.6992  0.4833  0.5492  0.6636  0.2177  0.000400
epoch:22 0.6633  0.9497  0.7004  0.4214  0.4834  0.6694  0.6331  0.6978  0.6978  0.4750  0.5511  0.6851  0.2166  0.000040
epoch:23 0.6640  0.9508  0.7108  0.4250  0.4773  0.6694  0.6354  0.6985  0.6985  0.4750  0.5448  0.6854  0.2172  0.000040
epoch:24 0.6690  0.9499  0.7202  0.4335  0.4826  0.6613  0.6396  0.7024  0.7024  0.4869  0.5515  0.6745  0.2163  0.000040
epoch:25 0.6610  0.9502  0.7110  0.4362  0.4822  0.6616  0.6365  0.7002  0.7002  0.4917  0.5551  0.6788  0.2160  0.000040
epoch:26 0.6741  0.9512  0.7353  0.4458  0.4921  0.6665  0.6441  0.7084  0.7084  0.4952  0.5717  0.6795  0.2164  0.000040
epoch:27 0.6740  0.9496  0.7345  0.3952  0.4821  0.6768  0.6402  0.7065  0.7065  0.5095  0.5483  0.6900  0.2145  0.000040
epoch:28 0.6696  0.9514  0.7333  0.4590  0.4868  0.6760  0.6439  0.7076  0.7076  0.5048  0.5595  0.6936  0.2124  0.000040
epoch:29 0.6613  0.9507  0.7305  0.4551  0.4855  0.6696  0.6354  0.6991  0.6991  0.5000  0.5567  0.6867  0.2166  0.000040
epoch:30 0.6627  0.9502  0.7031  0.4286  0.4803  0.6607  0.6348  0.6973  0.6973  0.4821  0.5468  0.6764  0.2151  0.000040
epoch:31 0.6611  0.9507  0.7245  0.4518  0.4770  0.6506  0.6346  0.6974  0.6974  0.4952  0.5511  0.6655  0.2105  0.000040
epoch:32 0.6644  0.9503  0.7095  0.4380  0.4805  0.6621  0.6389  0.7023  0.7023  0.4917  0.5551  0.6806  0.2139  0.000040
epoch:33 0.6624  0.9483  0.7112  0.3748  0.4783  0.6520  0.6310  0.6948  0.6948  0.4869  0.5424  0.6695  0.2112  0.000040
epoch:34 0.6593  0.9495  0.7137  0.3801  0.4801  0.6454  0.6314  0.6955  0.6955  0.4952  0.5448  0.6634  0.2131  0.000040
epoch:35 0.6648  0.9502  0.7244  0.3944  0.4812  0.6613  0.6354  0.6994  0.6994  0.5048  0.5459  0.6782  0.2111  0.000040
epoch:36 0.6541  0.9459  0.7025  0.4403  0.4796  0.6418  0.6281  0.6916  0.6916  0.4821  0.5424  0.6648  0.2124  0.000040
epoch:37 0.6696  0.9508  0.7286  0.4659  0.4744  0.6784  0.6412  0.7046  0.7046  0.5095  0.5448  0.6928  0.2137  0.000040
epoch:38 0.6598  0.9450  0.7173  0.3868  0.4830  0.6532  0.6348  0.6986  0.6986  0.4952  0.5496  0.6735  0.2129  0.000040
epoch:39 0.6597  0.9460  0.7120  0.3769  0.4781  0.6599  0.6356  0.6996  0.6996  0.4869  0.5468  0.6793  0.2112  0.000040
epoch:40 0.6520  0.9298  0.7136  0.3882  0.4728  0.6290  0.6243  0.6874  0.6874  0.5119  0.5468  0.6495  0.2104  0.000040
epoch:41 0.6540  0.9466  0.7304  0.3688  0.4794  0.6546  0.6314  0.6942  0.6942  0.4952  0.5424  0.6778  0.2143  0.000040
epoch:42 0.6654  0.9456  0.7264  0.3735  0.4805  0.6535  0.6379  0.7022  0.7022  0.4952  0.5487  0.6705  0.2115  0.000040
epoch:43 0.6552  0.9456  0.7009  0.3949  0.4801  0.6419  0.6315  0.6956  0.6956  0.5202  0.5468  0.6664  0.2104  0.000040
epoch:44 0.6607  0.9471  0.7354  0.4616  0.4823  0.6541  0.6386  0.7025  0.7025  0.5095  0.5551  0.6756  0.2092  0.000040
epoch:45 0.6621  0.9474  0.7280  0.4414  0.4830  0.6602  0.6381  0.7021  0.7021  0.4917  0.5610  0.6784  0.2106  0.000040
epoch:46 0.6723  0.9504  0.7261  0.4775  0.4821  0.6668  0.6415  0.7059  0.7059  0.5190  0.5547  0.6792  0.2107  0.000040
epoch:47 0.6598  0.9464  0.7177  0.4400  0.4819  0.6498  0.6350  0.6987  0.6987  0.4917  0.5492  0.6716  0.2121  0.000040
epoch:48 0.6680  0.9471  0.7234  0.4503  0.4787  0.6680  0.6434  0.7074  0.7074  0.5048  0.5571  0.6850  0.2096  0.000040
epoch:49 0.6500  0.9455  0.6984  0.3849  0.4737  0.6426  0.6283  0.6927  0.6927  0.4964  0.5424  0.6675  0.2095  0.000040
epoch:50 0.6669  0.9511  0.7378  0.4662  0.4812  0.6728  0.6390  0.7030  0.7030  0.5095  0.5492  0.6888  0.2114  0.000040
epoch:51 0.6534  0.9469  0.7150  0.4594  0.4772  0.6527  0.6329  0.6969  0.6969  0.5048  0.5547  0.6743  0.2093  0.000040
epoch:52 0.6514  0.9454  0.6994  0.3903  0.4789  0.6489  0.6287  0.6930  0.6930  0.5214  0.5448  0.6709  0.2114  0.000040
epoch:53 0.6709  0.9470  0.7312  0.4584  0.4824  0.6699  0.6447  0.7080  0.7080  0.5048  0.5575  0.6850  0.2094  0.000040
epoch:54 0.6552  0.9469  0.7041  0.3885  0.4793  0.6597  0.6342  0.6973  0.6973  0.4917  0.5527  0.6812  0.2082  0.000040
epoch:55 0.6575  0.9474  0.6968  0.4263  0.4814  0.6683  0.6364  0.6998  0.6998  0.4786  0.5590  0.6870  0.2088  0.000040
epoch:56 0.6609  0.9471  0.7196  0.4867  0.4764  0.6535  0.6377  0.7014  0.7014  0.5333  0.5507  0.6729  0.2129  0.000040
epoch:57 0.6639  0.9460  0.7135  0.3944  0.4762  0.6526  0.6364  0.7004  0.7004  0.5048  0.5464  0.6716  0.2076  0.000040
epoch:58 0.6547  0.9351  0.7013  0.3929  0.4679  0.6445  0.6304  0.6929  0.6929  0.5202  0.5321  0.6666  0.2097  0.000040
epoch:59 0.6609  0.9459  0.7007  0.3799  0.4747  0.6735  0.6408  0.7039  0.7039  0.4964  0.5532  0.6920  0.2068  0.000040
epoch:60 0.6560  0.9459  0.6814  0.3716  0.4788  0.6450  0.6343  0.6977  0.6977  0.4869  0.5511  0.6690  0.2069  0.000040
epoch:61 0.6538  0.9452  0.6845  0.3662  0.4738  0.6460  0.6328  0.6950  0.6950  0.4821  0.5448  0.6679  0.2093  0.000040
epoch:62 0.6668  0.9471  0.7114  0.4824  0.4756  0.6669  0.6434  0.7071  0.7071  0.5298  0.5492  0.6845  0.2067  0.000040
epoch:63 0.6496  0.9263  0.6948  0.4053  0.4632  0.6297  0.6291  0.6928  0.6928  0.5298  0.5420  0.6602  0.2073  0.000040
epoch:64 0.6694  0.9478  0.7117  0.4623  0.4749  0.6768  0.6434  0.7077  0.7077  0.5095  0.5464  0.6948  0.2080  0.000040
epoch:65 0.6555  0.9344  0.6886  0.3809  0.4687  0.6468  0.6327  0.6955  0.6955  0.5119  0.5472  0.6706  0.2071  0.000040
epoch:66 0.6680  0.9457  0.7210  0.4110  0.4749  0.6727  0.6428  0.7071  0.7071  0.5333  0.5487  0.6935  0.2075  0.000040
epoch:67 0.6593  0.9469  0.7308  0.4596  0.4791  0.6556  0.6374  0.7011  0.7011  0.5000  0.5515  0.6769  0.2067  0.000040
epoch:68 0.6627  0.9453  0.6901  0.3928  0.4745  0.6529  0.6389  0.7023  0.7023  0.5298  0.5448  0.6739  0.2071  0.000040
epoch:69 0.6575  0.9362  0.6813  0.3793  0.4698  0.6465  0.6371  0.6993  0.6993  0.5071  0.5452  0.6668  0.2053  0.000040
epoch:70 0.6613  0.9469  0.7301  0.4910  0.4815  0.6596  0.6409  0.7046  0.7046  0.5333  0.5595  0.6798  0.2060  0.000040
epoch:71 0.6483  0.9355  0.7024  0.3977  0.4744  0.6375  0.6258  0.6889  0.6889  0.5250  0.5361  0.6611  0.2064  0.000040
epoch:72 0.6547  0.9444  0.6857  0.3724  0.4763  0.6494  0.6325  0.6966  0.6966  0.4869  0.5492  0.6727  0.2055  0.000040
epoch:73 0.6546  0.9471  0.6782  0.4427  0.4776  0.6467  0.6323  0.6957  0.6957  0.4964  0.5504  0.6687  0.2057  0.000040
epoch:74 0.6533  0.9463  0.7150  0.4278  0.4804  0.6459  0.6334  0.6962  0.6962  0.4786  0.5555  0.6692  0.2058  0.000040
epoch:75 0.6544  0.9350  0.7046  0.3858  0.4708  0.6390  0.6309  0.6940  0.6940  0.4917  0.5468  0.6608  0.2028  0.000040
epoch:76 0.6674  0.9470  0.7163  0.4430  0.4788  0.6779  0.6433  0.7073  0.7073  0.4917  0.5590  0.6943  0.2051  0.000040
epoch:77 0.6616  0.9462  0.7137  0.4163  0.4823  0.6642  0.6390  0.7043  0.7043  0.5429  0.5555  0.6859  0.2070  0.000040
epoch:78 0.6660  0.9456  0.7175  0.3802  0.4787  0.6603  0.6398  0.7039  0.7039  0.4869  0.5515  0.6803  0.2044  0.000040
epoch:79 0.6645  0.9440  0.6999  0.3836  0.4647  0.6706  0.6378  0.7019  0.7019  0.4917  0.5384  0.6890  0.2053  0.000040
epoch:80 0.6518  0.9459  0.7006  0.4593  0.4769  0.6505  0.6300  0.6946  0.6946  0.5000  0.5492  0.6741  0.2051  0.000040
epoch:81 0.6598  0.9461  0.7008  0.3821  0.4765  0.6689  0.6375  0.7018  0.7018  0.4964  0.5487  0.6893  0.2052  0.000040
epoch:82 0.6671  0.9460  0.7262  0.4074  0.4795  0.6668  0.6437  0.7070  0.7070  0.5333  0.5555  0.6864  0.2042  0.000040
epoch:83 0.6594  0.9473  0.7181  0.3832  0.4801  0.6636  0.6390  0.7033  0.7033  0.5000  0.5590  0.6854  0.2042  0.000040
epoch:84 0.6626  0.9455  0.7024  0.4051  0.4754  0.6516  0.6373  0.7019  0.7019  0.5333  0.5487  0.6716  0.2048  0.000040
epoch:85 0.6675  0.9461  0.6898  0.4535  0.4813  0.6664  0.6439  0.7079  0.7079  0.4964  0.5595  0.6853  0.2029  0.000040
epoch:86 0.6547  0.9449  0.6848  0.3869  0.4775  0.6452  0.6328  0.6969  0.6969  0.5167  0.5472  0.6695  0.2068  0.000040
epoch:87 0.6495  0.9450  0.6956  0.4050  0.4639  0.6485  0.6284  0.6922  0.6922  0.5250  0.5424  0.6698  0.2059  0.000040
epoch:88 0.6644  0.9469  0.6860  0.4561  0.4739  0.6744  0.6405  0.7045  0.7045  0.4964  0.5440  0.6943  0.2042  0.000040
epoch:89 0.6603  0.9454  0.7072  0.4595  0.4836  0.6516  0.6356  0.7000  0.7000  0.4964  0.5555  0.6758  0.2041  0.000040
epoch:90 0.6570  0.9464  0.6803  0.4430  0.4777  0.6537  0.6326  0.6963  0.6963  0.4833  0.5464  0.6748  0.2056  0.000040
epoch:91 0.6604  0.9463  0.7146  0.3959  0.4735  0.6706  0.6383  0.7030  0.7030  0.5048  0.5464  0.6946  0.2022  0.000040
epoch:92 0.6609  0.9469  0.7120  0.4689  0.4752  0.6704  0.6403  0.7043  0.7043  0.5048  0.5547  0.6915  0.2016  0.000040
epoch:93 0.6624  0.9470  0.6852  0.4525  0.4774  0.6801  0.6398  0.7035  0.7035  0.4917  0.5567  0.7002  0.2038  0.000040
epoch:94 0.6556  0.9465  0.6975  0.4415  0.4734  0.6547  0.6368  0.7005  0.7005  0.4833  0.5551  0.6758  0.2041  0.000040
epoch:95 0.6691  0.9470  0.7139  0.4569  0.4797  0.6838  0.6467  0.7097  0.7097  0.4917  0.5654  0.7046  0.2048  0.000040
epoch:96 0.6652  0.9468  0.6849  0.4481  0.4785  0.6684  0.6425  0.7056  0.7056  0.4964  0.5532  0.6877  0.2027  0.000040
epoch:97 0.6468  0.9456  0.7001  0.3689  0.4713  0.6476  0.6289  0.6927  0.6927  0.4774  0.5468  0.6712  0.2029  0.000040
epoch:98 0.6553  0.9455  0.6745  0.3754  0.4739  0.6637  0.6339  0.6976  0.6976  0.4786  0.5483  0.6856  0.2030  0.000040
epoch:99 0.6607  0.9471  0.7131  0.4556  0.4805  0.6545  0.6386  0.7020  0.7020  0.5000  0.5595  0.6766  0.2017  0.000040
epoch:100 0.6457  0.9161  0.7045  0.3906  0.4784  0.6208  0.6269  0.6900  0.6900  0.5202  0.5535  0.6447  0.2042  0.000040
epoch:101 0.6606  0.9454  0.6755  0.3873  0.4791  0.6478  0.6335  0.6987  0.6987  0.4929  0.5487  0.6700  0.2038  0.000040
epoch:102 0.6653  0.9469  0.6917  0.4382  0.4799  0.6756  0.6431  0.7059  0.7059  0.4786  0.5575  0.6927  0.2023  0.000040
epoch:103 0.6566  0.9265  0.6779  0.3811  0.4711  0.6397  0.6336  0.6967  0.6967  0.5071  0.5487  0.6597  0.2004  0.000040
epoch:104 0.6593  0.9461  0.7257  0.4126  0.4752  0.6554  0.6386  0.7030  0.7030  0.5381  0.5496  0.6774  0.2008  0.000040
epoch:105 0.6506  0.9451  0.7010  0.4042  0.4780  0.6431  0.6311  0.6958  0.6958  0.5298  0.5515  0.6696  0.2003  0.000040
epoch:106 0.6644  0.9470  0.6757  0.4406  0.4788  0.6654  0.6412  0.7058  0.7058  0.4869  0.5567  0.6848  0.2011  0.000040
epoch:107 0.6583  0.9467  0.6973  0.3999  0.4762  0.6537  0.6357  0.6994  0.6994  0.5000  0.5511  0.6743  0.2031  0.000040
epoch:108 0.6575  0.9336  0.6934  0.3925  0.4668  0.6534  0.6348  0.6979  0.6979  0.5167  0.5468  0.6729  0.2024  0.000040
epoch:109 0.6435  0.9333  0.7018  0.3689  0.4883  0.6313  0.6280  0.6911  0.6911  0.5071  0.5702  0.6577  0.2036  0.000040
epoch:110 0.6564  0.9456  0.7052  0.4474  0.4713  0.6483  0.6318  0.6956  0.6956  0.4869  0.5424  0.6703  0.2025  0.000040
epoch:111 0.6649  0.9461  0.7212  0.3886  0.4781  0.6737  0.6425  0.7062  0.7062  0.4917  0.5531  0.6930  0.2028  0.000040
epoch:112 0.6463  0.9354  0.6794  0.3941  0.4649  0.6413  0.6300  0.6934  0.6934  0.5214  0.5472  0.6648  0.1983  0.000040
epoch:113 0.6619  0.9461  0.7386  0.3945  0.4785  0.6694  0.6396  0.7030  0.7030  0.4917  0.5492  0.6904  0.2009  0.000040
epoch:114 0.6588  0.9476  0.6857  0.4362  0.4733  0.6719  0.6355  0.7004  0.7004  0.4798  0.5483  0.6909  0.2020  0.000040
epoch:115 0.6488  0.9347  0.7095  0.4083  0.4705  0.6387  0.6293  0.6930  0.6930  0.5298  0.5507  0.6675  0.2004  0.000040
epoch:116 0.6516  0.9444  0.6970  0.3945  0.4691  0.6555  0.6289  0.6936  0.6936  0.4917  0.5428  0.6791  0.2011  0.000040
epoch:117 0.6612  0.9477  0.7099  0.4709  0.4746  0.6663  0.6380  0.7020  0.7020  0.5095  0.5492  0.6870  0.2004  0.000040
epoch:118 0.6521  0.9355  0.6809  0.3814  0.4734  0.6422  0.6295  0.6929  0.6929  0.4881  0.5468  0.6637  0.1997  0.000040
epoch:119 0.6576  0.9450  0.6854  0.3980  0.4793  0.6650  0.6369  0.7007  0.7007  0.5119  0.5496  0.6870  0.2017  0.000040
epoch:120 0.6527  0.9346  0.6967  0.3751  0.4678  0.6428  0.6302  0.6936  0.6936  0.4869  0.5380  0.6711  0.2014  0.000040
epoch:121 0.6471  0.9448  0.6866  0.3726  0.4808  0.6330  0.6273  0.6911  0.6911  0.4786  0.5575  0.6577  0.2006  0.000040
epoch:122 0.6425  0.9259  0.6865  0.3807  0.4666  0.6312  0.6269  0.6894  0.6894  0.5107  0.5487  0.6558  0.2002  0.000040
epoch:123 0.6570  0.9461  0.7006  0.3999  0.4770  0.6592  0.6386  0.7017  0.7017  0.5000  0.5555  0.6822  0.1987  0.000040
epoch:124 0.6520  0.9362  0.7088  0.3944  0.4718  0.6539  0.6337  0.6965  0.6965  0.5000  0.5448  0.6791  0.1985  0.000040
epoch:125 0.6588  0.9354  0.6944  0.3561  0.4822  0.6627  0.6367  0.6998  0.6998  0.5167  0.5515  0.6835  0.1981  0.000040
epoch:126 0.6565  0.9465  0.7001  0.4357  0.4845  0.6498  0.6349  0.6984  0.6984  0.4738  0.5599  0.6711  0.2003  0.000040
epoch:127 0.6633  0.9355  0.6878  0.3769  0.4831  0.6572  0.6392  0.7026  0.7026  0.4786  0.5555  0.6779  0.1992  0.000040
epoch:128 0.6548  0.9278  0.6931  0.3684  0.4777  0.6395  0.6319  0.6947  0.6947  0.4786  0.5492  0.6581  0.2001  0.000040
epoch:129 0.6496  0.9346  0.7067  0.3751  0.4756  0.6422  0.6292  0.6935  0.6935  0.4869  0.5550  0.6720  0.2003  0.000040
epoch:130 0.6575  0.9451  0.6975  0.3726  0.4779  0.6549  0.6353  0.6987  0.6987  0.4833  0.5496  0.6753  0.1986  0.000040
epoch:131 0.6597  0.9351  0.6995  0.3729  0.4776  0.6700  0.6378  0.7012  0.7012  0.5202  0.5492  0.6896  0.1978  0.000040
epoch:132 0.6469  0.9349  0.6803  0.3690  0.4767  0.6555  0.6286  0.6917  0.6917  0.4738  0.5507  0.6778  0.1983  0.000040
epoch:133 0.6540  0.9456  0.6999  0.3789  0.4900  0.6528  0.6342  0.6976  0.6976  0.4833  0.5642  0.6767  0.1971  0.000040
epoch:134 0.6508  0.9344  0.6999  0.4007  0.4712  0.6484  0.6320  0.6957  0.6957  0.5202  0.5531  0.6749  0.1975  0.000040
epoch:135 0.6643  0.9362  0.7010  0.3769  0.4844  0.6574  0.6395  0.7026  0.7026  0.4786  0.5535  0.6784  0.1985  0.000040
epoch:136 0.6528  0.9345  0.6859  0.3714  0.4737  0.6427  0.6314  0.6948  0.6948  0.5071  0.5467  0.6695  0.1987  0.000040
epoch:137 0.6645  0.9465  0.6990  0.4520  0.4711  0.6720  0.6403  0.7030  0.7030  0.4869  0.5424  0.6914  0.1964  0.000040
epoch:138 0.6648  0.9325  0.6985  0.3799  0.4764  0.6752  0.6422  0.7053  0.7053  0.4881  0.5527  0.6941  0.1968  0.000040
epoch:139 0.6601  0.9465  0.6915  0.4452  0.4862  0.6562  0.6370  0.7014  0.7014  0.4833  0.5599  0.6780  0.1966  0.000040
epoch:140 0.6587  0.9461  0.6889  0.3985  0.4847  0.6542  0.6362  0.7009  0.7009  0.5250  0.5531  0.6767  0.1985  0.000040
epoch:141 0.6618  0.9460  0.6855  0.3852  0.4781  0.6682  0.6386  0.7023  0.7023  0.4964  0.5511  0.6880  0.1969  0.000040
epoch:142 0.6590  0.9466  0.6962  0.4396  0.4762  0.6688  0.6355  0.6992  0.6992  0.4798  0.5508  0.6886  0.1981  0.000040
epoch:143 0.6672  0.9463  0.6954  0.4577  0.4769  0.6768  0.6417  0.7057  0.7057  0.4917  0.5487  0.6967  0.1991  0.000040
epoch:144 0.6613  0.9455  0.7098  0.3943  0.4854  0.6528  0.6371  0.7008  0.7008  0.5000  0.5535  0.6750  0.1967  0.000040
epoch:145 0.6708  0.9466  0.7250  0.3908  0.4834  0.6772  0.6460  0.7097  0.7097  0.5000  0.5590  0.6961  0.1974  0.000040
epoch:146 0.6570  0.9447  0.6886  0.3793  0.4782  0.6517  0.6312  0.6952  0.6952  0.4833  0.5448  0.6769  0.1946  0.000040
epoch:147 0.6660  0.9455  0.6910  0.3848  0.4856  0.6637  0.6403  0.7049  0.7049  0.4881  0.5586  0.6837  0.1947  0.000040
epoch:148 0.6676  0.9468  0.6927  0.3823  0.4812  0.6754  0.6404  0.7047  0.7047  0.4881  0.5567  0.6925  0.1959  0.000040
epoch:149 0.6584  0.9464  0.7084  0.4461  0.4786  0.6576  0.6361  0.6986  0.6986  0.4786  0.5512  0.6780  0.1962  0.000040
epoch:150 0.6510  0.9459  0.6875  0.3852  0.4829  0.6489  0.6299  0.6940  0.6940  0.4881  0.5560  0.6735  0.1971  0.000040
epoch:151 0.6509  0.9454  0.6925  0.4357  0.4797  0.6537  0.6293  0.6933  0.6933  0.4738  0.5468  0.6767  0.1963  0.000040
epoch:152 0.6624  0.9470  0.7207  0.4487  0.4791  0.6650  0.6402  0.7030  0.7030  0.5000  0.5508  0.6862  0.1964  0.000040
epoch:153 0.6651  0.9464  0.6993  0.4159  0.4826  0.6738  0.6410  0.7047  0.7047  0.5345  0.5551  0.6943  0.1963  0.000040
epoch:154 0.6488  0.9345  0.6939  0.3813  0.4669  0.6466  0.6303  0.6934  0.6934  0.4821  0.5428  0.6709  0.1957  0.000040
epoch:155 0.6677  0.9477  0.7190  0.4393  0.4774  0.6778  0.6422  0.7057  0.7057  0.4821  0.5508  0.6951  0.1959  0.000040
epoch:156 0.6579  0.9466  0.6939  0.3983  0.4726  0.6569  0.6348  0.6988  0.6988  0.5012  0.5464  0.6803  0.1971  0.000040
epoch:157 0.6614  0.9467  0.6996  0.3943  0.4822  0.6649  0.6391  0.7034  0.7034  0.5000  0.5527  0.6885  0.1962  0.000040
epoch:158 0.6523  0.9362  0.6908  0.3797  0.4871  0.6429  0.6324  0.6955  0.6955  0.4786  0.5599  0.6671  0.1945  0.000040
epoch:159 0.6538  0.9452  0.6878  0.4424  0.4820  0.6435  0.6297  0.6944  0.6944  0.4786  0.5531  0.6656  0.1950  0.000040
epoch:160 0.6571  0.9477  0.7153  0.4492  0.4813  0.6659  0.6334  0.6987  0.6987  0.4964  0.5543  0.6883  0.1968  0.000040
epoch:161 0.6608  0.9476  0.7003  0.4456  0.4814  0.6603  0.6366  0.6997  0.6997  0.4833  0.5532  0.6795  0.1942  0.000040
epoch:162 0.6644  0.9457  0.6994  0.4602  0.4854  0.6695  0.6395  0.7042  0.7042  0.4917  0.5575  0.6906  0.1951  0.000040
epoch:163 0.6587  0.9468  0.7163  0.3968  0.4787  0.6652  0.6346  0.6991  0.6991  0.5048  0.5464  0.6873  0.1953  0.000040
epoch:164 0.6501  0.9354  0.6926  0.3900  0.4816  0.6343  0.6284  0.6915  0.6915  0.5071  0.5511  0.6579  0.1956  0.000040
epoch:165 0.6586  0.9351  0.7060  0.3966  0.4728  0.6592  0.6352  0.6983  0.6983  0.5202  0.5408  0.6790  0.1954  0.000040
epoch:166 0.6587  0.9475  0.7183  0.4458  0.4851  0.6732  0.6372  0.7018  0.7018  0.4917  0.5595  0.6979  0.1951  0.000040
epoch:167 0.6573  0.9356  0.6880  0.3769  0.4810  0.6538  0.6345  0.6979  0.6979  0.4786  0.5511  0.6751  0.1939  0.000040
epoch:168 0.6556  0.9449  0.7013  0.4129  0.4769  0.6683  0.6332  0.6972  0.6972  0.5250  0.5448  0.6920  0.1945  0.000040
epoch:169 0.6668  0.9450  0.7207  0.3906  0.4903  0.6742  0.6421  0.7068  0.7068  0.4917  0.5642  0.6946  0.1938  0.000040
epoch:170 0.6549  0.9449  0.7066  0.4049  0.4786  0.6540  0.6316  0.6962  0.6962  0.5012  0.5472  0.6770  0.1947  0.000040
epoch:171 0.6569  0.9346  0.7128  0.4063  0.4755  0.6466  0.6344  0.6981  0.6981  0.5250  0.5535  0.6671  0.1958  0.000040
epoch:172 0.6629  0.9471  0.7255  0.4648  0.4805  0.6553  0.6381  0.7015  0.7015  0.5048  0.5527  0.6753  0.1951  0.000040
epoch:173 0.6686  0.9455  0.7023  0.3693  0.4793  0.6739  0.6417  0.7054  0.7054  0.4917  0.5483  0.6935  0.1941  0.000040
epoch:174 0.6570  0.9459  0.6947  0.4330  0.4831  0.6565  0.6341  0.6985  0.6985  0.4702  0.5571  0.6777  0.1953  0.000040
epoch:175 0.6477  0.9337  0.7098  0.3492  0.4743  0.6515  0.6291  0.6919  0.6919  0.4786  0.5511  0.6773  0.1946  0.000040
epoch:176 0.6528  0.9451  0.6966  0.4122  0.4767  0.6553  0.6308  0.6952  0.6952  0.5298  0.5448  0.6802  0.1945  0.000040
epoch:177 0.6546  0.9340  0.6859  0.3758  0.4668  0.6518  0.6313  0.6947  0.6947  0.4786  0.5408  0.6798  0.1936  0.000040
epoch:178 0.6670  0.9355  0.7043  0.4127  0.4805  0.6678  0.6423  0.7057  0.7057  0.5298  0.5492  0.6895  0.1951  0.000040
epoch:179 0.6569  0.9350  0.6911  0.3760  0.4776  0.6527  0.6335  0.6966  0.6966  0.4833  0.5448  0.6748  0.1952  0.000040
epoch:180 0.6684  0.9451  0.7069  0.3872  0.4825  0.6777  0.6415  0.7055  0.7055  0.4869  0.5511  0.6959  0.1944  0.000040
epoch:181 0.6591  0.9465  0.6923  0.4435  0.4762  0.6664  0.6354  0.6985  0.6985  0.4786  0.5424  0.6883  0.1928  0.000040
epoch:182 0.6626  0.9355  0.6947  0.3769  0.4794  0.6637  0.6384  0.7015  0.7015  0.4786  0.5492  0.6832  0.1947  0.000040
epoch:183 0.6672  0.9477  0.7056  0.4477  0.4760  0.6764  0.6426  0.7066  0.7066  0.4917  0.5562  0.6983  0.1933  0.000040
epoch:184 0.6620  0.9476  0.6885  0.4424  0.4874  0.6661  0.6382  0.7026  0.7026  0.4821  0.5614  0.6877  0.1919  0.000040
epoch:185 0.6665  0.9366  0.6906  0.4499  0.4823  0.6746  0.6414  0.7045  0.7045  0.4833  0.5555  0.6938  0.1929  0.000040
epoch:186 0.6725  0.9461  0.7228  0.4626  0.4830  0.6779  0.6439  0.7086  0.7086  0.4964  0.5571  0.6954  0.1931  0.000040
epoch:187 0.6626  0.9456  0.6907  0.3866  0.4847  0.6712  0.6388  0.7025  0.7025  0.4881  0.5575  0.6925  0.1928  0.000040
epoch:188 0.6589  0.9357  0.7039  0.3993  0.4792  0.6522  0.6337  0.6974  0.6974  0.4917  0.5487  0.6740  0.1927  0.000040
epoch:189 0.6581  0.9464  0.6880  0.4435  0.4838  0.6540  0.6351  0.6992  0.6992  0.4786  0.5575  0.6761  0.1936  0.000040
epoch:190 0.6690  0.9476  0.7229  0.4598  0.4767  0.6857  0.6438  0.7075  0.7075  0.5012  0.5444  0.7081  0.1925  0.000040
epoch:191 0.6581  0.9470  0.7233  0.4495  0.4817  0.6708  0.6343  0.6987  0.6987  0.4833  0.5547  0.6934  0.1935  0.000040
epoch:192 0.6609  0.9471  0.6956  0.4456  0.4838  0.6653  0.6389  0.7023  0.7023  0.4833  0.5599  0.6872  0.1918  0.000040
epoch:193 0.6666  0.9465  0.6866  0.4463  0.4863  0.6711  0.6413  0.7050  0.7050  0.4786  0.5595  0.6911  0.1935  0.000040
epoch:194 0.6666  0.9455  0.6989  0.3963  0.4841  0.6718  0.6430  0.7068  0.7068  0.5119  0.5599  0.6909  0.1913  0.000040
epoch:195 0.6688  0.9472  0.6931  0.4515  0.4789  0.6776  0.6424  0.7076  0.7076  0.4881  0.5590  0.6953  0.1929  0.000040
epoch:196 0.6604  0.9352  0.7096  0.3896  0.4757  0.6651  0.6359  0.6996  0.6996  0.4917  0.5447  0.6854  0.1928  0.000040
epoch:197 0.6659  0.9476  0.6945  0.4380  0.4778  0.6763  0.6407  0.7047  0.7047  0.4845  0.5523  0.6954  0.1918  0.000040
epoch:198 0.6554  0.9265  0.7019  0.3900  0.4737  0.6415  0.6315  0.6949  0.6949  0.5071  0.5507  0.6624  0.1900  0.000040
epoch:199 0.6621  0.9478  0.7033  0.4489  0.4762  0.6748  0.6378  0.7029  0.7029  0.4833  0.5532  0.6962  0.1905  0.000040
epoch:200 0.6598  0.9466  0.6846  0.4499  0.4831  0.6591  0.6357  0.6998  0.6998  0.4833  0.5555  0.6812  0.1935  0.000040
epoch:201 0.6603  0.9466  0.6911  0.4473  0.4856  0.6592  0.6363  0.7003  0.7003  0.4833  0.5590  0.6819  0.1930  0.000040
epoch:202 0.6649  0.9366  0.6944  0.4499  0.4821  0.6646  0.6389  0.7033  0.7033  0.4833  0.5492  0.6858  0.1922  0.000040
epoch:203 0.6675  0.9466  0.7050  0.4496  0.4786  0.6677  0.6400  0.7052  0.7052  0.4833  0.5543  0.6858  0.1932  0.000040
epoch:204 0.6584  0.9354  0.6866  0.4424  0.4819  0.6583  0.6332  0.6966  0.6966  0.4786  0.5487  0.6783  0.1919  0.000040
epoch:205 0.6611  0.9478  0.7000  0.4793  0.4802  0.6762  0.6381  0.7024  0.7024  0.5202  0.5547  0.6997  0.1920  0.000040
epoch:206 0.6602  0.9355  0.6891  0.3832  0.4825  0.6586  0.6357  0.6988  0.6988  0.4833  0.5515  0.6788  0.1927  0.000040
epoch:207 0.6634  0.9466  0.7057  0.3828  0.4803  0.6713  0.6386  0.7030  0.7030  0.4833  0.5511  0.6917  0.1899  0.000040
epoch:208 0.6536  0.9470  0.6996  0.4394  0.4812  0.6568  0.6298  0.6947  0.6947  0.4750  0.5543  0.6807  0.1911  0.000040
epoch:209 0.6576  0.9357  0.6881  0.3963  0.4839  0.6510  0.6354  0.6982  0.6982  0.5119  0.5515  0.6727  0.1897  0.000040
epoch:210 0.6706  0.9461  0.7077  0.4332  0.4862  0.6779  0.6434  0.7082  0.7082  0.4702  0.5599  0.6964  0.1923  0.000040
epoch:211 0.6585  0.9350  0.6921  0.3828  0.4730  0.6629  0.6356  0.6990  0.6990  0.4833  0.5492  0.6854  0.1890  0.000040
epoch:212 0.6699  0.9477  0.7062  0.4729  0.4788  0.6782  0.6430  0.7091  0.7091  0.5131  0.5590  0.6977  0.1909  0.000040
epoch:213 0.6671  0.9461  0.7264  0.4452  0.4829  0.6678  0.6432  0.7063  0.7063  0.4786  0.5595  0.6885  0.1897  0.000040
epoch:214 0.6712  0.9465  0.7037  0.3919  0.4852  0.6744  0.6447  0.7087  0.7087  0.4952  0.5575  0.6943  0.1896  0.000040
epoch:215 0.6613  0.9363  0.7176  0.3935  0.4811  0.6566  0.6353  0.6987  0.6987  0.4917  0.5492  0.6785  0.1915  0.000040
epoch:216 0.6660  0.9462  0.6943  0.4400  0.4815  0.6661  0.6404  0.7038  0.7038  0.4738  0.5496  0.6861  0.1883  0.000040
epoch:217 0.6659  0.9357  0.7009  0.3733  0.4874  0.6557  0.6414  0.7042  0.7042  0.4738  0.5559  0.6803  0.1890  0.000040
epoch:218 0.6669  0.9466  0.6946  0.4396  0.4853  0.6666  0.6423  0.7054  0.7054  0.4750  0.5579  0.6879  0.1919  0.000040
epoch:219 0.6695  0.9453  0.6966  0.3827  0.4803  0.6767  0.6402  0.7065  0.7065  0.4833  0.5507  0.6948  0.1873  0.000040
epoch:220 0.6600  0.9349  0.6878  0.3758  0.4817  0.6707  0.6371  0.7002  0.7002  0.4786  0.5492  0.6920  0.1913  0.000040
epoch:221 0.6586  0.9472  0.7223  0.4528  0.4805  0.6725  0.6360  0.7003  0.7003  0.5012  0.5571  0.6963  0.1893  0.000040
epoch:222 0.6592  0.9462  0.7075  0.3954  0.4815  0.6664  0.6353  0.6993  0.6993  0.5131  0.5571  0.6878  0.1908  0.000040
epoch:223 0.6681  0.9482  0.6932  0.4396  0.4843  0.6762  0.6426  0.7067  0.7067  0.4750  0.5575  0.6993  0.1896  0.000040
epoch:224 0.6631  0.9458  0.7077  0.3702  0.4819  0.6674  0.6391  0.7032  0.7032  0.4917  0.5555  0.6893  0.1908  0.000040
epoch:225 0.6694  0.9466  0.7017  0.4532  0.4766  0.6725  0.6426  0.7057  0.7057  0.4917  0.5527  0.6895  0.1890  0.000040
epoch:226 0.6672  0.9457  0.6991  0.3877  0.4816  0.6640  0.6435  0.7079  0.7079  0.4833  0.5623  0.6840  0.1888  0.000040
epoch:227 0.6618  0.9473  0.7241  0.4496  0.4722  0.6714  0.6368  0.6999  0.6999  0.4917  0.5424  0.6915  0.1898  0.000040
epoch:228 0.6539  0.9160  0.6949  0.3793  0.4715  0.6375  0.6310  0.6947  0.6947  0.4833  0.5487  0.6586  0.1894  0.000040
epoch:229 0.6647  0.9462  0.6909  0.3797  0.4862  0.6780  0.6428  0.7056  0.7056  0.4786  0.5599  0.7010  0.1886  0.000040
epoch:230 0.6666  0.9473  0.6899  0.4499  0.4813  0.6669  0.6396  0.7046  0.7046  0.4833  0.5547  0.6887  0.1889  0.000040
epoch:231 0.6628  0.9462  0.6916  0.4485  0.4849  0.6649  0.6395  0.7032  0.7032  0.4869  0.5579  0.6883  0.1891  0.000040
epoch:232 0.6635  0.9465  0.7016  0.4400  0.4893  0.6714  0.6400  0.7028  0.7028  0.4738  0.5623  0.6915  0.1869  0.000040
epoch:233 0.6639  0.9448  0.6943  0.3858  0.4744  0.6813  0.6389  0.7036  0.7036  0.5036  0.5488  0.7007  0.1900  0.000040
epoch:234 0.6616  0.9470  0.6937  0.4520  0.4800  0.6667  0.6394  0.7028  0.7028  0.4917  0.5571  0.6885  0.1881  0.000040
epoch:235 0.6575  0.9352  0.6873  0.3819  0.4656  0.6598  0.6338  0.6966  0.6966  0.4833  0.5448  0.6788  0.1873  0.000040
epoch:236 0.6584  0.9348  0.6960  0.3629  0.4806  0.6524  0.6354  0.6985  0.6985  0.4833  0.5496  0.6788  0.1872  0.000040
epoch:237 0.6706  0.9461  0.7083  0.3900  0.4817  0.6659  0.6434  0.7071  0.7071  0.4869  0.5536  0.6890  0.1879  0.000040
epoch:238 0.6601  0.9457  0.6929  0.3738  0.4812  0.6675  0.6372  0.7023  0.7023  0.4750  0.5579  0.6896  0.1888  0.000040
epoch:239 0.6622  0.9465  0.7242  0.4860  0.4858  0.6632  0.6380  0.7017  0.7017  0.5119  0.5527  0.6864  0.1881  0.000040
epoch:240 0.6482  0.9338  0.6979  0.3683  0.4802  0.6390  0.6296  0.6927  0.6927  0.5119  0.5520  0.6624  0.1875  0.000040
epoch:241 0.6661  0.9462  0.6954  0.3920  0.4922  0.6629  0.6412  0.7040  0.7040  0.5036  0.5555  0.6813  0.1857  0.000040
epoch:242 0.6644  0.9359  0.6905  0.3758  0.4762  0.6659  0.6395  0.7023  0.7023  0.4786  0.5472  0.6845  0.1858  0.000040
epoch:243 0.6730  0.9462  0.7103  0.4557  0.4861  0.6655  0.6426  0.7072  0.7072  0.4881  0.5575  0.6834  0.1879  0.000040
epoch:244 0.6538  0.9339  0.6920  0.3758  0.4709  0.6461  0.6318  0.6948  0.6948  0.4786  0.5492  0.6706  0.1874  0.000040
epoch:245 0.6569  0.9348  0.6898  0.3733  0.4819  0.6583  0.6345  0.6978  0.6978  0.4738  0.5531  0.6788  0.1881  0.000040
epoch:246 0.6639  0.9478  0.7212  0.4458  0.4812  0.6731  0.6405  0.7045  0.7045  0.4869  0.5567  0.6936  0.1869  0.000040
epoch:247 0.6574  0.9339  0.7094  0.3954  0.4725  0.6559  0.6348  0.6982  0.6982  0.4917  0.5515  0.6772  0.1872  0.000040
epoch:248 0.6579  0.9471  0.7137  0.4422  0.4804  0.6691  0.6363  0.6991  0.6991  0.4702  0.5532  0.6939  0.1879  0.000040
epoch:249 0.6628  0.9450  0.6974  0.3832  0.4863  0.6598  0.6373  0.7016  0.7016  0.4833  0.5599  0.6822  0.1869  0.000040
epoch:250 0.6602  0.9477  0.6859  0.4463  0.4802  0.6586  0.6354  0.6995  0.6995  0.4786  0.5551  0.6822  0.1878  0.000040
epoch:251 0.6688  0.9463  0.6936  0.3606  0.4814  0.6663  0.6406  0.7049  0.7049  0.4833  0.5492  0.6837  0.1864  0.000040
epoch:252 0.6653  0.9366  0.6907  0.4435  0.4765  0.6775  0.6393  0.7031  0.7031  0.4786  0.5444  0.6972  0.1890  0.000040
epoch:253 0.6756  0.9458  0.7060  0.3789  0.4963  0.6854  0.6477  0.7113  0.7113  0.5202  0.5595  0.7048  0.1879  0.000040
epoch:254 0.6645  0.9357  0.6898  0.3703  0.4846  0.6642  0.6402  0.7027  0.7027  0.4738  0.5575  0.6835  0.1859  0.000040
epoch:255 0.6739  0.9468  0.7280  0.4536  0.4844  0.6815  0.6460  0.7101  0.7101  0.4833  0.5555  0.6998  0.1868  0.000040
epoch:256 0.6641  0.9474  0.7045  0.3763  0.4927  0.6728  0.6386  0.7033  0.7033  0.4798  0.5571  0.6973  0.1872  0.000040
epoch:257 0.6615  0.9478  0.7105  0.4454  0.4837  0.6765  0.6377  0.7009  0.7009  0.4750  0.5540  0.6990  0.1882  0.000040
epoch:258 0.6728  0.9474  0.7161  0.4439  0.4835  0.6828  0.6471  0.7102  0.7102  0.4786  0.5595  0.7036  0.1862  0.000040
epoch:259 0.6682  0.9456  0.7001  0.3810  0.4861  0.6656  0.6420  0.7061  0.7061  0.4786  0.5575  0.6853  0.1878  0.000040
epoch:260 0.6598  0.9343  0.6855  0.3572  0.4712  0.6665  0.6360  0.6994  0.6994  0.5167  0.5468  0.6854  0.1858  0.000040
epoch:261 0.6560  0.9350  0.7092  0.3931  0.4826  0.6699  0.6349  0.6980  0.6980  0.4917  0.5551  0.6929  0.1866  0.000040
epoch:262 0.6641  0.9467  0.7001  0.4463  0.4826  0.6802  0.6404  0.7051  0.7051  0.4786  0.5590  0.7031  0.1860  0.000040
epoch:263 0.6603  0.9477  0.7234  0.4593  0.4749  0.6754  0.6356  0.6997  0.6997  0.4964  0.5464  0.6987  0.1849  0.000040
epoch:264 0.6621  0.9462  0.6943  0.3773  0.4873  0.6728  0.6389  0.7032  0.7032  0.4786  0.5595  0.6946  0.1860  0.000040
epoch:265 0.6568  0.9465  0.6850  0.3806  0.4809  0.6617  0.6347  0.6984  0.6984  0.4833  0.5464  0.6833  0.1866  0.000040
epoch:266 0.6574  0.9451  0.6916  0.3675  0.4811  0.6618  0.6365  0.7006  0.7006  0.4690  0.5579  0.6833  0.1853  0.000040
epoch:267 0.6554  0.9352  0.6893  0.3764  0.4774  0.6419  0.6306  0.6939  0.6939  0.4786  0.5571  0.6605  0.1867  0.000040
epoch:268 0.6697  0.9467  0.7226  0.4414  0.4977  0.6748  0.6437  0.7068  0.7068  0.4833  0.5599  0.6922  0.1857  0.000040
epoch:269 0.6608  0.9355  0.6921  0.3828  0.4848  0.6562  0.6354  0.6992  0.6992  0.4833  0.5555  0.6761  0.1858  0.000040
epoch:270 0.6585  0.9346  0.6955  0.3605  0.4823  0.6541  0.6346  0.6979  0.6979  0.4833  0.5515  0.6740  0.1873  0.000040
epoch:271 0.6547  0.9352  0.6824  0.3955  0.4787  0.6444  0.6325  0.6956  0.6956  0.5167  0.5508  0.6679  0.1854  0.000040
epoch:272 0.6632  0.9461  0.7037  0.4502  0.4910  0.6694  0.6388  0.7023  0.7023  0.4786  0.5555  0.6901  0.1863  0.000040
epoch:273 0.6643  0.9466  0.7023  0.4439  0.4776  0.6692  0.6375  0.7012  0.7012  0.4798  0.5527  0.6872  0.1856  0.000040
epoch:274 0.6631  0.9478  0.7118  0.4391  0.4809  0.6665  0.6394  0.7028  0.7028  0.4798  0.5532  0.6891  0.1834  0.000040
epoch:275 0.6605  0.9351  0.7066  0.4922  0.4809  0.6637  0.6365  0.6996  0.6996  0.5250  0.5532  0.6835  0.1841  0.000040
epoch:276 0.6610  0.9364  0.6873  0.3832  0.4833  0.6615  0.6355  0.7002  0.7002  0.4833  0.5595  0.6814  0.1852  0.000040
epoch:277 0.6698  0.9461  0.6981  0.4499  0.4864  0.6737  0.6425  0.7066  0.7066  0.4833  0.5575  0.6927  0.1846  0.000040
epoch:278 0.6692  0.9461  0.7031  0.4499  0.4907  0.6710  0.6414  0.7051  0.7051  0.4833  0.5571  0.6879  0.1851  0.000040
epoch:279 0.6681  0.9471  0.7067  0.4379  0.4852  0.6773  0.6444  0.7072  0.7072  0.4786  0.5575  0.6954  0.1853  0.000040
epoch:280 0.6568  0.9343  0.6984  0.4422  0.4722  0.6542  0.6345  0.6973  0.6973  0.4786  0.5496  0.6732  0.1857  0.000040
epoch:281 0.6679  0.9474  0.7061  0.4314  0.4822  0.6764  0.6437  0.7059  0.7059  0.4702  0.5560  0.6978  0.1843  0.000040
epoch:282 0.6582  0.9471  0.7018  0.4361  0.4819  0.6662  0.6374  0.7002  0.7002  0.4750  0.5564  0.6881  0.1849  0.000040
epoch:283 0.6578  0.9211  0.6871  0.3852  0.4706  0.6675  0.6364  0.6992  0.6992  0.4881  0.5488  0.6872  0.1857  0.000040
epoch:284 0.6650  0.9367  0.6939  0.4366  0.4686  0.6696  0.6371  0.6993  0.6993  0.4690  0.5317  0.6863  0.1857  0.000040
epoch:285 0.6625  0.9479  0.7177  0.4485  0.4748  0.6704  0.6395  0.7023  0.7023  0.4869  0.5508  0.6912  0.1824  0.000040
epoch:286 0.6697  0.9473  0.7059  0.4485  0.4781  0.6805  0.6439  0.7079  0.7079  0.4869  0.5543  0.6988  0.1839  0.000040
epoch:287 0.6630  0.9469  0.6955  0.3818  0.4890  0.6698  0.6401  0.7042  0.7042  0.4869  0.5575  0.6912  0.1850  0.000040
epoch:288 0.6722  0.9473  0.7063  0.4505  0.4921  0.6790  0.6456  0.7087  0.7087  0.4786  0.5590  0.7009  0.1831  0.000040
epoch:289 0.6535  0.9340  0.6897  0.4400  0.4699  0.6465  0.6315  0.6940  0.6940  0.4738  0.5448  0.6679  0.1848  0.000040
epoch:290 0.6538  0.9332  0.6980  0.4731  0.4692  0.6467  0.6329  0.6954  0.6954  0.5071  0.5472  0.6748  0.1828  0.000040
epoch:291 0.6691  0.9360  0.6957  0.4494  0.4829  0.6639  0.6435  0.7069  0.7069  0.4833  0.5575  0.6834  0.1846  0.000040
epoch:292 0.6700  0.9473  0.6946  0.4806  0.4910  0.6683  0.6426  0.7060  0.7060  0.5167  0.5551  0.6877  0.1839  0.000040
epoch:293 0.6631  0.9379  0.6834  0.4489  0.4828  0.6754  0.6399  0.7043  0.7043  0.4833  0.5595  0.6991  0.1830  0.000040
epoch:294 0.6546  0.9364  0.6912  0.3689  0.4715  0.6478  0.6316  0.6941  0.6941  0.4738  0.5468  0.6669  0.1845  0.000040
epoch:295 0.6698  0.9477  0.7104  0.4509  0.4922  0.6751  0.6426  0.7060  0.7060  0.4833  0.5571  0.6927  0.1851  0.000040
epoch:296 0.6661  0.9354  0.6968  0.3723  0.4802  0.6739  0.6406  0.7043  0.7043  0.4738  0.5527  0.6914  0.1830  0.000040
epoch:297 0.6540  0.9349  0.6931  0.4422  0.4817  0.6415  0.6319  0.6953  0.6953  0.4786  0.5595  0.6682  0.1836  0.000040
epoch:298 0.6585  0.9352  0.6956  0.3704  0.4830  0.6639  0.6359  0.6987  0.6987  0.4786  0.5575  0.6835  0.1840  0.000040
epoch:299 0.6587  0.9354  0.6964  0.4388  0.4783  0.6669  0.6368  0.6996  0.6996  0.4738  0.5515  0.6891  0.1828  0.000040
epoch:300 0.6585  0.9360  0.6892  0.3748  0.4774  0.6558  0.6353  0.6981  0.6981  0.4786  0.5496  0.6748  0.1838  0.000040
epoch:301 0.6639  0.9356  0.7027  0.3931  0.4754  0.6752  0.6393  0.7030  0.7030  0.4917  0.5487  0.6946  0.1836  0.000040
epoch:302 0.6679  0.9473  0.6969  0.4505  0.4827  0.6695  0.6406  0.7047  0.7047  0.4786  0.5527  0.6892  0.1825  0.000040
epoch:303 0.6615  0.9467  0.6888  0.4883  0.4863  0.6575  0.6364  0.7000  0.7000  0.5250  0.5499  0.6793  0.1834  0.000040
epoch:304 0.6619  0.9363  0.6872  0.3848  0.4764  0.6723  0.6396  0.7033  0.7033  0.4881  0.5571  0.6946  0.1819  0.000040
epoch:305 0.6602  0.9364  0.6903  0.3752  0.4891  0.6580  0.6365  0.7006  0.7006  0.4786  0.5575  0.6780  0.1823  0.000040
epoch:306 0.6715  0.9478  0.7270  0.4552  0.4742  0.6806  0.6452  0.7080  0.7080  0.4917  0.5508  0.6975  0.1822  0.000040
epoch:307 0.6646  0.9468  0.6914  0.4527  0.4817  0.6775  0.6400  0.7038  0.7038  0.4917  0.5508  0.6970  0.1825  0.000040
epoch:308 0.6614  0.9466  0.7235  0.4488  0.4907  0.6588  0.6393  0.7021  0.7021  0.4833  0.5560  0.6803  0.1827  0.000040
epoch:309 0.6736  0.9470  0.7162  0.4440  0.4944  0.6876  0.6466  0.7112  0.7112  0.4881  0.5599  0.7067  0.1841  0.000040
epoch:310 0.6656  0.9345  0.7034  0.4809  0.4747  0.6612  0.6389  0.7023  0.7023  0.5167  0.5492  0.6779  0.1819  0.000040
epoch:311 0.6657  0.9475  0.7210  0.4531  0.4876  0.6736  0.6394  0.7035  0.7035  0.4917  0.5527  0.6922  0.1824  0.000040
epoch:312 0.6641  0.9347  0.6911  0.3813  0.4678  0.6691  0.6383  0.7024  0.7024  0.4786  0.5468  0.6858  0.1831  0.000040
epoch:313 0.6635  0.9365  0.7049  0.4548  0.4906  0.6666  0.6388  0.7022  0.7022  0.4881  0.5575  0.6883  0.1803  0.000040
epoch:314 0.6576  0.9339  0.6962  0.4799  0.4740  0.6458  0.6357  0.6985  0.6985  0.5119  0.5520  0.6722  0.1825  0.000040
epoch:315 0.6638  0.9472  0.6885  0.4826  0.4774  0.6652  0.6374  0.7024  0.7024  0.5167  0.5487  0.6859  0.1835  0.000040
epoch:316 0.6639  0.9467  0.6990  0.4838  0.4918  0.6681  0.6397  0.7028  0.7028  0.5119  0.5575  0.6880  0.1822  0.000040
epoch:317 0.6684  0.9472  0.6985  0.4701  0.4917  0.6681  0.6421  0.7062  0.7062  0.5083  0.5575  0.6882  0.1808  0.000040
epoch:318 0.6635  0.9479  0.7033  0.4406  0.4898  0.6732  0.6385  0.7025  0.7025  0.4750  0.5547  0.6973  0.1811  0.000040
epoch:319 0.6609  0.9470  0.7010  0.4488  0.4767  0.6705  0.6395  0.7020  0.7020  0.4833  0.5512  0.6899  0.1816  0.000040
epoch:320 0.6571  0.9366  0.6950  0.4764  0.4823  0.6483  0.6348  0.6976  0.6976  0.5071  0.5551  0.6698  0.1825  0.000040
epoch:321 0.6672  0.9465  0.6821  0.4354  0.4784  0.6765  0.6417  0.7045  0.7045  0.4750  0.5512  0.6935  0.1816  0.000040
epoch:322 0.6703  0.9361  0.7061  0.4504  0.4857  0.6824  0.6430  0.7058  0.7058  0.4869  0.5555  0.6988  0.1823  0.000040
epoch:323 0.6651  0.9369  0.6954  0.4493  0.4963  0.6682  0.6404  0.7041  0.7041  0.4833  0.5618  0.6888  0.1818  0.000040
epoch:324 0.6616  0.9464  0.6860  0.4340  0.4964  0.6650  0.6393  0.7015  0.7015  0.4738  0.5603  0.6851  0.1826  0.000040
epoch:325 0.6585  0.9357  0.6968  0.4539  0.4678  0.6552  0.6354  0.6988  0.6988  0.4881  0.5468  0.6764  0.1815  0.000040
epoch:326 0.6554  0.9346  0.7057  0.4477  0.4690  0.6594  0.6330  0.6958  0.6958  0.4821  0.5468  0.6804  0.1812  0.000040
epoch:327 0.6706  0.9478  0.7187  0.4573  0.4783  0.6664  0.6426  0.7057  0.7057  0.4869  0.5551  0.6837  0.1821  0.000040
epoch:328 0.6694  0.9362  0.7031  0.4542  0.4805  0.6768  0.6423  0.7060  0.7060  0.4869  0.5488  0.6988  0.1812  0.000040
epoch:329 0.6551  0.9250  0.7133  0.3635  0.4705  0.6428  0.6331  0.6956  0.6956  0.4821  0.5492  0.6629  0.1826  0.000040
epoch:330 0.6661  0.9456  0.7157  0.3950  0.4914  0.6748  0.6408  0.7055  0.7055  0.4964  0.5575  0.6957  0.1815  0.000040
epoch:331 0.6606  0.9348  0.7021  0.4036  0.4722  0.6786  0.6402  0.7024  0.7024  0.5202  0.5452  0.6975  0.1806  0.000040
epoch:332 0.6658  0.9367  0.7253  0.4565  0.4927  0.6645  0.6407  0.7045  0.7045  0.4869  0.5603  0.6838  0.1813  0.000040
epoch:333 0.6524  0.9369  0.6940  0.3704  0.4865  0.6652  0.6317  0.6955  0.6955  0.4750  0.5512  0.6883  0.1814  0.000040
epoch:334 0.6666  0.9472  0.7039  0.4460  0.4861  0.6686  0.6413  0.7038  0.7038  0.4786  0.5508  0.6882  0.1795  0.000040
epoch:335 0.6557  0.9349  0.6986  0.4398  0.4686  0.6508  0.6322  0.6950  0.6950  0.4702  0.5468  0.6698  0.1799  0.000040
epoch:336 0.6565  0.9352  0.7083  0.4831  0.4780  0.6568  0.6340  0.6965  0.6965  0.5155  0.5448  0.6767  0.1816  0.000040
epoch:337 0.6698  0.9472  0.7099  0.4511  0.4833  0.6765  0.6432  0.7069  0.7069  0.4833  0.5571  0.6943  0.1797  0.000040
epoch:338 0.6641  0.9461  0.6927  0.3626  0.4805  0.6651  0.6394  0.7022  0.7022  0.4655  0.5527  0.6832  0.1796  0.000040
epoch:339 0.6656  0.9467  0.7201  0.4452  0.4868  0.6843  0.6419  0.7050  0.7050  0.4833  0.5532  0.7034  0.1791  0.000040
epoch:340 0.6576  0.9353  0.6802  0.4380  0.4743  0.6724  0.6346  0.6968  0.6968  0.4833  0.5512  0.6939  0.1806  0.000040
epoch:341 0.6622  0.9366  0.7095  0.4597  0.4769  0.6714  0.6356  0.7000  0.7000  0.4917  0.5444  0.6920  0.1794  0.000040
epoch:342 0.6667  0.9462  0.7029  0.3719  0.4913  0.6739  0.6424  0.7058  0.7058  0.4786  0.5595  0.6919  0.1804  0.000040
epoch:343 0.6647  0.9367  0.7091  0.4490  0.4880  0.6785  0.6398  0.7023  0.7023  0.4833  0.5476  0.6973  0.1799  0.000040
epoch:344 0.6704  0.9471  0.7038  0.4531  0.4782  0.6806  0.6447  0.7084  0.7084  0.4917  0.5523  0.7028  0.1798  0.000040
epoch:345 0.6712  0.9471  0.7052  0.4491  0.4813  0.6900  0.6453  0.7087  0.7087  0.4833  0.5547  0.7081  0.1797  0.000040
epoch:346 0.6735  0.9471  0.6978  0.4437  0.4820  0.6895  0.6472  0.7106  0.7106  0.4833  0.5551  0.7088  0.1803  0.000040
epoch:347 0.6715  0.9472  0.7106  0.4587  0.4862  0.6796  0.6451  0.7079  0.7079  0.4869  0.5527  0.7012  0.1800  0.000040
epoch:348 0.6662  0.9472  0.7011  0.4597  0.4858  0.6795  0.6414  0.7051  0.7051  0.4917  0.5551  0.7004  0.1787  0.000040
epoch:349 0.6634  0.9359  0.7056  0.4486  0.4792  0.6732  0.6380  0.7005  0.7005  0.4786  0.5512  0.6920  0.1791  0.000040
epoch:350 0.6560  0.9355  0.7124  0.4500  0.4734  0.6540  0.6317  0.6945  0.6945  0.4821  0.5468  0.6740  0.1811  0.000040
epoch:351 0.6634  0.9471  0.6965  0.4556  0.4767  0.6707  0.6383  0.7017  0.7017  0.4881  0.5484  0.6954  0.1775  0.000040
epoch:352 0.6669  0.9455  0.6919  0.3709  0.4823  0.6767  0.6403  0.7043  0.7043  0.4750  0.5508  0.6943  0.1792  0.000040
epoch:353 0.6682  0.9477  0.7081  0.4463  0.4744  0.6781  0.6412  0.7040  0.7040  0.4786  0.5460  0.6959  0.1790  0.000040
epoch:354 0.6597  0.9351  0.6948  0.3848  0.4789  0.6617  0.6363  0.7000  0.7000  0.4833  0.5531  0.6817  0.1791  0.000040
epoch:355 0.6750  0.9478  0.7232  0.4599  0.4857  0.6894  0.6452  0.7106  0.7106  0.4881  0.5551  0.7083  0.1798  0.000040
epoch:356 0.6622  0.9358  0.6869  0.3795  0.4859  0.6750  0.6388  0.7019  0.7019  0.4881  0.5512  0.6943  0.1793  0.000040
epoch:357 0.6692  0.9468  0.6864  0.4446  0.4911  0.6838  0.6450  0.7081  0.7081  0.4869  0.5551  0.7044  0.1777  0.000040
epoch:358 0.6631  0.9462  0.7157  0.4537  0.4832  0.6747  0.6394  0.7029  0.7029  0.4869  0.5452  0.6994  0.1779  0.000040
epoch:359 0.6599  0.9347  0.7047  0.4915  0.4676  0.6627  0.6360  0.7004  0.7004  0.5250  0.5468  0.6817  0.1791  0.000040
epoch:360 0.6664  0.9459  0.7229  0.4549  0.4898  0.6774  0.6398  0.7044  0.7044  0.4833  0.5595  0.6962  0.1790  0.000040
epoch:361 0.6649  0.9365  0.6947  0.4514  0.4781  0.6811  0.6398  0.7032  0.7032  0.4833  0.5487  0.6999  0.1787  0.000040
epoch:362 0.6573  0.9351  0.6945  0.4438  0.4728  0.6615  0.6331  0.6953  0.6953  0.4738  0.5405  0.6804  0.1773  0.000040
epoch:363 0.6609  0.9343  0.7052  0.4496  0.4728  0.6708  0.6395  0.7020  0.7020  0.4786  0.5555  0.6920  0.1766  0.000040
epoch:364 0.6729  0.9463  0.7220  0.4481  0.4966  0.6854  0.6467  0.7098  0.7098  0.4786  0.5575  0.7062  0.1790  0.000040
epoch:365 0.6713  0.9477  0.7197  0.4682  0.4811  0.6720  0.6424  0.7061  0.7061  0.5048  0.5504  0.6890  0.1779  0.000040
epoch:366 0.6647  0.9474  0.7230  0.4642  0.4863  0.6718  0.6400  0.7034  0.7034  0.5048  0.5484  0.6925  0.1788  0.000040
epoch:367 0.6695  0.9471  0.7185  0.4631  0.4898  0.6804  0.6439  0.7073  0.7073  0.5000  0.5515  0.7010  0.1771  0.000040
epoch:368 0.6653  0.9361  0.7027  0.4579  0.4830  0.6797  0.6416  0.7050  0.7050  0.4964  0.5555  0.6991  0.1780  0.000040
epoch:369 0.6712  0.9371  0.7125  0.4639  0.4878  0.6786  0.6439  0.7076  0.7076  0.4964  0.5551  0.6969  0.1798  0.000040
epoch:370 0.6713  0.9466  0.7251  0.4556  0.4816  0.6804  0.6440  0.7080  0.7080  0.4881  0.5527  0.6974  0.1774  0.000040
epoch:371 0.6668  0.9472  0.6863  0.4321  0.4859  0.6774  0.6429  0.7057  0.7057  0.4702  0.5512  0.6961  0.1778  0.000040
epoch:372 0.6628  0.9358  0.7090  0.4496  0.4801  0.6739  0.6387  0.7018  0.7018  0.4786  0.5492  0.6936  0.1798  0.000040
epoch:373 0.6618  0.9347  0.7124  0.4523  0.4714  0.6678  0.6370  0.6998  0.6998  0.4821  0.5468  0.6872  0.1784  0.000040
epoch:374 0.6586  0.9353  0.6997  0.4479  0.4744  0.6666  0.6352  0.6974  0.6974  0.4786  0.5429  0.6859  0.1777  0.000040
epoch:375 0.6597  0.9343  0.7052  0.4929  0.4681  0.6659  0.6352  0.6990  0.6990  0.5202  0.5448  0.6846  0.1782  0.000040
epoch:376 0.6628  0.9370  0.6997  0.4481  0.4920  0.6735  0.6385  0.7013  0.7013  0.4786  0.5555  0.6951  0.1795  0.000040
epoch:377 0.6764  0.9362  0.7200  0.4686  0.4999  0.6841  0.6478  0.7121  0.7121  0.5012  0.5642  0.7035  0.1772  0.000040
epoch:378 0.6633  0.9356  0.6984  0.4520  0.4870  0.6713  0.6378  0.7012  0.7012  0.4833  0.5492  0.6965  0.1793  0.000040
epoch:379 0.6593  0.9354  0.6890  0.4493  0.4722  0.6610  0.6351  0.6982  0.6982  0.4833  0.5448  0.6817  0.1771  0.000040
epoch:380 0.6703  0.9366  0.7103  0.4592  0.4863  0.6754  0.6443  0.7070  0.7070  0.4917  0.5512  0.6937  0.1780  0.000040
epoch:381 0.6642  0.9355  0.7075  0.4624  0.4758  0.6755  0.6405  0.7036  0.7036  0.4917  0.5551  0.6938  0.1784  0.000040
epoch:382 0.6663  0.9365  0.7233  0.4639  0.4881  0.6767  0.6426  0.7063  0.7063  0.4964  0.5575  0.6965  0.1764  0.000040
epoch:383 0.6607  0.9465  0.6847  0.4366  0.4778  0.6655  0.6376  0.7003  0.7003  0.4702  0.5527  0.6859  0.1772  0.000040
epoch:384 0.6650  0.9355  0.7154  0.4556  0.4691  0.6787  0.6407  0.7035  0.7035  0.4964  0.5452  0.6981  0.1789  0.000040
epoch:385 0.6659  0.9471  0.6985  0.4426  0.4860  0.6830  0.6427  0.7064  0.7064  0.4833  0.5536  0.7042  0.1764  0.000040
epoch:386 0.6616  0.9362  0.7104  0.3862  0.4884  0.6637  0.6365  0.7002  0.7002  0.4833  0.5487  0.6864  0.1777  0.000040
epoch:387 0.6640  0.9354  0.7028  0.4557  0.4892  0.6741  0.6411  0.7039  0.7039  0.4869  0.5599  0.6928  0.1772  0.000040
epoch:388 0.6717  0.9477  0.7207  0.4552  0.4793  0.6832  0.6471  0.7102  0.7102  0.4917  0.5551  0.7033  0.1771  0.000040
epoch:389 0.6597  0.9372  0.6920  0.4453  0.4807  0.6713  0.6372  0.6997  0.6997  0.4833  0.5429  0.6925  0.1778  0.000040
epoch:390 0.6633  0.9463  0.7100  0.4418  0.4864  0.6765  0.6410  0.7046  0.7046  0.4798  0.5575  0.6970  0.1777  0.000040
epoch:391 0.6644  0.9362  0.7104  0.4562  0.4907  0.6742  0.6406  0.7037  0.7037  0.4869  0.5551  0.6951  0.1766  0.000040
epoch:392 0.6657  0.9462  0.6793  0.4332  0.4795  0.6843  0.6426  0.7061  0.7061  0.4786  0.5472  0.7030  0.1764  0.000040
epoch:393 0.6620  0.9465  0.7084  0.4397  0.4909  0.6707  0.6388  0.7016  0.7016  0.4702  0.5555  0.6906  0.1758  0.000040
epoch:394 0.6708  0.9472  0.7126  0.4556  0.4882  0.6762  0.6438  0.7069  0.7069  0.4881  0.5532  0.6948  0.1776  0.000040
epoch:395 0.6687  0.9471  0.7110  0.4513  0.4804  0.6777  0.6452  0.7080  0.7080  0.4821  0.5551  0.6956  0.1771  0.000040
epoch:396 0.6603  0.9345  0.7032  0.4480  0.4639  0.6763  0.6373  0.6998  0.6998  0.4869  0.5429  0.6954  0.1765  0.000040
epoch:397 0.6654  0.9465  0.7107  0.4614  0.4818  0.6758  0.6403  0.7034  0.7034  0.4917  0.5508  0.6962  0.1762  0.000040
epoch:398 0.6643  0.9468  0.7239  0.4509  0.4821  0.6820  0.6412  0.7046  0.7046  0.4833  0.5532  0.7025  0.1766  0.000040
epoch:399 0.6656  0.9315  0.7126  0.4542  0.4864  0.6817  0.6420  0.7051  0.7051  0.4869  0.5527  0.7034  0.1756  0.000040
epoch:400 0.6672  0.9373  0.6876  0.4331  0.4901  0.6689  0.6403  0.7031  0.7031  0.4738  0.5527  0.6869  0.1754  0.000040
epoch:401 0.6686  0.9460  0.6911  0.4428  0.4873  0.6800  0.6442  0.7073  0.7073  0.4786  0.5575  0.6977  0.1758  0.000040
epoch:402 0.6665  0.9477  0.6864  0.4432  0.4747  0.6772  0.6433  0.7061  0.7061  0.4833  0.5512  0.6986  0.1765  0.000040
epoch:403 0.6653  0.9360  0.6924  0.3615  0.4859  0.6694  0.6382  0.7023  0.7023  0.4702  0.5504  0.6877  0.1760  0.000040
epoch:404 0.6647  0.9370  0.7107  0.4594  0.4857  0.6749  0.6393  0.7027  0.7027  0.4917  0.5468  0.6946  0.1762  0.000040
epoch:405 0.6620  0.9466  0.6886  0.4338  0.4827  0.6816  0.6408  0.7040  0.7040  0.4738  0.5532  0.7025  0.1774  0.000040
epoch:406 0.6620  0.9364  0.6992  0.4407  0.4899  0.6721  0.6383  0.7008  0.7008  0.4702  0.5555  0.6922  0.1759  0.000040
epoch:407 0.6599  0.9344  0.6881  0.4734  0.4613  0.6712  0.6375  0.7010  0.7010  0.5024  0.5468  0.6904  0.1750  0.000040
epoch:408 0.6633  0.9351  0.6988  0.3844  0.4867  0.6756  0.6399  0.7030  0.7030  0.4833  0.5551  0.6951  0.1756  0.000040
epoch:409 0.6590  0.9348  0.6948  0.4331  0.4911  0.6636  0.6379  0.7001  0.7001  0.4738  0.5579  0.6849  0.1747  0.000040
epoch:410 0.6632  0.9365  0.6859  0.4425  0.4862  0.6801  0.6404  0.7027  0.7027  0.4786  0.5512  0.6994  0.1765  0.000040
epoch:411 0.6679  0.9467  0.7034  0.4459  0.4746  0.6778  0.6445  0.7076  0.7076  0.4786  0.5555  0.6956  0.1760  0.000040
epoch:412 0.6622  0.9360  0.6884  0.4483  0.4858  0.6745  0.6393  0.7018  0.7018  0.4833  0.5512  0.6941  0.1761  0.000040
epoch:413 0.6668  0.9466  0.7002  0.4371  0.4846  0.6776  0.6420  0.7051  0.7051  0.4750  0.5488  0.6964  0.1771  0.000040
epoch:414 0.6665  0.9470  0.6900  0.4390  0.4851  0.6758  0.6412  0.7056  0.7056  0.4750  0.5532  0.6948  0.1760  0.000040
epoch:415 0.6686  0.9369  0.6955  0.4376  0.4867  0.6823  0.6444  0.7075  0.7075  0.4750  0.5555  0.6998  0.1758  0.000040
epoch:416 0.6714  0.9465  0.6841  0.4433  0.4909  0.6838  0.6457  0.7085  0.7085  0.4786  0.5575  0.7006  0.1751  0.000040
epoch:417 0.6677  0.9475  0.6893  0.4324  0.4860  0.6791  0.6432  0.7063  0.7063  0.4702  0.5551  0.6964  0.1765  0.000040
epoch:418 0.6618  0.9362  0.6882  0.4518  0.4854  0.6709  0.6377  0.7011  0.7011  0.4881  0.5492  0.6912  0.1752  0.000040
epoch:419 0.6696  0.9378  0.6901  0.4458  0.4860  0.6824  0.6443  0.7074  0.7074  0.4833  0.5532  0.6996  0.1751  0.000040
epoch:420 0.6559  0.9210  0.6855  0.4431  0.4645  0.6735  0.6355  0.6983  0.6983  0.4738  0.5468  0.6933  0.1754  0.000040
epoch:421 0.6660  0.9469  0.6905  0.4371  0.4792  0.6764  0.6427  0.7058  0.7058  0.4750  0.5532  0.6945  0.1751  0.000040
epoch:422 0.6481  0.9332  0.6828  0.3750  0.4615  0.6613  0.6291  0.6919  0.6919  0.4786  0.5424  0.6841  0.1755  0.000040
epoch:423 0.6669  0.9476  0.6921  0.4427  0.4874  0.6748  0.6404  0.7041  0.7041  0.4750  0.5547  0.6927  0.1757  0.000040
epoch:424 0.6579  0.9350  0.6932  0.4616  0.4661  0.6705  0.6355  0.6983  0.6983  0.4917  0.5464  0.6899  0.1739  0.000040
epoch:425 0.6558  0.9357  0.6868  0.4490  0.4671  0.6668  0.6343  0.6968  0.6968  0.4786  0.5429  0.6877  0.1760  0.000040
epoch:426 0.6575  0.9366  0.6886  0.4373  0.4809  0.6687  0.6329  0.6960  0.6960  0.4702  0.5444  0.6880  0.1739  0.000040
epoch:427 0.6601  0.9366  0.6894  0.4814  0.4871  0.6645  0.6370  0.6995  0.6995  0.5119  0.5532  0.6849  0.1749  0.000040
epoch:428 0.6610  0.9346  0.7061  0.3908  0.4616  0.6730  0.6392  0.7017  0.7017  0.4821  0.5472  0.6920  0.1755  0.000040
epoch:429 0.6608  0.9370  0.6938  0.4433  0.4843  0.6727  0.6392  0.7020  0.7020  0.4786  0.5555  0.6925  0.1743  0.000040
epoch:430 0.6643  0.9356  0.7193  0.4496  0.4890  0.6803  0.6415  0.7046  0.7046  0.4786  0.5599  0.6991  0.1749  0.000040
epoch:431 0.6654  0.9373  0.6823  0.4211  0.4830  0.6772  0.6403  0.7028  0.7028  0.4607  0.5444  0.6943  0.1748  0.000040
epoch:432 0.6626  0.9356  0.7092  0.4554  0.4785  0.6785  0.6395  0.7027  0.7027  0.4821  0.5536  0.6978  0.1747  0.000040
epoch:433 0.6699  0.9373  0.6983  0.4527  0.4855  0.6814  0.6445  0.7073  0.7073  0.4869  0.5532  0.6988  0.1754  0.000040
epoch:434 0.6613  0.9365  0.6863  0.4484  0.4817  0.6724  0.6375  0.7005  0.7005  0.4833  0.5532  0.6912  0.1735  0.000040
epoch:435 0.6601  0.9345  0.6830  0.4427  0.4732  0.6748  0.6399  0.7021  0.7021  0.4833  0.5516  0.6933  0.1739  0.000040
epoch:436 0.6683  0.9467  0.6921  0.4453  0.4799  0.6776  0.6446  0.7080  0.7080  0.4833  0.5551  0.6964  0.1745  0.000040
epoch:437 0.6650  0.9355  0.6896  0.4525  0.4869  0.6801  0.6408  0.7042  0.7042  0.4929  0.5536  0.6994  0.1738  0.000040
epoch:438 0.6581  0.9359  0.6964  0.4838  0.4698  0.6623  0.6340  0.6974  0.6974  0.5119  0.5547  0.6822  0.1742  0.000040
epoch:439 0.6619  0.9474  0.6949  0.4372  0.4754  0.6810  0.6390  0.7033  0.7033  0.4750  0.5532  0.7020  0.1738  0.000040
epoch:440 0.6702  0.9472  0.7021  0.4376  0.4798  0.6852  0.6458  0.7089  0.7089  0.4750  0.5555  0.7025  0.1755  0.000040
epoch:441 0.6674  0.9465  0.7147  0.4623  0.4899  0.6762  0.6421  0.7061  0.7061  0.4917  0.5614  0.6962  0.1718  0.000040
epoch:442 0.6726  0.9469  0.7205  0.4509  0.4797  0.6895  0.6458  0.7092  0.7092  0.4833  0.5532  0.7067  0.1740  0.000040
epoch:443 0.6725  0.9478  0.6986  0.4439  0.4873  0.6864  0.6457  0.7088  0.7088  0.4881  0.5532  0.7062  0.1745  0.000040
epoch:444 0.6540  0.9339  0.7056  0.4023  0.4704  0.6614  0.6335  0.6963  0.6963  0.5155  0.5527  0.6825  0.1735  0.000040
epoch:445 0.6607  0.9367  0.6844  0.4376  0.4773  0.6729  0.6376  0.7010  0.7010  0.4750  0.5492  0.6933  0.1744  0.000040
epoch:446 0.6676  0.9368  0.6881  0.4403  0.4797  0.6801  0.6444  0.7069  0.7069  0.4821  0.5532  0.6985  0.1732  0.000040
epoch:447 0.6608  0.9362  0.6900  0.4446  0.4870  0.6700  0.6379  0.7007  0.7007  0.4786  0.5555  0.6909  0.1738  0.000040
epoch:448 0.6626  0.9361  0.7060  0.4643  0.4739  0.6797  0.6384  0.7018  0.7018  0.4964  0.5424  0.6986  0.1743  0.000040
epoch:449 0.6667  0.9459  0.6923  0.4404  0.4768  0.6783  0.6427  0.7055  0.7055  0.4786  0.5508  0.6991  0.1737  0.000040
epoch:450 0.6605  0.9460  0.6849  0.4414  0.4706  0.6787  0.6404  0.7038  0.7038  0.4833  0.5468  0.7015  0.1732  0.000040
epoch:451 0.6778  0.9385  0.7241  0.4660  0.4901  0.6939  0.6506  0.7143  0.7143  0.5048  0.5579  0.7125  0.1742  0.000040
epoch:452 0.6704  0.9473  0.7051  0.4418  0.4852  0.6820  0.6459  0.7099  0.7099  0.4798  0.5623  0.7003  0.1735  0.000040
epoch:453 0.6620  0.9368  0.7006  0.4349  0.4844  0.6815  0.6399  0.7027  0.7027  0.4750  0.5512  0.7012  0.1725  0.000040
epoch:454 0.6566  0.9351  0.6874  0.4542  0.4667  0.6746  0.6358  0.6983  0.6983  0.4786  0.5429  0.6952  0.1732  0.000040
epoch:455 0.6679  0.9373  0.6956  0.4342  0.4862  0.6855  0.6437  0.7062  0.7062  0.4702  0.5532  0.7043  0.1731  0.000040
epoch:456 0.6547  0.9341  0.6854  0.3896  0.4606  0.6652  0.6350  0.6978  0.6978  0.5071  0.5448  0.6849  0.1722  0.000040
epoch:457 0.6659  0.9464  0.6953  0.4434  0.4836  0.6843  0.6420  0.7060  0.7060  0.4833  0.5536  0.7033  0.1749  0.000040
epoch:458 0.6635  0.9470  0.7095  0.4371  0.4761  0.6781  0.6392  0.7026  0.7026  0.4750  0.5492  0.6957  0.1712  0.000040
epoch:459 0.6552  0.9355  0.6784  0.4399  0.4718  0.6679  0.6341  0.6969  0.6969  0.4738  0.5551  0.6870  0.1747  0.000040
epoch:460 0.6590  0.9352  0.6907  0.4424  0.4812  0.6682  0.6367  0.6989  0.6989  0.4738  0.5508  0.6877  0.1740  0.000040
epoch:461 0.6614  0.9373  0.6844  0.4433  0.4869  0.6623  0.6386  0.7017  0.7017  0.4786  0.5555  0.6883  0.1718  0.000040
epoch:462 0.6682  0.9378  0.6983  0.4314  0.4838  0.6857  0.6452  0.7077  0.7077  0.4786  0.5512  0.7051  0.1728  0.000040
epoch:463 0.6589  0.9342  0.7079  0.4097  0.4740  0.6593  0.6378  0.7018  0.7018  0.5250  0.5678  0.6790  0.1718  0.000040
epoch:464 0.6589  0.9356  0.6897  0.4517  0.4695  0.6642  0.6367  0.6992  0.6992  0.4786  0.5512  0.6859  0.1714  0.000040
epoch:465 0.6561  0.9348  0.6879  0.3936  0.4672  0.6603  0.6359  0.6993  0.6993  0.5071  0.5590  0.6804  0.1720  0.000040
epoch:466 0.6660  0.9379  0.7049  0.4461  0.4851  0.6804  0.6436  0.7055  0.7055  0.4869  0.5540  0.6999  0.1717  0.000040
epoch:467 0.6608  0.9355  0.6858  0.4373  0.4848  0.6746  0.6374  0.6996  0.6996  0.4738  0.5508  0.6922  0.1730  0.000040
epoch:468 0.6571  0.9349  0.7025  0.4694  0.4648  0.6729  0.6374  0.6999  0.6999  0.5024  0.5515  0.6936  0.1704  0.000040
epoch:469 0.6691  0.9481  0.7218  0.4545  0.4799  0.6907  0.6466  0.7097  0.7097  0.4869  0.5555  0.7128  0.1730  0.000040
epoch:470 0.6685  0.9374  0.6893  0.4400  0.4805  0.6831  0.6443  0.7065  0.7065  0.4738  0.5532  0.7035  0.1729  0.000040
epoch:471 0.6601  0.9350  0.7082  0.4578  0.4594  0.6690  0.6381  0.7003  0.7003  0.4869  0.5429  0.6880  0.1726  0.000040
epoch:472 0.6706  0.9383  0.7101  0.4598  0.4751  0.6839  0.6435  0.7072  0.7072  0.4869  0.5527  0.7035  0.1727  0.000040
epoch:473 0.6616  0.9366  0.6866  0.4455  0.4778  0.6774  0.6379  0.7001  0.7001  0.4786  0.5468  0.6967  0.1708  0.000040
epoch:474 0.6638  0.9363  0.7105  0.4594  0.4810  0.6739  0.6408  0.7039  0.7039  0.4917  0.5536  0.6943  0.1720  0.000040
epoch:475 0.6650  0.9373  0.6838  0.4445  0.4733  0.6783  0.6407  0.7029  0.7029  0.4869  0.5361  0.6969  0.1725  0.000040
epoch:476 0.6680  0.9472  0.7077  0.4371  0.4765  0.6842  0.6450  0.7081  0.7081  0.4750  0.5555  0.7017  0.1699  0.000040
epoch:477 0.6606  0.9362  0.6735  0.4354  0.4832  0.6770  0.6370  0.7007  0.7007  0.4750  0.5464  0.6994  0.1714  0.000040
epoch:478 0.6682  0.9378  0.6856  0.4433  0.4706  0.6829  0.6436  0.7067  0.7067  0.4786  0.5515  0.7012  0.1712  0.000040
epoch:479 0.6735  0.9478  0.7128  0.4660  0.4733  0.6908  0.6472  0.7106  0.7106  0.5048  0.5484  0.7094  0.1708  0.000040
epoch:480 0.6754  0.9378  0.6823  0.4347  0.4784  0.6951  0.6518  0.7143  0.7143  0.4738  0.5555  0.7119  0.1723  0.000040
epoch:481 0.6621  0.9372  0.7088  0.4481  0.4904  0.6715  0.6374  0.7005  0.7005  0.4786  0.5551  0.6909  0.1706  0.000040
epoch:482 0.6717  0.9476  0.7226  0.4552  0.4770  0.6775  0.6459  0.7095  0.7095  0.4917  0.5551  0.6943  0.1700  0.000040
epoch:483 0.6581  0.9348  0.6977  0.4540  0.4723  0.6599  0.6357  0.6988  0.6988  0.4833  0.5555  0.6793  0.1705  0.000040
epoch:484 0.6624  0.9464  0.7117  0.3629  0.4826  0.6813  0.6401  0.7026  0.7026  0.4655  0.5532  0.6986  0.1707  0.000040
epoch:485 0.6590  0.9365  0.6846  0.4402  0.4861  0.6682  0.6385  0.7010  0.7010  0.4786  0.5579  0.6891  0.1720  0.000040
epoch:486 0.6595  0.9356  0.6822  0.4767  0.4785  0.6678  0.6362  0.6990  0.6990  0.5119  0.5448  0.6864  0.1725  0.000040
epoch:487 0.6671  0.9368  0.7089  0.4563  0.4844  0.6881  0.6435  0.7063  0.7063  0.4869  0.5472  0.7076  0.1724  0.000040
epoch:488 0.6585  0.9361  0.6838  0.4404  0.4743  0.6723  0.6385  0.7007  0.7007  0.4786  0.5536  0.6915  0.1713  0.000040
epoch:489 0.6585  0.9344  0.6839  0.3794  0.4614  0.6726  0.6367  0.6995  0.6995  0.4786  0.5444  0.6928  0.1728  0.000040
epoch:490 0.6639  0.9371  0.6912  0.4354  0.4846  0.6834  0.6410  0.7038  0.7038  0.4750  0.5536  0.7010  0.1717  0.000040
epoch:491 0.6615  0.9456  0.7205  0.4493  0.4730  0.6724  0.6381  0.7021  0.7021  0.4786  0.5527  0.6920  0.1708  0.000040
epoch:492 0.6596  0.9373  0.6815  0.4366  0.4730  0.6709  0.6373  0.7004  0.7004  0.4702  0.5508  0.6904  0.1713  0.000040
epoch:493 0.6649  0.9474  0.7041  0.4331  0.4813  0.6813  0.6423  0.7061  0.7061  0.4738  0.5599  0.7018  0.1713  0.000040
epoch:494 0.6616  0.9465  0.7170  0.4540  0.4739  0.6695  0.6369  0.7006  0.7006  0.4833  0.5527  0.6885  0.1697  0.000040
epoch:495 0.6614  0.9368  0.6872  0.4341  0.4748  0.6824  0.6408  0.7033  0.7033  0.4655  0.5555  0.7012  0.1708  0.000040
epoch:496 0.6664  0.9379  0.6871  0.4351  0.4798  0.6748  0.6422  0.7053  0.7053  0.4702  0.5551  0.6943  0.1711  0.000040
epoch:497 0.6656  0.9372  0.7042  0.4376  0.4848  0.6770  0.6422  0.7053  0.7053  0.4750  0.5603  0.6959  0.1699  0.000040
epoch:498 0.6687  0.9467  0.6982  0.4389  0.4804  0.6767  0.6438  0.7063  0.7063  0.4786  0.5532  0.6951  0.1709  0.000040
epoch:499 0.6662  0.9372  0.6933  0.4341  0.4791  0.6937  0.6425  0.7062  0.7062  0.4702  0.5547  0.7126  0.1702  0.000040
epoch:500 0.6721  0.9373  0.7073  0.4496  0.4821  0.6974  0.6468  0.7099  0.7099  0.4833  0.5555  0.7146  0.1704  0.000040
epoch:501 0.6620  0.9367  0.6904  0.4436  0.4797  0.6799  0.6391  0.7022  0.7022  0.4786  0.5532  0.7018  0.1708  0.000040
epoch:502 0.6712  0.9373  0.7119  0.4400  0.4884  0.6893  0.6470  0.7097  0.7097  0.4738  0.5579  0.7062  0.1700  0.000040
epoch:503 0.6657  0.9370  0.7247  0.4578  0.4852  0.6806  0.6412  0.7040  0.7040  0.4869  0.5532  0.7002  0.1716  0.000040
epoch:504 0.6717  0.9478  0.7174  0.4477  0.4816  0.6875  0.6475  0.7103  0.7103  0.4821  0.5575  0.7059  0.1696  0.000040
epoch:505 0.6675  0.9373  0.7019  0.4489  0.4738  0.6855  0.6433  0.7064  0.7064  0.4786  0.5508  0.7038  0.1698  0.000040
epoch:506 0.6709  0.9372  0.7216  0.4557  0.4782  0.6880  0.6456  0.7093  0.7093  0.4917  0.5547  0.7057  0.1689  0.000040
epoch:507 0.6653  0.9357  0.7053  0.4624  0.4794  0.6894  0.6429  0.7054  0.7054  0.4917  0.5512  0.7097  0.1705  0.000040
epoch:508 0.6627  0.9369  0.6932  0.4532  0.4812  0.6805  0.6404  0.7032  0.7032  0.4821  0.5532  0.7023  0.1695  0.000040
epoch:509 0.6669  0.9473  0.6952  0.4376  0.4806  0.6766  0.6425  0.7059  0.7059  0.4750  0.5551  0.6948  0.1699  0.000040
epoch:510 0.6639  0.9475  0.6896  0.4496  0.4784  0.6793  0.6411  0.7045  0.7045  0.4917  0.5527  0.7010  0.1688  0.000040
epoch:511 0.6504  0.9214  0.6813  0.4489  0.4631  0.6521  0.6316  0.6950  0.6950  0.4881  0.5547  0.6753  0.1726  0.000040
epoch:512 0.6606  0.9373  0.6846  0.4425  0.4759  0.6694  0.6379  0.7010  0.7010  0.4786  0.5527  0.6890  0.1680  0.000040
epoch:513 0.6594  0.9355  0.7095  0.4921  0.4713  0.6740  0.6391  0.7019  0.7019  0.5202  0.5472  0.6954  0.1704  0.000040
epoch:514 0.6617  0.9378  0.6885  0.4433  0.4744  0.6782  0.6396  0.7027  0.7027  0.4833  0.5424  0.7017  0.1708  0.000040
epoch:515 0.6684  0.9373  0.7075  0.4254  0.4705  0.6890  0.6436  0.7064  0.7064  0.4536  0.5508  0.7051  0.1706  0.000040
epoch:516 0.6613  0.9364  0.6803  0.4418  0.4834  0.6804  0.6395  0.7023  0.7023  0.4786  0.5532  0.6994  0.1694  0.000040
epoch:517 0.6625  0.9370  0.7243  0.4515  0.4736  0.6794  0.6394  0.7022  0.7022  0.4786  0.5532  0.6986  0.1699  0.000040
epoch:518 0.6691  0.9360  0.7010  0.4404  0.4871  0.6837  0.6466  0.7088  0.7088  0.4786  0.5560  0.7043  0.1693  0.000040
epoch:519 0.6651  0.9368  0.7094  0.4505  0.4725  0.6736  0.6397  0.7028  0.7028  0.4786  0.5504  0.6914  0.1685  0.000040
epoch:520 0.6742  0.9477  0.7233  0.4490  0.4733  0.7047  0.6475  0.7106  0.7106  0.4869  0.5508  0.7220  0.1701  0.000040
epoch:521 0.6713  0.9472  0.7103  0.4524  0.4723  0.6880  0.6457  0.7088  0.7088  0.4869  0.5527  0.7067  0.1707  0.000040
epoch:522 0.6646  0.9376  0.7014  0.4447  0.4825  0.6816  0.6427  0.7046  0.7046  0.4821  0.5536  0.6999  0.1701  0.000040
epoch:523 0.6645  0.9358  0.6992  0.4557  0.4824  0.6761  0.6396  0.7018  0.7018  0.4869  0.5488  0.6938  0.1693  0.000040
epoch:524 0.6712  0.9373  0.6948  0.4459  0.4807  0.6865  0.6473  0.7107  0.7107  0.4786  0.5618  0.7054  0.1699  0.000040
epoch:525 0.6739  0.9469  0.7138  0.4606  0.4812  0.6857  0.6485  0.7113  0.7113  0.4952  0.5555  0.7059  0.1688  0.000040
epoch:526 0.6706  0.9374  0.6939  0.4424  0.4743  0.6933  0.6473  0.7098  0.7098  0.4738  0.5532  0.7128  0.1690  0.000040
epoch:527 0.6661  0.9362  0.7209  0.4623  0.4807  0.6767  0.6404  0.7035  0.7035  0.4917  0.5527  0.6959  0.1687  0.000040
epoch:528 0.6614  0.9357  0.6895  0.4354  0.4715  0.6723  0.6378  0.7009  0.7009  0.4655  0.5492  0.6896  0.1689  0.000040
epoch:529 0.6661  0.9379  0.7171  0.4552  0.4779  0.6957  0.6440  0.7074  0.7074  0.4917  0.5551  0.7168  0.1691  0.000040
epoch:530 0.6608  0.9482  0.7013  0.4425  0.4742  0.6735  0.6397  0.7025  0.7025  0.4786  0.5508  0.6970  0.1673  0.000040
epoch:531 0.6640  0.9367  0.7168  0.4540  0.4835  0.6752  0.6387  0.7021  0.7021  0.4833  0.5527  0.6951  0.1688  0.000040
epoch:532 0.6681  0.9363  0.6795  0.4441  0.4762  0.6803  0.6451  0.7076  0.7076  0.4833  0.5536  0.6988  0.1696  0.000040
epoch:533 0.6660  0.9373  0.6907  0.4484  0.4797  0.6856  0.6418  0.7049  0.7049  0.4833  0.5508  0.7033  0.1686  0.000040
epoch:534 0.6600  0.9347  0.6937  0.4291  0.4869  0.6639  0.6396  0.7021  0.7021  0.4690  0.5702  0.6894  0.1692  0.000040
epoch:535 0.6601  0.9211  0.6907  0.4525  0.4782  0.6831  0.6379  0.7013  0.7013  0.4881  0.5508  0.7052  0.1684  0.000040
epoch:536 0.6718  0.9469  0.7175  0.4548  0.4745  0.6862  0.6460  0.7088  0.7088  0.4869  0.5532  0.7049  0.1688  0.000040
epoch:537 0.6635  0.9376  0.6954  0.4385  0.4811  0.6792  0.6415  0.7046  0.7046  0.4786  0.5555  0.7012  0.1681  0.000040
epoch:538 0.6618  0.9372  0.6889  0.4449  0.4746  0.6738  0.6403  0.7034  0.7034  0.4786  0.5575  0.6938  0.1677  0.000040
epoch:539 0.6604  0.9237  0.6873  0.4283  0.4717  0.6787  0.6386  0.7014  0.7014  0.4655  0.5532  0.6994  0.1686  0.000040
epoch:540 0.6694  0.9470  0.7149  0.4480  0.4725  0.6822  0.6428  0.7053  0.7053  0.4738  0.5508  0.6985  0.1684  0.000040
epoch:541 0.6669  0.9362  0.7066  0.4509  0.4829  0.6844  0.6403  0.7037  0.7037  0.4881  0.5527  0.7015  0.1684  0.000040
epoch:542 0.6618  0.9367  0.6853  0.4342  0.4812  0.6735  0.6394  0.7022  0.7022  0.4702  0.5579  0.6925  0.1674  0.000040
epoch:543 0.6606  0.9350  0.7051  0.4563  0.4793  0.6662  0.6391  0.7022  0.7022  0.4869  0.5634  0.6867  0.1678  0.000040
epoch:544 0.6706  0.9373  0.6824  0.4412  0.4760  0.6919  0.6456  0.7081  0.7081  0.4738  0.5532  0.7101  0.1686  0.000040
epoch:545 0.6628  0.9356  0.6941  0.4461  0.4718  0.6792  0.6388  0.7019  0.7019  0.4786  0.5468  0.6986  0.1679  0.000040
epoch:546 0.6656  0.9384  0.7014  0.4479  0.4756  0.6830  0.6421  0.7058  0.7058  0.4833  0.5555  0.7015  0.1680  0.000040
epoch:547 0.6631  0.9355  0.7041  0.4618  0.4638  0.6790  0.6392  0.7020  0.7020  0.4964  0.5429  0.6983  0.1676  0.000040
epoch:548 0.6625  0.9368  0.6874  0.4291  0.4768  0.6783  0.6408  0.7033  0.7033  0.4607  0.5579  0.6962  0.1671  0.000040
epoch:549 0.6613  0.9378  0.6789  0.4449  0.4796  0.6778  0.6377  0.7008  0.7008  0.4786  0.5508  0.6975  0.1669  0.000040
epoch:550 0.6662  0.9378  0.7270  0.4598  0.4714  0.6826  0.6425  0.7053  0.7053  0.4869  0.5472  0.7025  0.1684  0.000040
epoch:551 0.6584  0.9367  0.6851  0.4391  0.4632  0.6703  0.6373  0.7004  0.7004  0.4786  0.5492  0.6909  0.1693  0.000040
epoch:552 0.6673  0.9378  0.6952  0.4366  0.4750  0.6839  0.6441  0.7069  0.7069  0.4702  0.5532  0.7048  0.1675  0.000040
epoch:553 0.6706  0.9475  0.7007  0.4364  0.4807  0.6866  0.6447  0.7084  0.7084  0.4786  0.5571  0.7054  0.1670  0.000040
epoch:554 0.6637  0.9475  0.6999  0.4385  0.4792  0.6808  0.6397  0.7031  0.7031  0.4786  0.5527  0.7015  0.1661  0.000040
epoch:555 0.6654  0.9464  0.7110  0.4339  0.4868  0.6812  0.6405  0.7037  0.7037  0.4655  0.5555  0.7020  0.1668  0.000040
epoch:556 0.6652  0.9476  0.7162  0.4476  0.4768  0.6751  0.6421  0.7046  0.7046  0.4821  0.5532  0.6973  0.1658  0.000040
epoch:557 0.6628  0.9366  0.6892  0.4449  0.4820  0.6843  0.6412  0.7040  0.7040  0.4786  0.5555  0.7042  0.1657  0.000040
epoch:558 0.6741  0.9377  0.7142  0.4491  0.4801  0.6966  0.6486  0.7117  0.7117  0.4869  0.5492  0.7136  0.1688  0.000040
epoch:559 0.6612  0.9366  0.6989  0.4344  0.4658  0.6787  0.6413  0.7044  0.7044  0.4750  0.5496  0.6978  0.1679  0.000040
epoch:560 0.6631  0.9345  0.7041  0.4587  0.4738  0.6795  0.6409  0.7043  0.7043  0.4869  0.5531  0.6991  0.1676  0.000040
epoch:561 0.6668  0.9373  0.6837  0.4488  0.4842  0.6819  0.6422  0.7044  0.7044  0.4786  0.5560  0.6991  0.1672  0.000040
epoch:562 0.6590  0.9355  0.7044  0.4494  0.4619  0.6687  0.6369  0.6988  0.6988  0.4821  0.5452  0.6886  0.1667  0.000040
epoch:563 0.6649  0.9367  0.6993  0.4377  0.4758  0.6976  0.6429  0.7063  0.7063  0.4702  0.5595  0.7161  0.1674  0.000040
epoch:564 0.6619  0.9465  0.7039  0.4484  0.4727  0.6675  0.6393  0.7027  0.7027  0.4833  0.5508  0.6930  0.1658  0.000040
epoch:565 0.6653  0.9383  0.6829  0.4477  0.4867  0.6811  0.6419  0.7050  0.7050  0.4917  0.5555  0.7028  0.1662  0.000040
epoch:566 0.6636  0.9378  0.6981  0.4424  0.4746  0.6798  0.6417  0.7045  0.7045  0.4738  0.5575  0.7004  0.1674  0.000040
epoch:567 0.6622  0.9361  0.6780  0.4436  0.4791  0.6736  0.6391  0.7016  0.7016  0.4738  0.5551  0.6930  0.1665  0.000040
epoch:568 0.6645  0.9363  0.6991  0.4557  0.4742  0.6819  0.6416  0.7044  0.7044  0.4869  0.5472  0.7010  0.1668  0.000040
epoch:569 0.6615  0.9372  0.6910  0.4484  0.4675  0.6851  0.6403  0.7028  0.7028  0.4833  0.5512  0.7036  0.1675  0.000040
epoch:570 0.6633  0.9366  0.6799  0.4484  0.4823  0.6770  0.6391  0.7022  0.7022  0.4833  0.5508  0.6991  0.1677  0.000040
epoch:571 0.6701  0.9362  0.7144  0.4550  0.4775  0.7013  0.6451  0.7076  0.7076  0.4774  0.5532  0.7187  0.1666  0.000040
epoch:572 0.6622  0.9377  0.6967  0.4366  0.4757  0.6777  0.6388  0.7022  0.7022  0.4702  0.5547  0.6965  0.1662  0.000040
epoch:573 0.6634  0.9368  0.6885  0.4449  0.4750  0.6810  0.6395  0.7026  0.7026  0.4786  0.5532  0.6991  0.1656  0.000040
epoch:574 0.6663  0.9373  0.6819  0.4459  0.4830  0.6821  0.6388  0.7019  0.7019  0.4786  0.5551  0.6980  0.1662  0.000040
epoch:575 0.6725  0.9384  0.7024  0.4515  0.4844  0.6974  0.6453  0.7081  0.7081  0.4786  0.5527  0.7149  0.1672  0.000040
epoch:576 0.6648  0.9341  0.6962  0.4466  0.4761  0.6811  0.6418  0.7046  0.7046  0.4869  0.5508  0.7023  0.1667  0.000040
epoch:577 0.6639  0.9378  0.7010  0.4449  0.4742  0.6868  0.6402  0.7039  0.7039  0.4786  0.5487  0.7063  0.1655  0.000040
epoch:578 0.6612  0.9372  0.6793  0.4458  0.4722  0.6735  0.6381  0.7015  0.7015  0.4833  0.5527  0.6941  0.1679  0.000040
epoch:579 0.6629  0.9479  0.7096  0.4433  0.4716  0.6753  0.6391  0.7022  0.7022  0.4738  0.5484  0.6972  0.1664  0.000040
epoch:580 0.6690  0.9472  0.7021  0.4351  0.4769  0.6868  0.6431  0.7069  0.7069  0.4702  0.5508  0.7072  0.1657  0.000040
epoch:581 0.6630  0.9368  0.6803  0.4436  0.4808  0.6752  0.6369  0.7000  0.7000  0.4738  0.5440  0.6946  0.1655  0.000040
epoch:582 0.6674  0.9477  0.6978  0.4367  0.4733  0.6796  0.6446  0.7074  0.7074  0.4786  0.5508  0.7020  0.1664  0.000040
epoch:583 0.6655  0.9368  0.6890  0.4362  0.4866  0.6822  0.6414  0.7039  0.7039  0.4786  0.5560  0.6988  0.1665  0.000040
epoch:584 0.6621  0.9356  0.6821  0.4484  0.4672  0.6722  0.6365  0.6990  0.6990  0.4833  0.5405  0.6885  0.1657  0.000040
epoch:585 0.6606  0.9210  0.6867  0.4436  0.4779  0.6805  0.6368  0.6996  0.6996  0.4738  0.5504  0.6973  0.1669  0.000040
epoch:586 0.6638  0.9371  0.7125  0.4527  0.4781  0.6741  0.6387  0.7024  0.7024  0.4917  0.5571  0.6917  0.1656  0.000040
epoch:587 0.6666  0.9357  0.7082  0.4461  0.4781  0.6738  0.6404  0.7038  0.7038  0.4786  0.5555  0.6899  0.1643  0.000040
epoch:588 0.6625  0.9372  0.6878  0.4351  0.4860  0.6739  0.6379  0.7007  0.7007  0.4702  0.5555  0.6915  0.1653  0.000040
epoch:589 0.6609  0.9354  0.6816  0.4484  0.4688  0.6743  0.6367  0.6998  0.6998  0.4833  0.5468  0.6917  0.1672  0.000040
epoch:590 0.6634  0.9371  0.6796  0.4433  0.4891  0.6732  0.6383  0.7014  0.7014  0.4786  0.5551  0.6928  0.1661  0.000040
epoch:591 0.6696  0.9466  0.6914  0.4330  0.4711  0.6940  0.6436  0.7068  0.7068  0.4655  0.5448  0.7115  0.1666  0.000040
epoch:592 0.6594  0.9462  0.6858  0.4434  0.4547  0.6819  0.6385  0.7020  0.7020  0.4833  0.5385  0.7018  0.1660  0.000040
epoch:593 0.6582  0.9196  0.6774  0.4394  0.4735  0.6834  0.6394  0.7019  0.7019  0.4738  0.5536  0.7029  0.1663  0.000040
epoch:594 0.6660  0.9372  0.6851  0.4301  0.4784  0.6788  0.6437  0.7062  0.7062  0.4655  0.5555  0.7030  0.1642  0.000040
epoch:595 0.6632  0.9352  0.6892  0.4449  0.4758  0.6768  0.6390  0.7018  0.7018  0.4786  0.5472  0.6941  0.1644  0.000040
epoch:596 0.6588  0.9355  0.6849  0.4399  0.4794  0.6614  0.6373  0.7001  0.7001  0.4738  0.5658  0.6803  0.1656  0.000040
epoch:597 0.6581  0.9471  0.6909  0.4245  0.4564  0.6866  0.6393  0.7015  0.7015  0.4690  0.5401  0.7076  0.1658  0.000040
epoch:598 0.6616  0.9376  0.6908  0.4484  0.4697  0.6787  0.6377  0.7011  0.7011  0.4833  0.5504  0.6988  0.1647  0.000040
epoch:599 0.6690  0.9378  0.7013  0.4455  0.4744  0.6902  0.6441  0.7078  0.7078  0.4786  0.5527  0.7104  0.1643  0.000040
epoch:600 0.6644  0.9231  0.6828  0.4330  0.4697  0.6767  0.6409  0.7034  0.7034  0.4655  0.5484  0.6990  0.1653  0.000040
epoch:601 0.6634  0.9351  0.6949  0.4440  0.4749  0.6827  0.6393  0.7021  0.7021  0.4786  0.5468  0.6997  0.1656  0.000040
epoch:602 0.6675  0.9375  0.6874  0.4360  0.4777  0.6876  0.6431  0.7059  0.7059  0.4738  0.5527  0.7075  0.1656  0.000040
epoch:603 0.6650  0.9471  0.6989  0.4404  0.4786  0.6850  0.6413  0.7057  0.7057  0.4786  0.5571  0.7033  0.1654  0.000040
epoch:604 0.6684  0.9466  0.6921  0.4346  0.4750  0.6813  0.6462  0.7097  0.7097  0.4702  0.5508  0.7046  0.1650  0.000040
epoch:605 0.6656  0.9383  0.6946  0.4386  0.4742  0.6868  0.6423  0.7048  0.7048  0.4738  0.5532  0.7070  0.1638  0.000040
epoch:606 0.6631  0.9378  0.6946  0.4459  0.4742  0.6765  0.6399  0.7027  0.7027  0.4786  0.5532  0.6957  0.1638  0.000040
epoch:607 0.6618  0.9337  0.7145  0.4563  0.4746  0.6815  0.6394  0.7031  0.7031  0.4869  0.5634  0.7000  0.1651  0.000040
epoch:608 0.6703  0.9378  0.7224  0.4641  0.4774  0.6957  0.6471  0.7102  0.7102  0.4952  0.5579  0.7179  0.1650  0.000040
epoch:609 0.6688  0.9477  0.6938  0.4424  0.4722  0.6859  0.6435  0.7066  0.7066  0.4738  0.5508  0.7054  0.1639  0.000040
epoch:610 0.6683  0.9476  0.7028  0.4360  0.4742  0.6881  0.6451  0.7076  0.7076  0.4738  0.5508  0.7072  0.1637  0.000040
epoch:611 0.6661  0.9472  0.7089  0.4420  0.4773  0.6819  0.6417  0.7063  0.7063  0.4786  0.5575  0.7033  0.1643  0.000040
epoch:612 0.6524  0.9338  0.6803  0.4281  0.4639  0.6442  0.6319  0.6944  0.6944  0.4690  0.5551  0.6632  0.1650  0.000040
epoch:613 0.6559  0.9340  0.7021  0.4870  0.4608  0.6641  0.6358  0.6989  0.6989  0.5155  0.5527  0.6851  0.1644  0.000040
epoch:614 0.6634  0.9466  0.7075  0.4449  0.4751  0.6808  0.6418  0.7053  0.7053  0.4786  0.5555  0.7025  0.1634  0.000040
epoch:615 0.6714  0.9382  0.6981  0.4496  0.4886  0.6788  0.6448  0.7082  0.7082  0.4917  0.5551  0.6993  0.1650  0.000040
epoch:616 0.6679  0.9373  0.6893  0.4449  0.4754  0.6808  0.6434  0.7065  0.7065  0.4786  0.5532  0.6990  0.1640  0.000040
epoch:617 0.6638  0.9462  0.7018  0.4224  0.4652  0.6787  0.6416  0.7041  0.7041  0.4607  0.5464  0.7001  0.1665  0.000040
epoch:618 0.6659  0.9371  0.6832  0.4377  0.4655  0.6841  0.6439  0.7070  0.7070  0.4702  0.5555  0.7033  0.1653  0.000040
epoch:619 0.6726  0.9480  0.6994  0.4443  0.4771  0.6892  0.6510  0.7138  0.7138  0.4821  0.5551  0.7106  0.1636  0.000040
epoch:620 0.6646  0.9474  0.7187  0.4606  0.4744  0.6797  0.6404  0.7035  0.7035  0.4952  0.5484  0.7007  0.1641  0.000040
epoch:621 0.6623  0.9350  0.6860  0.4484  0.4722  0.6707  0.6363  0.6997  0.6997  0.4833  0.5468  0.6877  0.1632  0.000040
epoch:622 0.6578  0.9469  0.6946  0.4348  0.4562  0.6730  0.6370  0.7002  0.7002  0.4774  0.5401  0.6962  0.1639  0.000040
epoch:623 0.6670  0.9378  0.6827  0.4377  0.4730  0.6813  0.6436  0.7058  0.7058  0.4690  0.5508  0.6998  0.1633  0.000040
epoch:624 0.6609  0.9383  0.7118  0.4443  0.4659  0.6724  0.6399  0.7036  0.7036  0.4821  0.5507  0.6962  0.1646  0.000040
epoch:625 0.6622  0.9360  0.6786  0.4436  0.4843  0.6729  0.6395  0.7020  0.7020  0.4738  0.5575  0.6920  0.1634  0.000040
epoch:626 0.6681  0.9472  0.7173  0.4459  0.4783  0.6696  0.6425  0.7050  0.7050  0.4738  0.5527  0.6898  0.1637  0.000040
epoch:627 0.6636  0.9377  0.7033  0.4420  0.4729  0.6817  0.6400  0.7031  0.7031  0.4786  0.5504  0.7071  0.1638  0.000040
epoch:628 0.6730  0.9478  0.7294  0.4562  0.4769  0.6871  0.6458  0.7099  0.7099  0.4821  0.5551  0.7067  0.1632  0.000040
epoch:629 0.6604  0.9368  0.6891  0.4374  0.4708  0.6796  0.6373  0.6995  0.6995  0.4690  0.5484  0.6980  0.1628  0.000040
epoch:630 0.6653  0.9366  0.6723  0.4412  0.4706  0.6844  0.6409  0.7037  0.7037  0.4786  0.5424  0.7014  0.1625  0.000040
epoch:631 0.6603  0.9374  0.7030  0.4341  0.4609  0.6851  0.6377  0.7008  0.7008  0.4655  0.5459  0.7057  0.1635  0.000040
epoch:632 0.6640  0.9472  0.6901  0.4392  0.4604  0.6923  0.6407  0.7051  0.7051  0.4833  0.5401  0.7118  0.1634  0.000040
epoch:633 0.6643  0.9373  0.6775  0.4449  0.4727  0.6779  0.6409  0.7040  0.7040  0.4786  0.5527  0.6956  0.1636  0.000040
epoch:634 0.6692  0.9371  0.6979  0.4518  0.4755  0.6814  0.6447  0.7081  0.7081  0.4833  0.5555  0.6998  0.1641  0.000040
epoch:635 0.6707  0.9482  0.7042  0.4511  0.4773  0.6802  0.6460  0.7094  0.7094  0.4952  0.5508  0.6980  0.1624  0.000040
epoch:636 0.6670  0.9372  0.6874  0.4422  0.4634  0.6822  0.6425  0.7047  0.7047  0.4821  0.5429  0.7009  0.1639  0.000040
epoch:637 0.6731  0.9377  0.7087  0.4554  0.4833  0.6896  0.6477  0.7108  0.7108  0.4821  0.5614  0.7094  0.1639  0.000040
epoch:638 0.6655  0.9472  0.6983  0.4364  0.4772  0.6852  0.6415  0.7055  0.7055  0.4786  0.5472  0.7049  0.1639  0.000040
epoch:639 0.6702  0.9376  0.6973  0.4402  0.4771  0.6904  0.6447  0.7075  0.7075  0.4750  0.5532  0.7099  0.1639  0.000040
epoch:640 0.6636  0.9356  0.7026  0.4532  0.4748  0.6759  0.6398  0.7023  0.7023  0.4821  0.5472  0.6943  0.1646  0.000040
epoch:641 0.6740  0.9470  0.7218  0.4606  0.4772  0.6950  0.6481  0.7122  0.7122  0.4952  0.5532  0.7131  0.1640  0.000040
epoch:642 0.6617  0.9371  0.7027  0.4400  0.4773  0.6821  0.6380  0.7008  0.7008  0.4738  0.5523  0.7028  0.1625  0.000040
epoch:643 0.6614  0.9373  0.6739  0.4369  0.4788  0.6767  0.6377  0.7002  0.7002  0.4690  0.5527  0.6970  0.1629  0.000040
epoch:644 0.6600  0.9350  0.7154  0.4623  0.4705  0.6592  0.6358  0.6986  0.6986  0.4917  0.5472  0.6780  0.1622  0.000040
epoch:645 0.6637  0.9373  0.6886  0.4502  0.4732  0.6827  0.6403  0.7030  0.7030  0.4869  0.5508  0.7039  0.1622  0.000040
epoch:646 0.6651  0.9378  0.7082  0.4600  0.4701  0.6825  0.6405  0.7030  0.7030  0.4869  0.5429  0.7044  0.1618  0.000040
epoch:647 0.6649  0.9356  0.6888  0.4458  0.4801  0.6803  0.6397  0.7028  0.7028  0.4833  0.5555  0.6980  0.1628  0.000040
epoch:648 0.6601  0.9344  0.6906  0.4449  0.4768  0.6742  0.6373  0.7004  0.7004  0.4786  0.5551  0.6954  0.1633  0.000040
epoch:649 0.6603  0.9353  0.6840  0.4449  0.4671  0.6778  0.6370  0.7001  0.7001  0.4786  0.5527  0.6965  0.1626  0.000040
epoch:650 0.6670  0.9368  0.6855  0.4424  0.4779  0.6815  0.6432  0.7066  0.7066  0.4738  0.5547  0.7003  0.1632  0.000040
epoch:651 0.6670  0.9212  0.7096  0.4578  0.4852  0.6976  0.6447  0.7078  0.7078  0.4869  0.5615  0.7168  0.1609  0.000040
epoch:652 0.6624  0.9379  0.6974  0.4443  0.4754  0.6803  0.6404  0.7029  0.7029  0.4821  0.5504  0.7015  0.1633  0.000040
epoch:653 0.6590  0.9347  0.6888  0.4415  0.4715  0.6778  0.6364  0.6998  0.6998  0.4738  0.5479  0.6978  0.1630  0.000040
epoch:654 0.6730  0.9383  0.7256  0.4606  0.4773  0.6925  0.6465  0.7102  0.7102  0.4952  0.5523  0.7117  0.1628  0.000040
epoch:655 0.6633  0.9367  0.6873  0.4449  0.4762  0.6786  0.6416  0.7047  0.7047  0.4786  0.5575  0.7002  0.1629  0.000040
epoch:656 0.6669  0.9372  0.6926  0.4381  0.4809  0.7013  0.6449  0.7080  0.7080  0.4738  0.5575  0.7192  0.1625  0.000040
epoch:657 0.6611  0.9377  0.6932  0.4424  0.4577  0.6798  0.6388  0.7016  0.7016  0.4738  0.5424  0.7010  0.1624  0.000040
epoch:658 0.6715  0.9377  0.6938  0.4476  0.4760  0.6858  0.6451  0.7082  0.7082  0.4869  0.5444  0.7059  0.1627  0.000040
epoch:659 0.6613  0.9344  0.6880  0.4455  0.4589  0.6765  0.6394  0.7028  0.7028  0.4833  0.5536  0.6941  0.1612  0.000040
epoch:660 0.6615  0.9356  0.6891  0.4151  0.4701  0.6709  0.6380  0.7017  0.7017  0.4500  0.5571  0.6898  0.1639  0.000040
epoch:661 0.6638  0.9472  0.6994  0.4428  0.4769  0.6804  0.6390  0.7031  0.7031  0.4786  0.5508  0.7020  0.1609  0.000040
epoch:662 0.6715  0.9377  0.7053  0.4400  0.4760  0.7048  0.6479  0.7107  0.7107  0.4738  0.5508  0.7247  0.1622  0.000040
epoch:663 0.6695  0.9375  0.7164  0.4600  0.4725  0.6922  0.6445  0.7076  0.7076  0.4869  0.5468  0.7150  0.1623  0.000040
epoch:664 0.6671  0.9383  0.7062  0.4319  0.4722  0.6859  0.6433  0.7064  0.7064  0.4655  0.5527  0.7057  0.1612  0.000040
epoch:665 0.6713  0.9339  0.7170  0.4628  0.4717  0.6865  0.6451  0.7085  0.7085  0.5000  0.5464  0.7064  0.1622  0.000040
epoch:666 0.6649  0.9381  0.7026  0.4385  0.4742  0.6949  0.6432  0.7060  0.7060  0.4786  0.5508  0.7145  0.1618  0.000040
epoch:667 0.6619  0.9477  0.6949  0.4385  0.4751  0.6739  0.6392  0.7036  0.7036  0.4786  0.5527  0.6978  0.1608  0.000040
epoch:668 0.6648  0.9367  0.7035  0.4623  0.4826  0.6773  0.6390  0.7018  0.7018  0.4917  0.5508  0.6973  0.1618  0.000040
epoch:669 0.6683  0.9381  0.6976  0.4468  0.4631  0.6865  0.6443  0.7068  0.7068  0.4869  0.5424  0.7046  0.1622  0.000040
epoch:670 0.6673  0.9377  0.6852  0.4377  0.4697  0.6900  0.6429  0.7060  0.7060  0.4702  0.5504  0.7099  0.1619  0.000040
epoch:671 0.6644  0.9383  0.7051  0.4424  0.4730  0.6941  0.6434  0.7065  0.7065  0.4738  0.5551  0.7142  0.1622  0.000040
epoch:672 0.6650  0.9342  0.6939  0.4425  0.4693  0.6847  0.6416  0.7047  0.7047  0.4786  0.5460  0.7049  0.1625  0.000040
epoch:673 0.6653  0.9343  0.6913  0.4385  0.4696  0.6783  0.6422  0.7053  0.7053  0.4786  0.5460  0.7014  0.1609  0.000040
epoch:674 0.6648  0.9206  0.7051  0.4623  0.4708  0.6884  0.6403  0.7034  0.7034  0.4917  0.5508  0.7055  0.1612  0.000040
epoch:675 0.6682  0.9250  0.6971  0.4349  0.4748  0.6904  0.6449  0.7071  0.7071  0.4774  0.5508  0.7096  0.1610  0.000040
epoch:676 0.6651  0.9371  0.6876  0.4484  0.4779  0.6850  0.6428  0.7056  0.7056  0.4833  0.5579  0.7055  0.1606  0.000040
epoch:677 0.6641  0.9344  0.6786  0.3773  0.4791  0.6814  0.6394  0.7022  0.7022  0.4786  0.5532  0.6986  0.1613  0.000040
epoch:678 0.6673  0.9373  0.6849  0.4341  0.4759  0.6863  0.6429  0.7057  0.7057  0.4655  0.5527  0.7043  0.1605  0.000040
epoch:679 0.6619  0.9350  0.7097  0.4554  0.4680  0.6776  0.6394  0.7025  0.7025  0.4821  0.5492  0.6967  0.1596  0.000040
epoch:680 0.6662  0.9361  0.6821  0.4440  0.4813  0.6863  0.6417  0.7048  0.7048  0.4786  0.5551  0.7060  0.1623  0.000040
epoch:681 0.6685  0.9371  0.6972  0.4424  0.4739  0.6794  0.6444  0.7072  0.7072  0.4738  0.5532  0.7009  0.1606  0.000040
epoch:682 0.6665  0.9373  0.6905  0.4325  0.4773  0.6942  0.6428  0.7053  0.7053  0.4738  0.5532  0.7126  0.1598  0.000040
epoch:683 0.6647  0.9367  0.6881  0.4461  0.4832  0.6884  0.6390  0.7023  0.7023  0.4786  0.5487  0.7073  0.1615  0.000040
epoch:684 0.6681  0.9373  0.6870  0.4126  0.4752  0.6835  0.6415  0.7043  0.7043  0.4452  0.5532  0.7006  0.1612  0.000040
epoch:685 0.6651  0.9345  0.7167  0.4587  0.4671  0.6882  0.6390  0.7037  0.7037  0.4869  0.5480  0.7078  0.1622  0.000040
epoch:686 0.6613  0.9384  0.6962  0.4484  0.4576  0.6801  0.6382  0.7019  0.7019  0.4833  0.5440  0.7010  0.1603  0.000040
epoch:687 0.6626  0.9378  0.6964  0.4468  0.4710  0.6800  0.6401  0.7035  0.7035  0.4869  0.5504  0.7020  0.1603  0.000040
epoch:688 0.6641  0.9377  0.6971  0.4420  0.4739  0.6807  0.6399  0.7027  0.7027  0.4786  0.5508  0.7012  0.1592  0.000040
epoch:689 0.6634  0.9349  0.7033  0.4587  0.4718  0.6728  0.6403  0.7031  0.7031  0.4869  0.5634  0.6922  0.1592  0.000040
epoch:690 0.6592  0.9353  0.6861  0.4425  0.4569  0.6949  0.6393  0.7016  0.7016  0.4786  0.5341  0.7150  0.1611  0.000040
epoch:691 0.6654  0.9368  0.7095  0.4598  0.4586  0.6828  0.6419  0.7050  0.7050  0.4869  0.5424  0.7041  0.1600  0.000040
epoch:692 0.6649  0.9379  0.6938  0.4793  0.4710  0.6811  0.6395  0.7026  0.7026  0.5119  0.5448  0.6994  0.1611  0.000040
epoch:693 0.6647  0.9379  0.6832  0.4343  0.4657  0.6841  0.6417  0.7048  0.7048  0.4690  0.5531  0.7055  0.1598  0.000040
epoch:694 0.6703  0.9384  0.6842  0.4518  0.4795  0.6871  0.6438  0.7075  0.7075  0.4917  0.5527  0.7075  0.1606  0.000040
epoch:695 0.6662  0.9374  0.6835  0.4409  0.4738  0.6721  0.6413  0.7038  0.7038  0.4738  0.5508  0.6924  0.1603  0.000040
epoch:696 0.6641  0.9373  0.6979  0.4459  0.4759  0.6819  0.6396  0.7027  0.7027  0.4786  0.5527  0.7007  0.1607  0.000040
epoch:697 0.6615  0.9348  0.6944  0.4458  0.4826  0.6923  0.6414  0.7054  0.7054  0.4833  0.5674  0.7134  0.1615  0.000040
epoch:698 0.6618  0.9377  0.6994  0.4420  0.4710  0.6800  0.6384  0.7018  0.7018  0.4786  0.5504  0.7007  0.1594  0.000040
epoch:699 0.6632  0.9377  0.6950  0.4540  0.4714  0.6875  0.6428  0.7071  0.7071  0.4964  0.5551  0.7081  0.1614  0.000040
epoch:700 0.6665  0.9377  0.6892  0.4561  0.4733  0.6941  0.6424  0.7058  0.7058  0.4917  0.5508  0.7160  0.1613  0.000040
epoch:701 0.6689  0.9477  0.6850  0.4355  0.4762  0.6853  0.6437  0.7068  0.7068  0.4702  0.5532  0.7054  0.1589  0.000040
epoch:702 0.6388  0.9322  0.6885  0.4449  0.4559  0.6535  0.6191  0.6819  0.6819  0.4786  0.5527  0.6732  0.1608  0.000040
epoch:703 0.6639  0.9367  0.6819  0.4331  0.4784  0.6849  0.6410  0.7041  0.7041  0.4738  0.5547  0.7025  0.1616  0.000040
epoch:704 0.6717  0.9384  0.6872  0.4467  0.4777  0.6936  0.6462  0.7093  0.7093  0.4821  0.5547  0.7152  0.1597  0.000040
epoch:705 0.6691  0.9368  0.6878  0.4467  0.4750  0.6846  0.6449  0.7074  0.7074  0.4821  0.5532  0.7028  0.1608  0.000040
epoch:706 0.6639  0.9367  0.6843  0.4440  0.4696  0.6867  0.6406  0.7034  0.7034  0.4786  0.5551  0.7042  0.1606  0.000040
epoch:707 0.6633  0.9368  0.6781  0.4496  0.4743  0.6796  0.6398  0.7026  0.7026  0.4869  0.5504  0.6996  0.1602  0.000040
epoch:708 0.6638  0.9375  0.6953  0.4384  0.4744  0.6803  0.6404  0.7038  0.7038  0.4738  0.5527  0.7025  0.1587  0.000040
epoch:709 0.6609  0.9217  0.6847  0.4399  0.4733  0.6879  0.6388  0.7019  0.7019  0.4738  0.5547  0.7076  0.1607  0.000040
epoch:710 0.6648  0.9379  0.6758  0.4355  0.4787  0.6827  0.6411  0.7039  0.7039  0.4738  0.5555  0.7044  0.1600  0.000040
epoch:711 0.6623  0.9361  0.6975  0.4461  0.4702  0.6804  0.6406  0.7034  0.7034  0.4786  0.5551  0.7033  0.1589  0.000040
epoch:712 0.6693  0.9378  0.7148  0.4502  0.4784  0.6983  0.6449  0.7086  0.7086  0.4869  0.5571  0.7189  0.1599  0.000040
epoch:713 0.6638  0.9373  0.6794  0.4341  0.4689  0.6876  0.6406  0.7031  0.7031  0.4655  0.5484  0.7062  0.1598  0.000040
epoch:714 0.6713  0.9378  0.6827  0.4418  0.4807  0.6976  0.6466  0.7100  0.7100  0.4786  0.5551  0.7165  0.1601  0.000040
epoch:715 0.6668  0.9369  0.6775  0.4791  0.4814  0.6878  0.6443  0.7071  0.7071  0.5155  0.5571  0.7068  0.1609  0.000040
epoch:716 0.6642  0.9383  0.6819  0.4479  0.4746  0.6821  0.6418  0.7046  0.7046  0.4821  0.5527  0.7068  0.1602  0.000040
epoch:717 0.6619  0.9377  0.6826  0.4327  0.4704  0.6804  0.6405  0.7030  0.7030  0.4774  0.5488  0.7010  0.1603  0.000040
epoch:718 0.6670  0.9370  0.6818  0.4459  0.4621  0.6790  0.6432  0.7060  0.7060  0.4786  0.5492  0.7022  0.1601  0.000040
epoch:719 0.6666  0.9376  0.6811  0.4479  0.4793  0.6801  0.6409  0.7034  0.7034  0.4821  0.5555  0.6978  0.1594  0.000040
epoch:720 0.6684  0.9375  0.6852  0.4418  0.4767  0.7031  0.6447  0.7075  0.7075  0.4786  0.5512  0.7237  0.1616  0.000040
epoch:721 0.6688  0.9378  0.6980  0.4527  0.4787  0.6765  0.6489  0.7123  0.7123  0.4917  0.5575  0.7016  0.1592  0.000040
epoch:722 0.6623  0.9376  0.6853  0.4484  0.4754  0.6785  0.6403  0.7034  0.7034  0.4833  0.5532  0.7009  0.1594  0.000040
epoch:723 0.6656  0.9376  0.6976  0.4377  0.4648  0.6871  0.6401  0.7029  0.7029  0.4702  0.5472  0.7057  0.1591  0.000040
epoch:724 0.6649  0.9374  0.6906  0.4436  0.4741  0.6855  0.6408  0.7033  0.7033  0.4738  0.5532  0.7049  0.1598  0.000040
epoch:725 0.6607  0.9218  0.6739  0.4484  0.4655  0.6776  0.6386  0.7014  0.7014  0.4833  0.5591  0.6965  0.1584  0.000040
epoch:726 0.6598  0.9359  0.6776  0.4399  0.4755  0.6715  0.6365  0.6996  0.6996  0.4738  0.5551  0.6912  0.1595  0.000040
epoch:727 0.6661  0.9378  0.7037  0.4502  0.4717  0.6876  0.6417  0.7054  0.7054  0.4869  0.5527  0.7075  0.1605  0.000040
epoch:728 0.6619  0.9373  0.6832  0.4436  0.4716  0.6801  0.6379  0.7004  0.7004  0.4738  0.5424  0.7031  0.1587  0.000040
epoch:729 0.6611  0.9355  0.6859  0.4031  0.4761  0.6776  0.6363  0.6997  0.6997  0.4452  0.5472  0.6965  0.1588  0.000040
epoch:730 0.6647  0.9372  0.6899  0.4470  0.4701  0.6786  0.6411  0.7039  0.7039  0.4869  0.5492  0.7034  0.1603  0.000040
epoch:731 0.6664  0.9361  0.6790  0.4509  0.4769  0.6855  0.6404  0.7044  0.7044  0.4881  0.5527  0.7060  0.1591  0.000040
epoch:732 0.6596  0.9376  0.6808  0.4248  0.4625  0.6792  0.6390  0.7018  0.7018  0.4607  0.5492  0.6996  0.1573  0.000040
epoch:733 0.6657  0.9378  0.6806  0.4420  0.4742  0.6925  0.6414  0.7045  0.7045  0.4786  0.5532  0.7105  0.1588  0.000040
epoch:734 0.6608  0.9332  0.7062  0.4318  0.4753  0.6729  0.6363  0.6998  0.6998  0.4655  0.5508  0.6912  0.1604  0.000040
epoch:735 0.6603  0.9246  0.6953  0.4414  0.4549  0.6813  0.6387  0.7021  0.7021  0.4833  0.5377  0.7033  0.1586  0.000040
epoch:736 0.6715  0.9376  0.6957  0.4032  0.4764  0.6956  0.6477  0.7102  0.7102  0.4405  0.5555  0.7136  0.1597  0.000040
epoch:737 0.6687  0.9380  0.6833  0.4122  0.4713  0.6886  0.6444  0.7066  0.7066  0.4488  0.5508  0.7091  0.1584  0.000040
epoch:738 0.6685  0.9374  0.6808  0.4459  0.4592  0.6986  0.6433  0.7067  0.7067  0.4786  0.5424  0.7183  0.1581  0.000040
epoch:739 0.6711  0.9295  0.6952  0.4496  0.4753  0.6880  0.6462  0.7093  0.7093  0.4917  0.5484  0.7123  0.1585  0.000040
epoch:740 0.6631  0.9371  0.6887  0.4411  0.4691  0.6964  0.6396  0.7021  0.7021  0.4690  0.5424  0.7152  0.1576  0.000040
epoch:741 0.6643  0.9360  0.6907  0.4436  0.4780  0.6751  0.6396  0.7021  0.7021  0.4738  0.5555  0.6933  0.1579  0.000040
epoch:742 0.6612  0.9378  0.6930  0.4449  0.4547  0.6820  0.6385  0.7016  0.7016  0.4786  0.5401  0.7020  0.1590  0.000040
epoch:743 0.6574  0.9355  0.6799  0.4331  0.4713  0.6708  0.6334  0.6962  0.6962  0.4738  0.5420  0.6896  0.1580  0.000040
epoch:744 0.6667  0.9362  0.6856  0.4459  0.4773  0.6922  0.6435  0.7069  0.7069  0.4786  0.5595  0.7116  0.1575  0.000040
epoch:745 0.6661  0.9362  0.6933  0.4134  0.4843  0.6824  0.6435  0.7069  0.7069  0.4536  0.5618  0.7020  0.1589  0.000040
epoch:746 0.6693  0.9379  0.6957  0.4443  0.4654  0.6934  0.6449  0.7080  0.7080  0.4821  0.5401  0.7128  0.1582  0.000040
epoch:747 0.6657  0.9383  0.6976  0.4459  0.4690  0.6850  0.6410  0.7041  0.7041  0.4786  0.5484  0.7086  0.1575  0.000040
epoch:748 0.6659  0.9372  0.6818  0.4463  0.4677  0.6859  0.6413  0.7043  0.7043  0.4833  0.5448  0.7031  0.1577  0.000040
epoch:749 0.6627  0.9378  0.6817  0.4440  0.4814  0.6774  0.6397  0.7031  0.7031  0.4786  0.5547  0.7002  0.1574  0.000040
epoch:750 0.6712  0.9378  0.6853  0.4169  0.4738  0.7039  0.6453  0.7084  0.7084  0.4536  0.5508  0.7234  0.1588  0.000040
epoch:751 0.6702  0.9240  0.7019  0.4420  0.4676  0.6988  0.6448  0.7085  0.7085  0.4786  0.5420  0.7183  0.1567  0.000040
epoch:752 0.6665  0.9379  0.7017  0.4467  0.4758  0.6895  0.6428  0.7056  0.7056  0.4821  0.5508  0.7131  0.1575  0.000040
epoch:753 0.6666  0.9371  0.6926  0.4459  0.4794  0.6792  0.6398  0.7029  0.7029  0.4786  0.5575  0.6975  0.1585  0.000040
epoch:754 0.6634  0.9376  0.6861  0.4446  0.4712  0.6878  0.6407  0.7038  0.7038  0.4869  0.5484  0.7102  0.1585  0.000040
epoch:755 0.6624  0.9378  0.7024  0.4384  0.4703  0.6799  0.6391  0.7022  0.7022  0.4738  0.5508  0.7002  0.1596  0.000040
epoch:756 0.6626  0.9372  0.6748  0.4458  0.4694  0.6806  0.6398  0.7032  0.7032  0.4833  0.5468  0.7049  0.1576  0.000040
epoch:757 0.6653  0.9368  0.6775  0.4459  0.4767  0.6810  0.6405  0.7036  0.7036  0.4786  0.5575  0.6984  0.1583  0.000040
epoch:758 0.6625  0.9379  0.6912  0.4542  0.4510  0.6873  0.6399  0.7033  0.7033  0.4917  0.5317  0.7078  0.1569  0.000040
epoch:759 0.6710  0.9461  0.7059  0.4467  0.4723  0.6943  0.6472  0.7116  0.7116  0.4821  0.5551  0.7144  0.1583  0.000040
epoch:760 0.6678  0.9245  0.6928  0.4409  0.4657  0.6938  0.6450  0.7078  0.7078  0.4821  0.5460  0.7162  0.1586  0.000040
epoch:761 0.6658  0.9378  0.7028  0.4543  0.4754  0.6782  0.6402  0.7036  0.7036  0.4881  0.5532  0.6962  0.1576  0.000040
epoch:762 0.6666  0.9378  0.7055  0.4384  0.4698  0.6849  0.6435  0.7063  0.7063  0.4738  0.5508  0.7049  0.1577  0.000040
epoch:763 0.6644  0.9377  0.6854  0.4502  0.4738  0.6786  0.6403  0.7031  0.7031  0.4869  0.5508  0.7002  0.1572  0.000040
epoch:764 0.6688  0.9334  0.7038  0.4518  0.4736  0.6939  0.6429  0.7076  0.7076  0.4917  0.5484  0.7165  0.1578  0.000040
epoch:765 0.6639  0.9347  0.7063  0.3875  0.4703  0.6834  0.6414  0.7045  0.7045  0.4869  0.5551  0.7012  0.1580  0.000040
epoch:766 0.6677  0.9377  0.7014  0.4374  0.4713  0.6845  0.6447  0.7075  0.7075  0.4821  0.5508  0.7046  0.1581  0.000040
epoch:767 0.6661  0.9368  0.6794  0.4793  0.4695  0.6847  0.6456  0.7089  0.7089  0.5119  0.5468  0.7069  0.1579  0.000040
epoch:768 0.6681  0.9246  0.7061  0.4373  0.4685  0.6922  0.6462  0.7087  0.7087  0.4774  0.5484  0.7131  0.1560  0.000040
epoch:769 0.6668  0.9373  0.6971  0.4467  0.4738  0.6932  0.6426  0.7051  0.7051  0.4821  0.5508  0.7113  0.1569  0.000040
epoch:770 0.6695  0.9379  0.7006  0.4467  0.4735  0.6853  0.6456  0.7084  0.7084  0.4821  0.5532  0.7091  0.1573  0.000040
epoch:771 0.6653  0.9378  0.6971  0.4384  0.4741  0.6815  0.6410  0.7038  0.7038  0.4738  0.5532  0.7015  0.1579  0.000040
epoch:772 0.6704  0.9379  0.6791  0.4502  0.4770  0.6813  0.6449  0.7080  0.7080  0.4869  0.5532  0.7033  0.1567  0.000040
epoch:773 0.6659  0.9366  0.7061  0.4424  0.4751  0.6873  0.6428  0.7050  0.7050  0.4738  0.5532  0.7044  0.1568  0.000040
epoch:774 0.6604  0.9223  0.6818  0.4365  0.4656  0.6816  0.6391  0.7022  0.7022  0.4786  0.5468  0.7031  0.1574  0.000040
epoch:775 0.6622  0.9379  0.6788  0.4437  0.4738  0.6844  0.6427  0.7061  0.7061  0.4833  0.5555  0.7073  0.1575  0.000040
epoch:776 0.6624  0.9363  0.6841  0.4408  0.4741  0.6863  0.6415  0.7043  0.7043  0.4786  0.5448  0.7113  0.1570  0.000040
epoch:777 0.6645  0.9374  0.6837  0.4424  0.4764  0.6786  0.6392  0.7020  0.7020  0.4738  0.5551  0.6980  0.1564  0.000040
epoch:778 0.6630  0.9378  0.6925  0.4342  0.4757  0.6881  0.6414  0.7045  0.7045  0.4702  0.5508  0.7097  0.1573  0.000040
epoch:779 0.6682  0.9376  0.6866  0.4459  0.4773  0.6825  0.6426  0.7060  0.7060  0.4786  0.5551  0.7022  0.1565  0.000040
epoch:780 0.6637  0.9366  0.6804  0.4425  0.4693  0.6812  0.6394  0.7025  0.7025  0.4786  0.5492  0.6994  0.1582  0.000040
epoch:781 0.6702  0.9368  0.6878  0.4316  0.4778  0.7029  0.6464  0.7092  0.7092  0.4655  0.5551  0.7212  0.1569  0.000040
epoch:782 0.6577  0.9338  0.6722  0.4479  0.4623  0.6643  0.6350  0.6984  0.6984  0.4833  0.5551  0.6835  0.1567  0.000040
epoch:783 0.6635  0.9371  0.6709  0.4354  0.4764  0.6928  0.6418  0.7043  0.7043  0.4738  0.5508  0.7123  0.1566  0.000040
epoch:784 0.6686  0.9235  0.6939  0.3800  0.4725  0.6892  0.6443  0.7080  0.7080  0.4821  0.5523  0.7099  0.1571  0.000040
epoch:785 0.6670  0.9373  0.6808  0.4459  0.4738  0.6807  0.6417  0.7045  0.7045  0.4786  0.5508  0.7004  0.1572  0.000040
epoch:786 0.6631  0.9366  0.6938  0.4101  0.4763  0.6884  0.6407  0.7041  0.7041  0.4452  0.5547  0.7113  0.1552  0.000040
epoch:787 0.6630  0.9378  0.6950  0.4400  0.4683  0.6904  0.6404  0.7035  0.7035  0.4738  0.5401  0.7136  0.1576  0.000040
epoch:788 0.6648  0.9380  0.6842  0.4317  0.4756  0.6835  0.6428  0.7050  0.7050  0.4738  0.5488  0.7092  0.1573  0.000040
epoch:789 0.6640  0.9363  0.6753  0.4379  0.4692  0.6817  0.6398  0.7026  0.7026  0.4738  0.5492  0.6994  0.1560  0.000040
epoch:790 0.6622  0.9379  0.6845  0.4437  0.4707  0.6792  0.6389  0.7017  0.7017  0.4833  0.5464  0.7004  0.1565  0.000040
epoch:791 0.6669  0.9347  0.7008  0.4502  0.4743  0.6776  0.6408  0.7051  0.7051  0.4869  0.5484  0.7049  0.1560  0.000040
epoch:792 0.6603  0.9366  0.6869  0.4365  0.4789  0.6753  0.6405  0.7027  0.7027  0.4690  0.5532  0.7004  0.1564  0.000040
epoch:793 0.6610  0.9366  0.6715  0.4404  0.4656  0.6796  0.6387  0.7018  0.7018  0.4786  0.5532  0.6978  0.1560  0.000040
epoch:794 0.6624  0.9358  0.6718  0.4404  0.4692  0.6794  0.6389  0.7020  0.7020  0.4786  0.5492  0.6978  0.1563  0.000040
epoch:795 0.6624  0.9377  0.6931  0.4741  0.4699  0.6798  0.6402  0.7033  0.7033  0.5107  0.5480  0.7020  0.1557  0.000040
epoch:796 0.6673  0.9373  0.7085  0.4588  0.4671  0.7007  0.6439  0.7067  0.7067  0.4952  0.5401  0.7195  0.1568  0.000040
epoch:797 0.6646  0.9240  0.7061  0.4491  0.4725  0.6811  0.6417  0.7045  0.7045  0.4869  0.5508  0.7020  0.1554  0.000040
epoch:798 0.6622  0.9358  0.6711  0.4394  0.4688  0.6836  0.6393  0.7021  0.7021  0.4738  0.5527  0.7039  0.1571  0.000040
epoch:799 0.6667  0.9370  0.6845  0.4108  0.4764  0.6882  0.6418  0.7046  0.7046  0.4488  0.5551  0.7068  0.1561  0.000040
epoch:800 0.6643  0.9366  0.6830  0.4424  0.4763  0.6897  0.6419  0.7050  0.7050  0.4738  0.5547  0.7118  0.1564  0.000040
