epoch:0 0.0050  0.0259  0.0021  0.6000  0.0400  0.0021  0.0000  0.0000  0.1083  0.6000  0.4000  0.0250  1.9401  0.004000
epoch:1 0.0838  0.3329  0.0710  0.6000  0.0000  0.0840  0.0250  0.3000  0.3250  0.6000  0.0000  0.2750  1.1771  0.004000
epoch:2 0.2134  0.3606  0.1106  0.8000  0.8000  0.1250  0.1250  0.2583  0.2583  0.8000  0.8000  0.1250  0.8608  0.004000
epoch:3 0.2926  0.4022  0.3606  0.8000  0.8000  0.2083  0.2000  0.3583  0.3583  0.8000  0.8000  0.2250  0.6990  0.004000
epoch:4 0.5274  0.8606  0.6106  0.7000  0.7000  0.4500  0.4500  0.5667  0.5667  0.7000  0.7000  0.4500  0.5962  0.004000
epoch:5 0.4762  0.7356  0.5421  0.5000  0.7000  0.4125  0.4000  0.5250  0.5250  0.5000  0.7000  0.4250  0.5125  0.004000
epoch:6 0.2748  0.6106  0.3606  0.6000  0.8000  0.2000  0.2000  0.3167  0.3167  0.6000  0.8000  0.2000  0.4613  0.004000
epoch:7 0.5316  0.7356  0.6106  0.7000  0.6000  0.4625  0.4000  0.6333  0.6333  0.7000  0.6000  0.5250  0.4273  0.004000
epoch:8 0.3566  0.8606  0.3606  0.7000  0.8000  0.2750  0.2750  0.4000  0.4000  0.7000  0.8000  0.2750  0.3994  0.004000
epoch:9 0.6066  0.8606  0.8606  0.7000  0.8000  0.5250  0.5250  0.6500  0.6500  0.7000  0.8000  0.5250  0.3643  0.004000
epoch:10 0.5316  0.8606  0.6106  0.7000  0.8000  0.4500  0.4500  0.5750  0.5750  0.7000  0.8000  0.4500  0.3415  0.004000
epoch:11 0.6802  0.8606  0.8606  0.8000  0.7000  0.6000  0.6000  0.7250  0.7250  0.8000  0.7000  0.6000  0.3336  0.004000
epoch:12 0.6052  0.8606  0.6106  0.8000  0.7000  0.5250  0.5250  0.6500  0.6500  0.8000  0.7000  0.5250  0.3132  0.004000
epoch:13 0.6191  0.8606  0.8606  0.7000  0.6000  0.5500  0.5500  0.6583  0.6583  0.7000  0.6000  0.5500  0.3015  0.004000
epoch:14 0.6066  0.8606  0.8606  0.7000  0.8000  0.5250  0.5250  0.6500  0.6500  0.7000  0.8000  0.5250  0.2835  0.004000
epoch:15 0.5384  0.8606  0.6106  0.8000  0.8000  0.4500  0.4500  0.5833  0.5833  0.8000  0.8000  0.4500  0.2748  0.004000
epoch:16 0.5608  0.8606  0.6106  0.7000  0.9000  0.4750  0.4750  0.6083  0.6083  0.7000  0.9000  0.4750  0.2471  0.000400
epoch:17 0.5108  0.8606  0.6106  0.7000  0.9000  0.4250  0.4250  0.5583  0.5583  0.7000  0.9000  0.4250  0.2373  0.000400
epoch:18 0.5816  0.8606  0.8606  0.7000  0.8000  0.5000  0.5000  0.6250  0.6250  0.7000  0.8000  0.5000  0.2293  0.000400
epoch:19 0.5816  0.8606  0.8606  0.7000  0.8000  0.5000  0.5000  0.6250  0.6250  0.7000  0.8000  0.5000  0.2246  0.000400
epoch:20 0.5816  0.8606  0.8606  0.7000  0.8000  0.5000  0.5000  0.6250  0.6250  0.7000  0.8000  0.5000  0.2219  0.000400
epoch:21 0.5566  0.8606  0.6106  0.7000  0.8000  0.4750  0.4750  0.6000  0.6000  0.7000  0.8000  0.4750  0.2199  0.000400
epoch:22 0.5774  0.8606  0.8606  0.7000  0.7000  0.5000  0.5000  0.6167  0.6167  0.7000  0.7000  0.5000  0.2170  0.000040
epoch:23 0.5566  0.8606  0.6106  0.7000  0.8000  0.4750  0.4750  0.6000  0.6000  0.7000  0.8000  0.4750  0.2159  0.000040
epoch:24 0.5774  0.8606  0.8606  0.7000  0.7000  0.5000  0.5000  0.6167  0.6167  0.7000  0.7000  0.5000  0.2166  0.000040
epoch:25 0.5816  0.8606  0.8606  0.7000  0.8000  0.5000  0.5000  0.6250  0.6250  0.7000  0.8000  0.5000  0.2160  0.000040
epoch:26 0.5816  0.8606  0.8606  0.7000  0.8000  0.5000  0.5000  0.6250  0.6250  0.7000  0.8000  0.5000  0.2152  0.000040
epoch:27 0.6066  0.8606  0.8606  0.7000  0.8000  0.5250  0.5250  0.6500  0.6500  0.7000  0.8000  0.5250  0.2136  0.000040
epoch:28 0.6066  0.8606  0.8606  0.7000  0.8000  0.5250  0.5250  0.6500  0.6500  0.7000  0.8000  0.5250  0.2144  0.000040
epoch:29 0.5816  0.8606  0.8606  0.7000  0.8000  0.5000  0.5000  0.6250  0.6250  0.7000  0.8000  0.5000  0.2156  0.000040
epoch:30 0.5858  0.8606  0.8606  0.7000  0.9000  0.5000  0.5000  0.6333  0.6333  0.7000  0.9000  0.5000  0.2146  0.000040
epoch:31 0.6066  0.8606  0.8606  0.7000  0.8000  0.5250  0.5250  0.6500  0.6500  0.7000  0.8000  0.5250  0.2155  0.000040
epoch:32 0.5816  0.8606  0.8606  0.7000  0.8000  0.5000  0.5000  0.6250  0.6250  0.7000  0.8000  0.5000  0.2147  0.000040
epoch:33 0.5816  0.8606  0.8606  0.7000  0.8000  0.5000  0.5000  0.6250  0.6250  0.7000  0.8000  0.5000  0.2133  0.000040
epoch:34 0.5816  0.8606  0.8606  0.7000  0.8000  0.5000  0.5000  0.6250  0.6250  0.7000  0.8000  0.5000  0.2152  0.000040
epoch:35 0.5816  0.8606  0.8606  0.7000  0.8000  0.5000  0.5000  0.6250  0.6250  0.7000  0.8000  0.5000  0.2137  0.000040
epoch:36 0.5816  0.8606  0.8606  0.7000  0.8000  0.5000  0.5000  0.6250  0.6250  0.7000  0.8000  0.5000  0.2121  0.000040
epoch:37 0.5816  0.8606  0.8606  0.7000  0.8000  0.5000  0.5000  0.6250  0.6250  0.7000  0.8000  0.5000  0.2135  0.000040
epoch:38 0.5566  0.8606  0.6106  0.7000  0.8000  0.4750  0.4750  0.6000  0.6000  0.7000  0.8000  0.4750  0.2135  0.000040
epoch:39 0.5566  0.8606  0.6106  0.7000  0.8000  0.4750  0.4750  0.6000  0.6000  0.7000  0.8000  0.4750  0.2110  0.000040
epoch:40 0.5816  0.8606  0.8606  0.7000  0.8000  0.5000  0.5000  0.6250  0.6250  0.7000  0.8000  0.5000  0.2115  0.000040
epoch:41 0.6024  0.8606  0.8606  0.7000  0.7000  0.5250  0.5250  0.6417  0.6417  0.7000  0.7000  0.5250  0.2131  0.000040
epoch:42 0.5816  0.8606  0.8606  0.7000  0.8000  0.5000  0.5000  0.6250  0.6250  0.7000  0.8000  0.5000  0.2113  0.000040
epoch:43 0.5816  0.8606  0.8606  0.7000  0.8000  0.5000  0.5000  0.6250  0.6250  0.7000  0.8000  0.5000  0.2127  0.000040
epoch:44 0.5816  0.8606  0.8606  0.7000  0.8000  0.5000  0.5000  0.6250  0.6250  0.7000  0.8000  0.5000  0.2110  0.000040
epoch:45 0.6066  0.8606  0.8606  0.7000  0.8000  0.5250  0.5250  0.6500  0.6500  0.7000  0.8000  0.5250  0.2126  0.000040
epoch:46 0.6066  0.8606  0.8606  0.7000  0.8000  0.5250  0.5250  0.6500  0.6500  0.7000  0.8000  0.5250  0.2099  0.000040
epoch:47 0.5316  0.8606  0.3606  0.7000  0.8000  0.4500  0.4500  0.5750  0.5750  0.7000  0.8000  0.4500  0.2111  0.000040
epoch:48 0.5274  0.8606  0.3606  0.7000  0.7000  0.4500  0.4500  0.5667  0.5667  0.7000  0.7000  0.4500  0.2121  0.000040
epoch:49 0.5774  0.8606  0.8606  0.7000  0.7000  0.5000  0.5000  0.6167  0.6167  0.7000  0.7000  0.5000  0.2113  0.000040
epoch:50 0.6066  0.8606  0.8606  0.7000  0.8000  0.5250  0.5250  0.6500  0.6500  0.7000  0.8000  0.5250  0.2104  0.000040
epoch:51 0.5566  0.8606  0.6106  0.7000  0.8000  0.4750  0.4750  0.6000  0.6000  0.7000  0.8000  0.4750  0.2100  0.000040
epoch:52 0.6066  0.8606  0.8606  0.7000  0.8000  0.5250  0.5250  0.6500  0.6500  0.7000  0.8000  0.5250  0.2093  0.000040
epoch:53 0.6316  0.8606  0.8606  0.7000  0.8000  0.5500  0.5500  0.6750  0.6750  0.7000  0.8000  0.5500  0.2086  0.000040
epoch:54 0.5816  0.8606  0.8606  0.7000  0.8000  0.5000  0.5000  0.6250  0.6250  0.7000  0.8000  0.5000  0.2102  0.000040
epoch:55 0.5566  0.8606  0.6106  0.7000  0.8000  0.4750  0.4750  0.6000  0.6000  0.7000  0.8000  0.4750  0.2087  0.000040
epoch:56 0.5774  0.8606  0.8606  0.7000  0.7000  0.5000  0.5000  0.6167  0.6167  0.7000  0.7000  0.5000  0.2090  0.000040
epoch:57 0.6066  0.8606  0.8606  0.7000  0.8000  0.5250  0.5250  0.6500  0.6500  0.7000  0.8000  0.5250  0.2083  0.000040
epoch:58 0.5816  0.8606  0.8606  0.7000  0.8000  0.5000  0.5000  0.6250  0.6250  0.7000  0.8000  0.5000  0.2082  0.000040
epoch:59 0.5816  0.8606  0.8606  0.7000  0.8000  0.5000  0.5000  0.6250  0.6250  0.7000  0.8000  0.5000  0.2085  0.000040
epoch:60 0.6066  0.8606  0.8606  0.7000  0.8000  0.5250  0.5250  0.6500  0.6500  0.7000  0.8000  0.5250  0.2092  0.000040
epoch:61 0.5816  0.8606  0.8606  0.7000  0.8000  0.5000  0.5000  0.6250  0.6250  0.7000  0.8000  0.5000  0.2080  0.000040
epoch:62 0.5566  0.8606  0.6106  0.7000  0.8000  0.4750  0.4750  0.6000  0.6000  0.7000  0.8000  0.4750  0.2072  0.000040
epoch:63 0.5358  0.8606  0.6106  0.7000  0.9000  0.4500  0.4500  0.5833  0.5833  0.7000  0.9000  0.4500  0.2089  0.000040
epoch:64 0.5566  0.8606  0.6106  0.7000  0.8000  0.4750  0.4750  0.6000  0.6000  0.7000  0.8000  0.4750  0.2106  0.000040
epoch:65 0.6066  0.8606  0.8606  0.7000  0.8000  0.5250  0.5250  0.6500  0.6500  0.7000  0.8000  0.5250  0.2066  0.000040
epoch:66 0.5816  0.8606  0.8606  0.7000  0.8000  0.5000  0.5000  0.6250  0.6250  0.7000  0.8000  0.5000  0.2084  0.000040
epoch:67 0.6066  0.8606  0.8606  0.7000  0.8000  0.5250  0.5250  0.6500  0.6500  0.7000  0.8000  0.5250  0.2076  0.000040
epoch:68 0.5816  0.8606  0.8606  0.7000  0.8000  0.5000  0.5000  0.6250  0.6250  0.7000  0.8000  0.5000  0.2068  0.000040
epoch:69 0.6274  0.8606  0.8606  0.7000  0.7000  0.5500  0.5500  0.6667  0.6667  0.7000  0.7000  0.5500  0.2084  0.000040
epoch:70 0.6316  0.8606  0.8606  0.7000  0.8000  0.5500  0.5500  0.6750  0.6750  0.7000  0.8000  0.5500  0.2075  0.000040
epoch:71 0.5858  0.8606  0.8606  0.7000  0.9000  0.5000  0.5000  0.6333  0.6333  0.7000  0.9000  0.5000  0.2063  0.000040
epoch:72 0.6316  0.8606  0.8606  0.7000  0.8000  0.5500  0.5500  0.6750  0.6750  0.7000  0.8000  0.5500  0.2077  0.000040
epoch:73 0.5816  0.8606  0.8606  0.7000  0.8000  0.5000  0.5000  0.6250  0.6250  0.7000  0.8000  0.5000  0.2065  0.000040
epoch:74 0.5816  0.8606  0.8606  0.7000  0.8000  0.5000  0.5000  0.6250  0.6250  0.7000  0.8000  0.5000  0.2071  0.000040
epoch:75 0.6066  0.8606  0.8606  0.7000  0.8000  0.5250  0.5250  0.6500  0.6500  0.7000  0.8000  0.5250  0.2048  0.000040
epoch:76 0.5816  0.8606  0.8606  0.7000  0.8000  0.5000  0.5000  0.6250  0.6250  0.7000  0.8000  0.5000  0.2085  0.000040
epoch:77 0.5816  0.8606  0.8606  0.7000  0.8000  0.5000  0.5000  0.6250  0.6250  0.7000  0.8000  0.5000  0.2071  0.000040
epoch:78 0.5816  0.8606  0.8606  0.7000  0.8000  0.5000  0.5000  0.6250  0.6250  0.7000  0.8000  0.5000  0.2047  0.000040
epoch:79 0.5816  0.8606  0.8606  0.7000  0.8000  0.5000  0.5000  0.6250  0.6250  0.7000  0.8000  0.5000  0.2060  0.000040
epoch:80 0.5816  0.8606  0.8606  0.7000  0.8000  0.5000  0.5000  0.6250  0.6250  0.7000  0.8000  0.5000  0.2061  0.000040
epoch:81 0.5816  0.8606  0.8606  0.7000  0.8000  0.5000  0.5000  0.6250  0.6250  0.7000  0.8000  0.5000  0.2069  0.000040
epoch:82 0.5816  0.8606  0.8606  0.7000  0.8000  0.5000  0.5000  0.6250  0.6250  0.7000  0.8000  0.5000  0.2059  0.000040
epoch:83 0.5316  0.8606  0.6106  0.7000  0.8000  0.4500  0.4500  0.5750  0.5750  0.7000  0.8000  0.4500  0.2070  0.000040
epoch:84 0.5816  0.8606  0.8606  0.7000  0.8000  0.5000  0.5000  0.6250  0.6250  0.7000  0.8000  0.5000  0.2056  0.000040
epoch:85 0.5816  0.8606  0.8606  0.7000  0.8000  0.5000  0.5000  0.6250  0.6250  0.7000  0.8000  0.5000  0.2054  0.000040
epoch:86 0.5858  0.8606  0.8606  0.7000  0.9000  0.5000  0.5000  0.6333  0.6333  0.7000  0.9000  0.5000  0.2061  0.000040
epoch:87 0.6066  0.8606  0.8606  0.7000  0.8000  0.5250  0.5250  0.6500  0.6500  0.7000  0.8000  0.5250  0.2049  0.000040
epoch:88 0.5816  0.8606  0.8606  0.7000  0.8000  0.5000  0.5000  0.6250  0.6250  0.7000  0.8000  0.5000  0.2042  0.000040
epoch:89 0.5816  0.8606  0.8606  0.7000  0.8000  0.5000  0.5000  0.6250  0.6250  0.7000  0.8000  0.5000  0.2035  0.000040
epoch:90 0.5816  0.8606  0.8606  0.7000  0.8000  0.5000  0.5000  0.6250  0.6250  0.7000  0.8000  0.5000  0.2040  0.000040
epoch:91 0.5066  0.8606  0.6106  0.7000  0.8000  0.4250  0.4250  0.5500  0.5500  0.7000  0.8000  0.4250  0.2038  0.000040
epoch:92 0.6066  0.8606  0.8606  0.7000  0.8000  0.5250  0.5250  0.6500  0.6500  0.7000  0.8000  0.5250  0.2041  0.000040
epoch:93 0.5816  0.8606  0.6106  0.7000  0.8000  0.5000  0.5000  0.6250  0.6250  0.7000  0.8000  0.5000  0.2035  0.000040
epoch:94 0.6066  0.8606  0.8606  0.7000  0.8000  0.5250  0.5250  0.6500  0.6500  0.7000  0.8000  0.5250  0.2051  0.000040
epoch:95 0.5816  0.8606  0.8606  0.7000  0.8000  0.5000  0.5000  0.6250  0.6250  0.7000  0.8000  0.5000  0.2022  0.000040
epoch:96 0.5566  0.8606  0.6106  0.7000  0.8000  0.4750  0.4750  0.6000  0.6000  0.7000  0.8000  0.4750  0.2056  0.000040
epoch:97 0.5816  0.8606  0.8606  0.7000  0.8000  0.5000  0.5000  0.6250  0.6250  0.7000  0.8000  0.5000  0.2033  0.000040
epoch:98 0.6066  0.8606  0.8606  0.7000  0.8000  0.5250  0.5250  0.6500  0.6500  0.7000  0.8000  0.5250  0.2032  0.000040
epoch:99 0.5316  0.8606  0.6106  0.7000  0.8000  0.4500  0.4500  0.5750  0.5750  0.7000  0.8000  0.4500  0.2042  0.000040
epoch:100 0.6566  0.8606  0.8606  0.7000  0.8000  0.5750  0.5750  0.7000  0.7000  0.7000  0.8000  0.5750  0.2060  0.000040
epoch:101 0.5816  0.8606  0.8606  0.7000  0.8000  0.5000  0.5000  0.6250  0.6250  0.7000  0.8000  0.5000  0.2024  0.000040
epoch:102 0.5816  0.8606  0.8606  0.7000  0.8000  0.5000  0.5000  0.6250  0.6250  0.7000  0.8000  0.5000  0.2023  0.000040
epoch:103 0.5566  0.8606  0.6106  0.7000  0.8000  0.4750  0.4750  0.6000  0.6000  0.7000  0.8000  0.4750  0.2034  0.000040
epoch:104 0.6066  0.8606  0.8606  0.7000  0.8000  0.5250  0.5250  0.6500  0.6500  0.7000  0.8000  0.5250  0.2052  0.000040
epoch:105 0.5816  0.8606  0.8606  0.7000  0.8000  0.5000  0.5000  0.6250  0.6250  0.7000  0.8000  0.5000  0.2026  0.000040
epoch:106 0.6316  0.8606  0.6106  0.7000  0.8000  0.5500  0.5500  0.6750  0.6750  0.7000  0.8000  0.5500  0.2028  0.000040
epoch:107 0.5566  0.8606  0.6106  0.7000  0.8000  0.4750  0.4750  0.6000  0.6000  0.7000  0.8000  0.4750  0.2019  0.000040
epoch:108 0.6066  0.8606  0.8606  0.7000  0.8000  0.5250  0.5250  0.6500  0.6500  0.7000  0.8000  0.5250  0.2030  0.000040
epoch:109 0.5816  0.8606  0.8606  0.7000  0.8000  0.5000  0.5000  0.6250  0.6250  0.7000  0.8000  0.5000  0.2013  0.000040
epoch:110 0.6066  0.8606  0.8606  0.7000  0.8000  0.5250  0.5250  0.6500  0.6500  0.7000  0.8000  0.5250  0.2032  0.000040
epoch:111 0.6066  0.8606  0.8606  0.7000  0.8000  0.5250  0.5250  0.6500  0.6500  0.7000  0.8000  0.5250  0.2013  0.000040
epoch:112 0.6066  0.8606  0.8606  0.7000  0.8000  0.5250  0.5250  0.6500  0.6500  0.7000  0.8000  0.5250  0.2016  0.000040
epoch:113 0.5816  0.8606  0.8606  0.7000  0.8000  0.5000  0.5000  0.6250  0.6250  0.7000  0.8000  0.5000  0.2014  0.000040
epoch:114 0.5566  0.8606  0.6106  0.7000  0.8000  0.4750  0.4750  0.6000  0.6000  0.7000  0.8000  0.4750  0.2022  0.000040
epoch:115 0.6066  0.8606  0.8606  0.7000  0.8000  0.5250  0.5250  0.6500  0.6500  0.7000  0.8000  0.5250  0.2009  0.000040
epoch:116 0.6316  0.8606  0.8606  0.7000  0.8000  0.5500  0.5500  0.6750  0.6750  0.7000  0.8000  0.5500  0.2016  0.000040
epoch:117 0.6316  0.8606  0.8606  0.7000  0.8000  0.5500  0.5500  0.6750  0.6750  0.7000  0.8000  0.5500  0.2008  0.000040
epoch:118 0.5816  0.8606  0.8606  0.7000  0.8000  0.5000  0.5000  0.6250  0.6250  0.7000  0.8000  0.5000  0.1987  0.000040
epoch:119 0.5566  0.8606  0.6106  0.7000  0.8000  0.4750  0.4750  0.6000  0.6000  0.7000  0.8000  0.4750  0.2003  0.000040
epoch:120 0.6066  0.8606  0.8606  0.7000  0.8000  0.5250  0.5250  0.6500  0.6500  0.7000  0.8000  0.5250  0.2017  0.000040
epoch:121 0.5816  0.8606  0.8606  0.7000  0.8000  0.5000  0.5000  0.6250  0.6250  0.7000  0.8000  0.5000  0.1995  0.000040
epoch:122 0.5066  0.8606  0.6106  0.7000  0.8000  0.4250  0.4250  0.5500  0.5500  0.7000  0.8000  0.4250  0.2009  0.000040
epoch:123 0.6066  0.8606  0.8606  0.7000  0.8000  0.5250  0.5250  0.6500  0.6500  0.7000  0.8000  0.5250  0.2015  0.000040
epoch:124 0.5816  0.8606  0.8606  0.7000  0.8000  0.5000  0.5000  0.6250  0.6250  0.7000  0.8000  0.5000  0.2002  0.000040
epoch:125 0.5816  0.8606  0.8606  0.7000  0.8000  0.5000  0.5000  0.6250  0.6250  0.7000  0.8000  0.5000  0.1999  0.000040
epoch:126 0.6066  0.8606  0.8606  0.7000  0.8000  0.5250  0.5250  0.6500  0.6500  0.7000  0.8000  0.5250  0.1989  0.000040
epoch:127 0.5816  0.8606  0.8606  0.7000  0.8000  0.5000  0.5000  0.6250  0.6250  0.7000  0.8000  0.5000  0.1974  0.000040
epoch:128 0.5566  0.8606  0.6106  0.7000  0.8000  0.4750  0.4750  0.6000  0.6000  0.7000  0.8000  0.4750  0.2007  0.000040
epoch:129 0.5316  0.8606  0.3606  0.7000  0.8000  0.4500  0.4500  0.5750  0.5750  0.7000  0.8000  0.4500  0.1990  0.000040
epoch:130 0.6066  0.8606  0.8606  0.7000  0.8000  0.5250  0.5250  0.6500  0.6500  0.7000  0.8000  0.5250  0.2005  0.000040
epoch:131 0.5774  0.8606  0.8606  0.7000  0.7000  0.5000  0.5000  0.6167  0.6167  0.7000  0.7000  0.5000  0.2005  0.000040
epoch:132 0.5816  0.8606  0.8606  0.7000  0.8000  0.5000  0.5000  0.6250  0.6250  0.7000  0.8000  0.5000  0.1998  0.000040
epoch:133 0.5816  0.8606  0.8606  0.7000  0.8000  0.5000  0.5000  0.6250  0.6250  0.7000  0.8000  0.5000  0.1986  0.000040
epoch:134 0.4816  0.8606  0.3606  0.7000  0.8000  0.4000  0.4000  0.5250  0.5250  0.7000  0.8000  0.4000  0.2008  0.000040
epoch:135 0.5816  0.8606  0.8606  0.7000  0.8000  0.5000  0.5000  0.6250  0.6250  0.7000  0.8000  0.5000  0.1987  0.000040
epoch:136 0.6316  0.8606  0.8606  0.7000  0.8000  0.5500  0.5500  0.6750  0.6750  0.7000  0.8000  0.5500  0.1990  0.000040
epoch:137 0.5816  0.8606  0.8606  0.7000  0.8000  0.5000  0.5000  0.6250  0.6250  0.7000  0.8000  0.5000  0.1990  0.000040
epoch:138 0.5816  0.8606  0.8606  0.7000  0.8000  0.5000  0.5000  0.6250  0.6250  0.7000  0.8000  0.5000  0.1994  0.000040
epoch:139 0.6566  0.8606  0.8606  0.7000  0.8000  0.5750  0.5750  0.7000  0.7000  0.7000  0.8000  0.5750  0.1982  0.000040
epoch:140 0.5566  0.8606  0.6106  0.7000  0.8000  0.4750  0.4750  0.6000  0.6000  0.7000  0.8000  0.4750  0.1972  0.000040
epoch:141 0.6816  0.8606  0.8606  0.7000  0.8000  0.6000  0.6000  0.7250  0.7250  0.7000  0.8000  0.6000  0.1972  0.000040
epoch:142 0.5816  0.8606  0.8606  0.7000  0.8000  0.5000  0.5000  0.6250  0.6250  0.7000  0.8000  0.5000  0.1973  0.000040
epoch:143 0.5566  0.8606  0.6106  0.7000  0.8000  0.4750  0.4750  0.6000  0.6000  0.7000  0.8000  0.4750  0.1989  0.000040
epoch:144 0.6066  0.8606  0.8606  0.7000  0.8000  0.5250  0.5250  0.6500  0.6500  0.7000  0.8000  0.5250  0.1958  0.000040
epoch:145 0.6134  0.8606  0.8606  0.8000  0.8000  0.5250  0.5250  0.6583  0.6583  0.8000  0.8000  0.5250  0.1959  0.000040
epoch:146 0.6066  0.8606  0.8606  0.7000  0.8000  0.5250  0.5250  0.6500  0.6500  0.7000  0.8000  0.5250  0.1965  0.000040
epoch:147 0.6566  0.8606  0.8606  0.7000  0.8000  0.5750  0.5750  0.7000  0.7000  0.7000  0.8000  0.5750  0.1969  0.000040
epoch:148 0.6066  0.8606  0.8606  0.7000  0.8000  0.5250  0.5250  0.6500  0.6500  0.7000  0.8000  0.5250  0.1957  0.000040
epoch:149 0.5566  0.8606  0.6106  0.7000  0.8000  0.4750  0.4750  0.6000  0.6000  0.7000  0.8000  0.4750  0.1986  0.000040
epoch:150 0.5566  0.8606  0.6106  0.7000  0.8000  0.4750  0.4750  0.6000  0.6000  0.7000  0.8000  0.4750  0.1975  0.000040
epoch:151 0.5816  0.8606  0.8606  0.7000  0.8000  0.5000  0.5000  0.6250  0.6250  0.7000  0.8000  0.5000  0.1990  0.000040
epoch:152 0.5566  0.8606  0.3606  0.7000  0.8000  0.4750  0.4750  0.6000  0.6000  0.7000  0.8000  0.4750  0.1976  0.000040
epoch:153 0.5816  0.8606  0.8606  0.7000  0.8000  0.5000  0.5000  0.6250  0.6250  0.7000  0.8000  0.5000  0.1976  0.000040
epoch:154 0.5816  0.8606  0.8606  0.7000  0.8000  0.5000  0.5000  0.6250  0.6250  0.7000  0.8000  0.5000  0.1991  0.000040
epoch:155 0.5816  0.8606  0.8606  0.7000  0.8000  0.5000  0.5000  0.6250  0.6250  0.7000  0.8000  0.5000  0.1954  0.000040
epoch:156 0.5816  0.8606  0.8606  0.7000  0.8000  0.5000  0.5000  0.6250  0.6250  0.7000  0.8000  0.5000  0.1957  0.000040
epoch:157 0.5816  0.8606  0.8606  0.7000  0.8000  0.5000  0.5000  0.6250  0.6250  0.7000  0.8000  0.5000  0.1972  0.000040
epoch:158 0.6066  0.8606  0.8606  0.7000  0.8000  0.5250  0.5250  0.6500  0.6500  0.7000  0.8000  0.5250  0.1967  0.000040
epoch:159 0.6066  0.8606  0.8606  0.7000  0.8000  0.5250  0.5250  0.6500  0.6500  0.7000  0.8000  0.5250  0.1974  0.000040
epoch:160 0.5816  0.8606  0.8606  0.7000  0.8000  0.5000  0.5000  0.6250  0.6250  0.7000  0.8000  0.5000  0.1955  0.000040
epoch:161 0.6566  0.8606  0.8606  0.7000  0.8000  0.5750  0.5750  0.7000  0.7000  0.7000  0.8000  0.5750  0.1963  0.000040
epoch:162 0.5816  0.8606  0.8606  0.7000  0.8000  0.5000  0.5000  0.6250  0.6250  0.7000  0.8000  0.5000  0.1959  0.000040
epoch:163 0.5816  0.8606  0.8606  0.7000  0.8000  0.5000  0.5000  0.6250  0.6250  0.7000  0.8000  0.5000  0.1955  0.000040
epoch:164 0.6316  0.8606  0.6106  0.7000  0.8000  0.5500  0.5500  0.6750  0.6750  0.7000  0.8000  0.5500  0.1953  0.000040
epoch:165 0.6066  0.8606  0.8606  0.7000  0.8000  0.5250  0.5250  0.6500  0.6500  0.7000  0.8000  0.5250  0.1955  0.000040
epoch:166 0.6066  0.8606  0.8606  0.7000  0.8000  0.5250  0.5250  0.6500  0.6500  0.7000  0.8000  0.5250  0.1939  0.000040
epoch:167 0.6066  0.8606  0.8606  0.7000  0.8000  0.5250  0.5250  0.6500  0.6500  0.7000  0.8000  0.5250  0.1970  0.000040
epoch:168 0.5816  0.8606  0.8606  0.7000  0.8000  0.5000  0.5000  0.6250  0.6250  0.7000  0.8000  0.5000  0.1953  0.000040
epoch:169 0.6066  0.8606  0.8606  0.7000  0.8000  0.5250  0.5250  0.6500  0.6500  0.7000  0.8000  0.5250  0.1959  0.000040
epoch:170 0.6066  0.8606  0.8606  0.7000  0.8000  0.5250  0.5250  0.6500  0.6500  0.7000  0.8000  0.5250  0.1955  0.000040
epoch:171 0.5566  0.8606  0.6106  0.7000  0.8000  0.4750  0.4750  0.6000  0.6000  0.7000  0.8000  0.4750  0.1966  0.000040
epoch:172 0.6066  0.8606  0.8606  0.7000  0.8000  0.5250  0.5250  0.6500  0.6500  0.7000  0.8000  0.5250  0.1940  0.000040
epoch:173 0.5816  0.8606  0.8606  0.7000  0.8000  0.5000  0.5000  0.6250  0.6250  0.7000  0.8000  0.5000  0.1955  0.000040
epoch:174 0.5816  0.8606  0.8606  0.7000  0.8000  0.5000  0.5000  0.6250  0.6250  0.7000  0.8000  0.5000  0.1947  0.000040
epoch:175 0.6066  0.8606  0.8606  0.7000  0.8000  0.5250  0.5250  0.6500  0.6500  0.7000  0.8000  0.5250  0.1957  0.000040
epoch:176 0.5816  0.8606  0.8606  0.7000  0.8000  0.5000  0.5000  0.6250  0.6250  0.7000  0.8000  0.5000  0.1964  0.000040
epoch:177 0.5816  0.8606  0.8606  0.7000  0.8000  0.5000  0.5000  0.6250  0.6250  0.7000  0.8000  0.5000  0.1935  0.000040
epoch:178 0.6066  0.8606  0.8606  0.7000  0.8000  0.5250  0.5250  0.6500  0.6500  0.7000  0.8000  0.5250  0.1929  0.000040
epoch:179 0.6066  0.8606  0.8606  0.7000  0.8000  0.5250  0.5250  0.6500  0.6500  0.7000  0.8000  0.5250  0.1956  0.000040
epoch:180 0.5816  0.8606  0.8606  0.7000  0.8000  0.5000  0.5000  0.6250  0.6250  0.7000  0.8000  0.5000  0.1958  0.000040
epoch:181 0.5816  0.8606  0.8606  0.7000  0.8000  0.5000  0.5000  0.6250  0.6250  0.7000  0.8000  0.5000  0.1948  0.000040
epoch:182 0.5774  0.8606  0.8606  0.7000  0.7000  0.5000  0.5000  0.6167  0.6167  0.7000  0.7000  0.5000  0.1951  0.000040
epoch:183 0.6316  0.8606  0.8606  0.7000  0.8000  0.5500  0.5500  0.6750  0.6750  0.7000  0.8000  0.5500  0.1949  0.000040
epoch:184 0.5816  0.8606  0.8606  0.7000  0.8000  0.5000  0.5000  0.6250  0.6250  0.7000  0.8000  0.5000  0.1946  0.000040
epoch:185 0.6066  0.8606  0.8606  0.7000  0.8000  0.5250  0.5250  0.6500  0.6500  0.7000  0.8000  0.5250  0.1942  0.000040
epoch:186 0.6566  0.8606  0.8606  0.7000  0.8000  0.5750  0.5750  0.7000  0.7000  0.7000  0.8000  0.5750  0.1937  0.000040
epoch:187 0.5566  0.8606  0.6106  0.7000  0.8000  0.4750  0.4750  0.6000  0.6000  0.7000  0.8000  0.4750  0.1937  0.000040
epoch:188 0.6066  0.8606  0.8606  0.7000  0.8000  0.5250  0.5250  0.6500  0.6500  0.7000  0.8000  0.5250  0.1931  0.000040
epoch:189 0.5816  0.8606  0.8606  0.7000  0.8000  0.5000  0.5000  0.6250  0.6250  0.7000  0.8000  0.5000  0.1937  0.000040
epoch:190 0.6066  0.8606  0.6106  0.7000  0.8000  0.5250  0.5250  0.6500  0.6500  0.7000  0.8000  0.5250  0.1931  0.000040
epoch:191 0.6566  0.8606  0.8606  0.7000  0.8000  0.5750  0.5750  0.7000  0.7000  0.7000  0.8000  0.5750  0.1927  0.000040
epoch:192 0.6316  0.8606  0.8606  0.7000  0.8000  0.5500  0.5500  0.6750  0.6750  0.7000  0.8000  0.5500  0.1926  0.000040
epoch:193 0.5816  0.8606  0.8606  0.7000  0.8000  0.5000  0.5000  0.6250  0.6250  0.7000  0.8000  0.5000  0.1948  0.000040
epoch:194 0.5774  0.8606  0.8606  0.7000  0.7000  0.5000  0.5000  0.6167  0.6167  0.7000  0.7000  0.5000  0.1938  0.000040
epoch:195 0.5816  0.8606  0.8606  0.7000  0.8000  0.5000  0.5000  0.6250  0.6250  0.7000  0.8000  0.5000  0.1917  0.000040
epoch:196 0.5816  0.8606  0.8606  0.7000  0.8000  0.5000  0.5000  0.6250  0.6250  0.7000  0.8000  0.5000  0.1938  0.000040
epoch:197 0.6316  0.8606  0.8606  0.7000  0.8000  0.5500  0.5500  0.6750  0.6750  0.7000  0.8000  0.5500  0.1914  0.000040
epoch:198 0.5816  0.8606  0.8606  0.7000  0.8000  0.5000  0.5000  0.6250  0.6250  0.7000  0.8000  0.5000  0.1922  0.000040
epoch:199 0.6066  0.8606  0.8606  0.7000  0.8000  0.5250  0.5250  0.6500  0.6500  0.7000  0.8000  0.5250  0.1899  0.000040
epoch:200 0.6316  0.8606  0.8606  0.7000  0.8000  0.5500  0.5500  0.6750  0.6750  0.7000  0.8000  0.5500  0.1917  0.000040
epoch:201 0.6066  0.8606  0.8606  0.7000  0.8000  0.5250  0.5250  0.6500  0.6500  0.7000  0.8000  0.5250  0.1919  0.000040
epoch:202 0.5816  0.8606  0.8606  0.7000  0.8000  0.5000  0.5000  0.6250  0.6250  0.7000  0.8000  0.5000  0.1918  0.000040
epoch:203 0.5816  0.8606  0.8606  0.7000  0.8000  0.5000  0.5000  0.6250  0.6250  0.7000  0.8000  0.5000  0.1923  0.000040
epoch:204 0.5816  0.8606  0.8606  0.7000  0.8000  0.5000  0.5000  0.6250  0.6250  0.7000  0.8000  0.5000  0.1945  0.000040
epoch:205 0.5816  0.8606  0.8606  0.7000  0.8000  0.5000  0.5000  0.6250  0.6250  0.7000  0.8000  0.5000  0.1912  0.000040
epoch:206 0.5816  0.8606  0.8606  0.7000  0.8000  0.5000  0.5000  0.6250  0.6250  0.7000  0.8000  0.5000  0.1923  0.000040
epoch:207 0.5566  0.8606  0.6106  0.7000  0.8000  0.4750  0.4750  0.6000  0.6000  0.7000  0.8000  0.4750  0.1915  0.000040
epoch:208 0.6066  0.8606  0.8606  0.7000  0.8000  0.5250  0.5250  0.6500  0.6500  0.7000  0.8000  0.5250  0.1916  0.000040
epoch:209 0.5566  0.8606  0.6106  0.7000  0.8000  0.4750  0.4750  0.6000  0.6000  0.7000  0.8000  0.4750  0.1902  0.000040
epoch:210 0.6066  0.8606  0.8606  0.7000  0.8000  0.5250  0.5250  0.6500  0.6500  0.7000  0.8000  0.5250  0.1907  0.000040
epoch:211 0.5816  0.8606  0.8606  0.7000  0.8000  0.5000  0.5000  0.6250  0.6250  0.7000  0.8000  0.5000  0.1910  0.000040
epoch:212 0.6066  0.8606  0.8606  0.7000  0.8000  0.5250  0.5250  0.6500  0.6500  0.7000  0.8000  0.5250  0.1902  0.000040
epoch:213 0.6066  0.8606  0.8606  0.7000  0.8000  0.5250  0.5250  0.6500  0.6500  0.7000  0.8000  0.5250  0.1914  0.000040
epoch:214 0.6316  0.8606  0.8606  0.7000  0.8000  0.5500  0.5500  0.6750  0.6750  0.7000  0.8000  0.5500  0.1921  0.000040
epoch:215 0.5816  0.8606  0.8606  0.7000  0.8000  0.5000  0.5000  0.6250  0.6250  0.7000  0.8000  0.5000  0.1924  0.000040
epoch:216 0.6316  0.8606  0.8606  0.7000  0.8000  0.5500  0.5500  0.6750  0.6750  0.7000  0.8000  0.5500  0.1914  0.000040
epoch:217 0.5816  0.8606  0.8606  0.7000  0.8000  0.5000  0.5000  0.6250  0.6250  0.7000  0.8000  0.5000  0.1903  0.000040
epoch:218 0.6066  0.8606  0.8606  0.7000  0.8000  0.5250  0.5250  0.6500  0.6500  0.7000  0.8000  0.5250  0.1882  0.000040
epoch:219 0.6816  0.8606  0.8606  0.7000  0.8000  0.6000  0.6000  0.7250  0.7250  0.7000  0.8000  0.6000  0.1916  0.000040
epoch:220 0.6066  0.8606  0.8606  0.7000  0.8000  0.5250  0.5250  0.6500  0.6500  0.7000  0.8000  0.5250  0.1914  0.000040
epoch:221 0.6066  0.8606  0.8606  0.7000  0.8000  0.5250  0.5250  0.6500  0.6500  0.7000  0.8000  0.5250  0.1913  0.000040
epoch:222 0.5816  0.8606  0.8606  0.7000  0.8000  0.5000  0.5000  0.6250  0.6250  0.7000  0.8000  0.5000  0.1901  0.000040
epoch:223 0.5816  0.8606  0.8606  0.7000  0.8000  0.5000  0.5000  0.6250  0.6250  0.7000  0.8000  0.5000  0.1915  0.000040
epoch:224 0.6316  0.8606  0.8606  0.7000  0.8000  0.5500  0.5500  0.6750  0.6750  0.7000  0.8000  0.5500  0.1898  0.000040
epoch:225 0.6316  0.8606  0.8606  0.7000  0.8000  0.5500  0.5500  0.6750  0.6750  0.7000  0.8000  0.5500  0.1891  0.000040
epoch:226 0.5816  0.8606  0.8606  0.7000  0.8000  0.5000  0.5000  0.6250  0.6250  0.7000  0.8000  0.5000  0.1900  0.000040
epoch:227 0.5816  0.8606  0.8606  0.7000  0.8000  0.5000  0.5000  0.6250  0.6250  0.7000  0.8000  0.5000  0.1902  0.000040
epoch:228 0.5816  0.8606  0.8606  0.7000  0.8000  0.5000  0.5000  0.6250  0.6250  0.7000  0.8000  0.5000  0.1896  0.000040
epoch:229 0.5816  0.8606  0.8606  0.7000  0.8000  0.5000  0.5000  0.6250  0.6250  0.7000  0.8000  0.5000  0.1924  0.000040
epoch:230 0.6066  0.8606  0.8606  0.7000  0.8000  0.5250  0.5250  0.6500  0.6500  0.7000  0.8000  0.5250  0.1907  0.000040
epoch:231 0.5816  0.8606  0.8606  0.7000  0.8000  0.5000  0.5000  0.6250  0.6250  0.7000  0.8000  0.5000  0.1895  0.000040
epoch:232 0.6316  0.8606  0.8606  0.7000  0.8000  0.5500  0.5500  0.6750  0.6750  0.7000  0.8000  0.5500  0.1899  0.000040
epoch:233 0.6066  0.8606  0.8606  0.7000  0.8000  0.5250  0.5250  0.6500  0.6500  0.7000  0.8000  0.5250  0.1881  0.000040
epoch:234 0.6066  0.8606  0.8606  0.7000  0.8000  0.5250  0.5250  0.6500  0.6500  0.7000  0.8000  0.5250  0.1885  0.000040
epoch:235 0.6316  0.8606  0.8606  0.7000  0.8000  0.5500  0.5500  0.6750  0.6750  0.7000  0.8000  0.5500  0.1883  0.000040
epoch:236 0.6566  0.8606  0.8606  0.7000  0.8000  0.5750  0.5750  0.7000  0.7000  0.7000  0.8000  0.5750  0.1906  0.000040
epoch:237 0.5816  0.8606  0.8606  0.7000  0.8000  0.5000  0.5000  0.6250  0.6250  0.7000  0.8000  0.5000  0.1882  0.000040
epoch:238 0.6066  0.8606  0.8606  0.7000  0.8000  0.5250  0.5250  0.6500  0.6500  0.7000  0.8000  0.5250  0.1880  0.000040
epoch:239 0.5816  0.8606  0.8606  0.7000  0.8000  0.5000  0.5000  0.6250  0.6250  0.7000  0.8000  0.5000  0.1874  0.000040
epoch:240 0.6316  0.8606  0.8606  0.7000  0.8000  0.5500  0.5500  0.6750  0.6750  0.7000  0.8000  0.5500  0.1878  0.000040
epoch:241 0.5816  0.8606  0.8606  0.7000  0.8000  0.5000  0.5000  0.6250  0.6250  0.7000  0.8000  0.5000  0.1900  0.000040
epoch:242 0.6316  0.8606  0.8606  0.7000  0.8000  0.5500  0.5500  0.6750  0.6750  0.7000  0.8000  0.5500  0.1878  0.000040
epoch:243 0.6316  0.8606  0.8606  0.7000  0.8000  0.5500  0.5500  0.6750  0.6750  0.7000  0.8000  0.5500  0.1886  0.000040
epoch:244 0.5816  0.8606  0.8606  0.7000  0.8000  0.5000  0.5000  0.6250  0.6250  0.7000  0.8000  0.5000  0.1892  0.000040
epoch:245 0.6316  0.8606  0.8606  0.7000  0.8000  0.5500  0.5500  0.6750  0.6750  0.7000  0.8000  0.5500  0.1883  0.000040
epoch:246 0.6566  0.8606  0.8606  0.7000  0.8000  0.5750  0.5750  0.7000  0.7000  0.7000  0.8000  0.5750  0.1894  0.000040
epoch:247 0.5566  0.8606  0.6106  0.7000  0.8000  0.4750  0.4750  0.6000  0.6000  0.7000  0.8000  0.4750  0.1880  0.000040
epoch:248 0.6566  0.8606  0.8606  0.7000  0.8000  0.5750  0.5750  0.7000  0.7000  0.7000  0.8000  0.5750  0.1889  0.000040
epoch:249 0.6566  0.8606  0.8606  0.7000  0.8000  0.5750  0.5750  0.7000  0.7000  0.7000  0.8000  0.5750  0.1865  0.000040
epoch:250 0.6066  0.8606  0.8606  0.7000  0.8000  0.5250  0.5250  0.6500  0.6500  0.7000  0.8000  0.5250  0.1875  0.000040
epoch:251 0.6816  0.8606  0.8606  0.7000  0.8000  0.6000  0.6000  0.7250  0.7250  0.7000  0.8000  0.6000  0.1891  0.000040
epoch:252 0.5816  0.8606  0.8606  0.7000  0.8000  0.5000  0.5000  0.6250  0.6250  0.7000  0.8000  0.5000  0.1871  0.000040
epoch:253 0.6316  0.8606  0.8606  0.7000  0.8000  0.5500  0.5500  0.6750  0.6750  0.7000  0.8000  0.5500  0.1878  0.000040
epoch:254 0.6316  0.8606  0.8606  0.7000  0.8000  0.5500  0.5500  0.6750  0.6750  0.7000  0.8000  0.5500  0.1871  0.000040
epoch:255 0.6316  0.8606  0.8606  0.7000  0.8000  0.5500  0.5500  0.6750  0.6750  0.7000  0.8000  0.5500  0.1871  0.000040
epoch:256 0.5816  0.8606  0.8606  0.7000  0.8000  0.5000  0.5000  0.6250  0.6250  0.7000  0.8000  0.5000  0.1879  0.000040
epoch:257 0.6316  0.8606  0.8606  0.7000  0.8000  0.5500  0.5500  0.6750  0.6750  0.7000  0.8000  0.5500  0.1886  0.000040
epoch:258 0.6566  0.8606  0.8606  0.7000  0.8000  0.5750  0.5750  0.7000  0.7000  0.7000  0.8000  0.5750  0.1867  0.000040
epoch:259 0.5816  0.8606  0.8606  0.7000  0.8000  0.5000  0.5000  0.6250  0.6250  0.7000  0.8000  0.5000  0.1868  0.000040
epoch:260 0.5816  0.8606  0.8606  0.7000  0.8000  0.5000  0.5000  0.6250  0.6250  0.7000  0.8000  0.5000  0.1862  0.000040
epoch:261 0.6566  0.8606  0.8606  0.7000  0.8000  0.5750  0.5750  0.7000  0.7000  0.7000  0.8000  0.5750  0.1867  0.000040
epoch:262 0.5816  0.8606  0.8606  0.7000  0.8000  0.5000  0.5000  0.6250  0.6250  0.7000  0.8000  0.5000  0.1851  0.000040
epoch:263 0.6316  0.8606  0.8606  0.7000  0.8000  0.5500  0.5500  0.6750  0.6750  0.7000  0.8000  0.5500  0.1874  0.000040
epoch:264 0.6316  0.8606  0.8606  0.7000  0.8000  0.5500  0.5500  0.6750  0.6750  0.7000  0.8000  0.5500  0.1876  0.000040
epoch:265 0.6566  0.8606  0.8606  0.7000  0.8000  0.5750  0.5750  0.7000  0.7000  0.7000  0.8000  0.5750  0.1859  0.000040
epoch:266 0.6316  0.8606  0.8606  0.7000  0.8000  0.5500  0.5500  0.6750  0.6750  0.7000  0.8000  0.5500  0.1869  0.000040
epoch:267 0.6066  0.8606  0.6106  0.7000  0.8000  0.5250  0.5250  0.6500  0.6500  0.7000  0.8000  0.5250  0.1851  0.000040
epoch:268 0.5816  0.8606  0.8606  0.7000  0.8000  0.5000  0.5000  0.6250  0.6250  0.7000  0.8000  0.5000  0.1859  0.000040
epoch:269 0.5816  0.8606  0.8606  0.7000  0.8000  0.5000  0.5000  0.6250  0.6250  0.7000  0.8000  0.5000  0.1858  0.000040
epoch:270 0.5816  0.8606  0.8606  0.7000  0.8000  0.5000  0.5000  0.6250  0.6250  0.7000  0.8000  0.5000  0.1874  0.000040
epoch:271 0.5566  0.8606  0.6106  0.7000  0.8000  0.4750  0.4750  0.6000  0.6000  0.7000  0.8000  0.4750  0.1886  0.000040
epoch:272 0.6316  0.8606  0.8606  0.7000  0.8000  0.5500  0.5500  0.6750  0.6750  0.7000  0.8000  0.5500  0.1869  0.000040
epoch:273 0.6566  0.8606  0.8606  0.7000  0.8000  0.5750  0.5750  0.7000  0.7000  0.7000  0.8000  0.5750  0.1882  0.000040
epoch:274 0.6316  0.8606  0.8606  0.7000  0.8000  0.5500  0.5500  0.6750  0.6750  0.7000  0.8000  0.5500  0.1884  0.000040
epoch:275 0.6066  0.8606  0.8606  0.7000  0.8000  0.5250  0.5250  0.6500  0.6500  0.7000  0.8000  0.5250  0.1876  0.000040
epoch:276 0.6316  0.8606  0.8606  0.7000  0.8000  0.5500  0.5500  0.6750  0.6750  0.7000  0.8000  0.5500  0.1858  0.000040
epoch:277 0.5566  0.8606  0.6106  0.7000  0.8000  0.4750  0.4750  0.6000  0.6000  0.7000  0.8000  0.4750  0.1843  0.000040
epoch:278 0.6566  0.8606  0.8606  0.7000  0.8000  0.5750  0.5750  0.7000  0.7000  0.7000  0.8000  0.5750  0.1851  0.000040
epoch:279 0.5774  0.8606  0.6106  0.7000  0.7000  0.5000  0.5000  0.6167  0.6167  0.7000  0.7000  0.5000  0.1848  0.000040
epoch:280 0.6066  0.8606  0.8606  0.7000  0.8000  0.5250  0.5250  0.6500  0.6500  0.7000  0.8000  0.5250  0.1852  0.000040
epoch:281 0.6066  0.8606  0.8606  0.7000  0.8000  0.5250  0.5250  0.6500  0.6500  0.7000  0.8000  0.5250  0.1849  0.000040
epoch:282 0.6066  0.8606  0.8606  0.7000  0.8000  0.5250  0.5250  0.6500  0.6500  0.7000  0.8000  0.5250  0.1840  0.000040
epoch:283 0.5566  0.8606  0.6106  0.7000  0.8000  0.4750  0.4750  0.6000  0.6000  0.7000  0.8000  0.4750  0.1847  0.000040
epoch:284 0.5816  0.8606  0.8606  0.7000  0.8000  0.5000  0.5000  0.6250  0.6250  0.7000  0.8000  0.5000  0.1848  0.000040
epoch:285 0.5816  0.8606  0.6106  0.7000  0.8000  0.5000  0.5000  0.6250  0.6250  0.7000  0.8000  0.5000  0.1856  0.000040
epoch:286 0.6316  0.8606  0.8606  0.7000  0.8000  0.5500  0.5500  0.6750  0.6750  0.7000  0.8000  0.5500  0.1858  0.000040
epoch:287 0.6566  0.8606  0.8606  0.7000  0.8000  0.5750  0.5750  0.7000  0.7000  0.7000  0.8000  0.5750  0.1856  0.000040
epoch:288 0.5816  0.8606  0.8606  0.7000  0.8000  0.5000  0.5000  0.6250  0.6250  0.7000  0.8000  0.5000  0.1846  0.000040
epoch:289 0.5816  0.8606  0.6106  0.7000  0.8000  0.5000  0.5000  0.6250  0.6250  0.7000  0.8000  0.5000  0.1861  0.000040
epoch:290 0.6066  0.8606  0.8606  0.7000  0.8000  0.5250  0.5250  0.6500  0.6500  0.7000  0.8000  0.5250  0.1859  0.000040
epoch:291 0.6316  0.8606  0.8606  0.7000  0.8000  0.5500  0.5500  0.6750  0.6750  0.7000  0.8000  0.5500  0.1849  0.000040
epoch:292 0.6316  0.8606  0.8606  0.7000  0.8000  0.5500  0.5500  0.6750  0.6750  0.7000  0.8000  0.5500  0.1835  0.000040
epoch:293 0.6316  0.8606  0.8606  0.7000  0.8000  0.5500  0.5500  0.6750  0.6750  0.7000  0.8000  0.5500  0.1864  0.000040
epoch:294 0.6316  0.8606  0.8606  0.7000  0.8000  0.5500  0.5500  0.6750  0.6750  0.7000  0.8000  0.5500  0.1857  0.000040
epoch:295 0.5816  0.8606  0.8606  0.7000  0.8000  0.5000  0.5000  0.6250  0.6250  0.7000  0.8000  0.5000  0.1835  0.000040
epoch:296 0.5816  0.8606  0.8606  0.7000  0.8000  0.5000  0.5000  0.6250  0.6250  0.7000  0.8000  0.5000  0.1852  0.000040
epoch:297 0.6066  0.8606  0.8606  0.7000  0.8000  0.5250  0.5250  0.6500  0.6500  0.7000  0.8000  0.5250  0.1833  0.000040
epoch:298 0.6316  0.8606  0.8606  0.7000  0.8000  0.5500  0.5500  0.6750  0.6750  0.7000  0.8000  0.5500  0.1849  0.000040
epoch:299 0.5566  0.8606  0.6106  0.7000  0.8000  0.4750  0.4750  0.6000  0.6000  0.7000  0.8000  0.4750  0.1831  0.000040
epoch:300 0.5816  0.8606  0.8606  0.7000  0.8000  0.5000  0.5000  0.6250  0.6250  0.7000  0.8000  0.5000  0.1832  0.000040
epoch:301 0.5816  0.8606  0.8606  0.7000  0.8000  0.5000  0.5000  0.6250  0.6250  0.7000  0.8000  0.5000  0.1832  0.000040
epoch:302 0.5816  0.8606  0.6106  0.7000  0.8000  0.5000  0.5000  0.6250  0.6250  0.7000  0.8000  0.5000  0.1845  0.000040
epoch:303 0.5816  0.8606  0.8606  0.7000  0.8000  0.5000  0.5000  0.6250  0.6250  0.7000  0.8000  0.5000  0.1850  0.000040
epoch:304 0.6316  0.8606  0.8606  0.7000  0.8000  0.5500  0.5500  0.6750  0.6750  0.7000  0.8000  0.5500  0.1841  0.000040
epoch:305 0.6066  0.8606  0.8606  0.7000  0.8000  0.5250  0.5250  0.6500  0.6500  0.7000  0.8000  0.5250  0.1840  0.000040
epoch:306 0.5816  0.8606  0.8606  0.7000  0.8000  0.5000  0.5000  0.6250  0.6250  0.7000  0.8000  0.5000  0.1823  0.000040
epoch:307 0.5816  0.8606  0.8606  0.7000  0.8000  0.5000  0.5000  0.6250  0.6250  0.7000  0.8000  0.5000  0.1844  0.000040
epoch:308 0.6066  0.8606  0.8606  0.7000  0.8000  0.5250  0.5250  0.6500  0.6500  0.7000  0.8000  0.5250  0.1833  0.000040
epoch:309 0.6316  0.8606  0.8606  0.7000  0.8000  0.5500  0.5500  0.6750  0.6750  0.7000  0.8000  0.5500  0.1829  0.000040
epoch:310 0.6066  0.8606  0.8606  0.7000  0.8000  0.5250  0.5250  0.6500  0.6500  0.7000  0.8000  0.5250  0.1833  0.000040
epoch:311 0.6566  0.8606  0.8606  0.7000  0.8000  0.5750  0.5750  0.7000  0.7000  0.7000  0.8000  0.5750  0.1835  0.000040
epoch:312 0.6066  0.8606  0.6106  0.7000  0.8000  0.5250  0.5250  0.6500  0.6500  0.7000  0.8000  0.5250  0.1821  0.000040
epoch:313 0.6066  0.8606  0.8606  0.7000  0.8000  0.5250  0.5250  0.6500  0.6500  0.7000  0.8000  0.5250  0.1828  0.000040
epoch:314 0.6066  0.8606  0.8606  0.7000  0.8000  0.5250  0.5250  0.6500  0.6500  0.7000  0.8000  0.5250  0.1835  0.000040
epoch:315 0.6066  0.8606  0.8606  0.7000  0.8000  0.5250  0.5250  0.6500  0.6500  0.7000  0.8000  0.5250  0.1831  0.000040
epoch:316 0.6316  0.8606  0.8606  0.7000  0.8000  0.5500  0.5500  0.6750  0.6750  0.7000  0.8000  0.5500  0.1828  0.000040
epoch:317 0.6316  0.8606  0.8606  0.7000  0.8000  0.5500  0.5500  0.6750  0.6750  0.7000  0.8000  0.5500  0.1830  0.000040
epoch:318 0.6316  0.8606  0.8606  0.7000  0.8000  0.5500  0.5500  0.6750  0.6750  0.7000  0.8000  0.5500  0.1822  0.000040
epoch:319 0.6316  0.8606  0.8606  0.7000  0.8000  0.5500  0.5500  0.6750  0.6750  0.7000  0.8000  0.5500  0.1821  0.000040
epoch:320 0.5816  0.8606  0.8606  0.7000  0.8000  0.5000  0.5000  0.6250  0.6250  0.7000  0.8000  0.5000  0.1821  0.000040
epoch:321 0.6316  0.8606  0.8606  0.7000  0.8000  0.5500  0.5500  0.6750  0.6750  0.7000  0.8000  0.5500  0.1835  0.000040
epoch:322 0.6066  0.8606  0.8606  0.7000  0.8000  0.5250  0.5250  0.6500  0.6500  0.7000  0.8000  0.5250  0.1821  0.000040
epoch:323 0.6316  0.8606  0.8606  0.7000  0.8000  0.5500  0.5500  0.6750  0.6750  0.7000  0.8000  0.5500  0.1809  0.000040
epoch:324 0.6066  0.8606  0.6106  0.7000  0.8000  0.5250  0.5250  0.6500  0.6500  0.7000  0.8000  0.5250  0.1833  0.000040
epoch:325 0.6066  0.8606  0.8606  0.7000  0.8000  0.5250  0.5250  0.6500  0.6500  0.7000  0.8000  0.5250  0.1808  0.000040
epoch:326 0.6066  0.8606  0.8606  0.7000  0.8000  0.5250  0.5250  0.6500  0.6500  0.7000  0.8000  0.5250  0.1828  0.000040
epoch:327 0.6316  0.8606  0.8606  0.7000  0.8000  0.5500  0.5500  0.6750  0.6750  0.7000  0.8000  0.5500  0.1824  0.000040
epoch:328 0.5816  0.8606  0.8606  0.7000  0.8000  0.5000  0.5000  0.6250  0.6250  0.7000  0.8000  0.5000  0.1820  0.000040
epoch:329 0.6316  0.8606  0.6106  0.7000  0.8000  0.5500  0.5500  0.6750  0.6750  0.7000  0.8000  0.5500  0.1799  0.000040
epoch:330 0.6316  0.8606  0.8606  0.7000  0.8000  0.5500  0.5500  0.6750  0.6750  0.7000  0.8000  0.5500  0.1813  0.000040
epoch:331 0.5816  0.8606  0.8606  0.7000  0.8000  0.5000  0.5000  0.6250  0.6250  0.7000  0.8000  0.5000  0.1817  0.000040
epoch:332 0.5816  0.8606  0.8606  0.7000  0.8000  0.5000  0.5000  0.6250  0.6250  0.7000  0.8000  0.5000  0.1809  0.000040
epoch:333 0.5816  0.8606  0.8606  0.7000  0.8000  0.5000  0.5000  0.6250  0.6250  0.7000  0.8000  0.5000  0.1817  0.000040
epoch:334 0.5774  0.8606  0.8606  0.7000  0.7000  0.5000  0.5000  0.6167  0.6167  0.7000  0.7000  0.5000  0.1808  0.000040
epoch:335 0.6066  0.8606  0.8606  0.7000  0.8000  0.5250  0.5250  0.6500  0.6500  0.7000  0.8000  0.5250  0.1814  0.000040
epoch:336 0.6066  0.8606  0.8606  0.7000  0.8000  0.5250  0.5250  0.6500  0.6500  0.7000  0.8000  0.5250  0.1813  0.000040
epoch:337 0.6316  0.8606  0.8606  0.7000  0.8000  0.5500  0.5500  0.6750  0.6750  0.7000  0.8000  0.5500  0.1802  0.000040
epoch:338 0.5816  0.8606  0.8606  0.7000  0.8000  0.5000  0.5000  0.6250  0.6250  0.7000  0.8000  0.5000  0.1819  0.000040
epoch:339 0.6066  0.8606  0.8606  0.7000  0.8000  0.5250  0.5250  0.6500  0.6500  0.7000  0.8000  0.5250  0.1822  0.000040
epoch:340 0.5566  0.8606  0.6106  0.7000  0.8000  0.4750  0.4750  0.6000  0.6000  0.7000  0.8000  0.4750  0.1813  0.000040
epoch:341 0.6316  0.8606  0.8606  0.7000  0.8000  0.5500  0.5500  0.6750  0.6750  0.7000  0.8000  0.5500  0.1821  0.000040
epoch:342 0.6066  0.8606  0.8606  0.7000  0.8000  0.5250  0.5250  0.6500  0.6500  0.7000  0.8000  0.5250  0.1813  0.000040
epoch:343 0.6066  0.8606  0.8606  0.7000  0.8000  0.5250  0.5250  0.6500  0.6500  0.7000  0.8000  0.5250  0.1791  0.000040
epoch:344 0.6066  0.8606  0.8606  0.7000  0.8000  0.5250  0.5250  0.6500  0.6500  0.7000  0.8000  0.5250  0.1794  0.000040
epoch:345 0.6066  0.8606  0.6106  0.7000  0.8000  0.5250  0.5250  0.6500  0.6500  0.7000  0.8000  0.5250  0.1798  0.000040
epoch:346 0.5566  0.8606  0.6106  0.7000  0.8000  0.4750  0.4750  0.6000  0.6000  0.7000  0.8000  0.4750  0.1827  0.000040
epoch:347 0.5816  0.8606  0.6106  0.7000  0.8000  0.5000  0.5000  0.6250  0.6250  0.7000  0.8000  0.5000  0.1800  0.000040
epoch:348 0.5816  0.8606  0.8606  0.7000  0.8000  0.5000  0.5000  0.6250  0.6250  0.7000  0.8000  0.5000  0.1813  0.000040
epoch:349 0.6316  0.8606  0.8606  0.7000  0.8000  0.5500  0.5500  0.6750  0.6750  0.7000  0.8000  0.5500  0.1789  0.000040
epoch:350 0.6316  0.8606  0.8606  0.7000  0.8000  0.5500  0.5500  0.6750  0.6750  0.7000  0.8000  0.5500  0.1811  0.000040
epoch:351 0.6066  0.8606  0.8606  0.7000  0.8000  0.5250  0.5250  0.6500  0.6500  0.7000  0.8000  0.5250  0.1804  0.000040
epoch:352 0.6066  0.8606  0.8606  0.7000  0.8000  0.5250  0.5250  0.6500  0.6500  0.7000  0.8000  0.5250  0.1792  0.000040
epoch:353 0.6066  0.8606  0.8606  0.7000  0.8000  0.5250  0.5250  0.6500  0.6500  0.7000  0.8000  0.5250  0.1808  0.000040
epoch:354 0.6316  0.8606  0.6106  0.7000  0.8000  0.5500  0.5500  0.6750  0.6750  0.7000  0.8000  0.5500  0.1809  0.000040
epoch:355 0.5816  0.8606  0.8606  0.7000  0.8000  0.5000  0.5000  0.6250  0.6250  0.7000  0.8000  0.5000  0.1814  0.000040
epoch:356 0.6316  0.8606  0.8606  0.7000  0.8000  0.5500  0.5500  0.6750  0.6750  0.7000  0.8000  0.5500  0.1802  0.000040
epoch:357 0.6316  0.8606  0.8606  0.7000  0.8000  0.5500  0.5500  0.6750  0.6750  0.7000  0.8000  0.5500  0.1810  0.000040
epoch:358 0.6066  0.8606  0.8606  0.7000  0.8000  0.5250  0.5250  0.6500  0.6500  0.7000  0.8000  0.5250  0.1796  0.000040
epoch:359 0.6066  0.8606  0.8606  0.7000  0.8000  0.5250  0.5250  0.6500  0.6500  0.7000  0.8000  0.5250  0.1788  0.000040
epoch:360 0.6316  0.8606  0.8606  0.7000  0.8000  0.5500  0.5500  0.6750  0.6750  0.7000  0.8000  0.5500  0.1807  0.000040
epoch:361 0.6066  0.8606  0.8606  0.7000  0.8000  0.5250  0.5250  0.6500  0.6500  0.7000  0.8000  0.5250  0.1792  0.000040
epoch:362 0.6316  0.8606  0.8606  0.7000  0.8000  0.5500  0.5500  0.6750  0.6750  0.7000  0.8000  0.5500  0.1801  0.000040
epoch:363 0.5816  0.8606  0.8606  0.7000  0.8000  0.5000  0.5000  0.6250  0.6250  0.7000  0.8000  0.5000  0.1808  0.000040
epoch:364 0.5816  0.8606  0.8606  0.7000  0.8000  0.5000  0.5000  0.6250  0.6250  0.7000  0.8000  0.5000  0.1777  0.000040
epoch:365 0.6566  0.8606  0.8606  0.7000  0.8000  0.5750  0.5750  0.7000  0.7000  0.7000  0.8000  0.5750  0.1805  0.000040
epoch:366 0.6316  0.8606  0.8606  0.7000  0.8000  0.5500  0.5500  0.6750  0.6750  0.7000  0.8000  0.5500  0.1799  0.000040
epoch:367 0.5816  0.8606  0.8606  0.7000  0.8000  0.5000  0.5000  0.6250  0.6250  0.7000  0.8000  0.5000  0.1807  0.000040
epoch:368 0.5566  0.8606  0.6106  0.7000  0.8000  0.4750  0.4750  0.6000  0.6000  0.7000  0.8000  0.4750  0.1789  0.000040
epoch:369 0.6316  0.8606  0.8606  0.7000  0.8000  0.5500  0.5500  0.6750  0.6750  0.7000  0.8000  0.5500  0.1812  0.000040
epoch:370 0.5816  0.8606  0.8606  0.7000  0.8000  0.5000  0.5000  0.6250  0.6250  0.7000  0.8000  0.5000  0.1791  0.000040
epoch:371 0.6066  0.8606  0.8606  0.7000  0.8000  0.5250  0.5250  0.6500  0.6500  0.7000  0.8000  0.5250  0.1777  0.000040
epoch:372 0.5816  0.8606  0.8606  0.7000  0.8000  0.5000  0.5000  0.6250  0.6250  0.7000  0.8000  0.5000  0.1780  0.000040
epoch:373 0.5816  0.8606  0.8606  0.7000  0.8000  0.5000  0.5000  0.6250  0.6250  0.7000  0.8000  0.5000  0.1783  0.000040
epoch:374 0.5816  0.8606  0.8606  0.7000  0.8000  0.5000  0.5000  0.6250  0.6250  0.7000  0.8000  0.5000  0.1776  0.000040
epoch:375 0.5816  0.8606  0.8606  0.7000  0.8000  0.5000  0.5000  0.6250  0.6250  0.7000  0.8000  0.5000  0.1789  0.000040
epoch:376 0.6566  0.8606  0.8606  0.7000  0.8000  0.5750  0.5750  0.7000  0.7000  0.7000  0.8000  0.5750  0.1790  0.000040
epoch:377 0.6066  0.8606  0.6106  0.7000  0.8000  0.5250  0.5250  0.6500  0.6500  0.7000  0.8000  0.5250  0.1778  0.000040
epoch:378 0.5566  0.8606  0.6106  0.7000  0.8000  0.4750  0.4750  0.6000  0.6000  0.7000  0.8000  0.4750  0.1789  0.000040
epoch:379 0.5816  0.8606  0.6106  0.7000  0.8000  0.5000  0.5000  0.6250  0.6250  0.7000  0.8000  0.5000  0.1785  0.000040
epoch:380 0.5816  0.8606  0.8606  0.7000  0.8000  0.5000  0.5000  0.6250  0.6250  0.7000  0.8000  0.5000  0.1788  0.000040
epoch:381 0.6066  0.8606  0.8606  0.7000  0.8000  0.5250  0.5250  0.6500  0.6500  0.7000  0.8000  0.5250  0.1789  0.000040
epoch:382 0.5816  0.8606  0.6106  0.7000  0.8000  0.5000  0.5000  0.6250  0.6250  0.7000  0.8000  0.5000  0.1796  0.000040
epoch:383 0.6316  0.8606  0.8606  0.7000  0.8000  0.5500  0.5500  0.6750  0.6750  0.7000  0.8000  0.5500  0.1771  0.000040
epoch:384 0.6316  0.8606  0.8606  0.7000  0.8000  0.5500  0.5500  0.6750  0.6750  0.7000  0.8000  0.5500  0.1787  0.000040
epoch:385 0.6316  0.8606  0.8606  0.7000  0.8000  0.5500  0.5500  0.6750  0.6750  0.7000  0.8000  0.5500  0.1778  0.000040
epoch:386 0.5816  0.8606  0.8606  0.7000  0.8000  0.5000  0.5000  0.6250  0.6250  0.7000  0.8000  0.5000  0.1782  0.000040
epoch:387 0.5816  0.8606  0.6106  0.7000  0.8000  0.5000  0.5000  0.6250  0.6250  0.7000  0.8000  0.5000  0.1780  0.000040
epoch:388 0.6066  0.8606  0.8606  0.7000  0.8000  0.5250  0.5250  0.6500  0.6500  0.7000  0.8000  0.5250  0.1760  0.000040
epoch:389 0.6316  0.8606  0.8606  0.7000  0.8000  0.5500  0.5500  0.6750  0.6750  0.7000  0.8000  0.5500  0.1787  0.000040
epoch:390 0.5816  0.8606  0.6106  0.7000  0.8000  0.5000  0.5000  0.6250  0.6250  0.7000  0.8000  0.5000  0.1787  0.000040
epoch:391 0.6066  0.8606  0.8606  0.7000  0.8000  0.5250  0.5250  0.6500  0.6500  0.7000  0.8000  0.5250  0.1774  0.000040
epoch:392 0.6066  0.8606  0.6106  0.7000  0.8000  0.5250  0.5250  0.6500  0.6500  0.7000  0.8000  0.5250  0.1793  0.000040
epoch:393 0.6066  0.8606  0.8606  0.7000  0.8000  0.5250  0.5250  0.6500  0.6500  0.7000  0.8000  0.5250  0.1784  0.000040
epoch:394 0.6316  0.8606  0.6106  0.7000  0.8000  0.5500  0.5500  0.6750  0.6750  0.7000  0.8000  0.5500  0.1790  0.000040
epoch:395 0.5816  0.8606  0.6106  0.7000  0.8000  0.5000  0.5000  0.6250  0.6250  0.7000  0.8000  0.5000  0.1787  0.000040
epoch:396 0.6384  0.8606  0.8606  0.8000  0.8000  0.5500  0.5500  0.6833  0.6833  0.8000  0.8000  0.5500  0.1790  0.000040
epoch:397 0.6566  0.8606  0.8606  0.7000  0.8000  0.5750  0.5750  0.7000  0.7000  0.7000  0.8000  0.5750  0.1780  0.000040
epoch:398 0.6316  0.8606  0.8606  0.7000  0.8000  0.5500  0.5500  0.6750  0.6750  0.7000  0.8000  0.5500  0.1777  0.000040
epoch:399 0.6066  0.8606  0.6106  0.7000  0.8000  0.5250  0.5250  0.6500  0.6500  0.7000  0.8000  0.5250  0.1769  0.000040
epoch:400 0.7066  0.8606  0.8606  0.7000  0.8000  0.6250  0.6250  0.7500  0.7500  0.7000  0.8000  0.6250  0.1779  0.000040
epoch:401 0.6066  0.8606  0.8606  0.7000  0.8000  0.5250  0.5250  0.6500  0.6500  0.7000  0.8000  0.5250  0.1753  0.000040
epoch:402 0.5816  0.8606  0.8606  0.7000  0.8000  0.5000  0.5000  0.6250  0.6250  0.7000  0.8000  0.5000  0.1779  0.000040
epoch:403 0.5816  0.8606  0.8606  0.7000  0.8000  0.5000  0.5000  0.6250  0.6250  0.7000  0.8000  0.5000  0.1778  0.000040
epoch:404 0.6316  0.8606  0.8606  0.7000  0.8000  0.5500  0.5500  0.6750  0.6750  0.7000  0.8000  0.5500  0.1768  0.000040
epoch:405 0.6066  0.8606  0.6106  0.7000  0.8000  0.5250  0.5250  0.6500  0.6500  0.7000  0.8000  0.5250  0.1777  0.000040
epoch:406 0.5566  0.8606  0.6106  0.7000  0.8000  0.4750  0.4750  0.6000  0.6000  0.7000  0.8000  0.4750  0.1763  0.000040
epoch:407 0.6316  0.8606  0.8606  0.7000  0.8000  0.5500  0.5500  0.6750  0.6750  0.7000  0.8000  0.5500  0.1756  0.000040
epoch:408 0.6316  0.8606  0.8606  0.7000  0.8000  0.5500  0.5500  0.6750  0.6750  0.7000  0.8000  0.5500  0.1754  0.000040
epoch:409 0.6316  0.8606  0.8606  0.7000  0.8000  0.5500  0.5500  0.6750  0.6750  0.7000  0.8000  0.5500  0.1774  0.000040
epoch:410 0.6066  0.8606  0.8606  0.7000  0.8000  0.5250  0.5250  0.6500  0.6500  0.7000  0.8000  0.5250  0.1759  0.000040
epoch:411 0.6316  0.8606  0.8606  0.7000  0.8000  0.5500  0.5500  0.6750  0.6750  0.7000  0.8000  0.5500  0.1763  0.000040
epoch:412 0.6566  0.8606  0.8606  0.7000  0.8000  0.5750  0.5750  0.7000  0.7000  0.7000  0.8000  0.5750  0.1749  0.000040
epoch:413 0.5816  0.8606  0.8606  0.7000  0.8000  0.5000  0.5000  0.6250  0.6250  0.7000  0.8000  0.5000  0.1765  0.000040
epoch:414 0.6316  0.8606  0.8606  0.7000  0.8000  0.5500  0.5500  0.6750  0.6750  0.7000  0.8000  0.5500  0.1778  0.000040
epoch:415 0.6066  0.8606  0.8606  0.7000  0.8000  0.5250  0.5250  0.6500  0.6500  0.7000  0.8000  0.5250  0.1774  0.000040
epoch:416 0.6066  0.8606  0.8606  0.7000  0.8000  0.5250  0.5250  0.6500  0.6500  0.7000  0.8000  0.5250  0.1762  0.000040
epoch:417 0.6316  0.8606  0.8606  0.7000  0.8000  0.5500  0.5500  0.6750  0.6750  0.7000  0.8000  0.5500  0.1759  0.000040
epoch:418 0.5816  0.8606  0.6106  0.7000  0.8000  0.5000  0.5000  0.6250  0.6250  0.7000  0.8000  0.5000  0.1753  0.000040
epoch:419 0.6316  0.8606  0.8606  0.7000  0.8000  0.5500  0.5500  0.6750  0.6750  0.7000  0.8000  0.5500  0.1741  0.000040
epoch:420 0.6066  0.8606  0.8606  0.7000  0.8000  0.5250  0.5250  0.6500  0.6500  0.7000  0.8000  0.5250  0.1757  0.000040
epoch:421 0.6316  0.8606  0.8606  0.7000  0.8000  0.5500  0.5500  0.6750  0.6750  0.7000  0.8000  0.5500  0.1763  0.000040
epoch:422 0.5566  0.8606  0.6106  0.7000  0.8000  0.4750  0.4750  0.6000  0.6000  0.7000  0.8000  0.4750  0.1775  0.000040
epoch:423 0.6316  0.8606  0.8606  0.7000  0.8000  0.5500  0.5500  0.6750  0.6750  0.7000  0.8000  0.5500  0.1743  0.000040
epoch:424 0.6316  0.8606  0.8606  0.7000  0.8000  0.5500  0.5500  0.6750  0.6750  0.7000  0.8000  0.5500  0.1740  0.000040
epoch:425 0.6816  0.8606  0.8606  0.7000  0.8000  0.6000  0.6000  0.7250  0.7250  0.7000  0.8000  0.6000  0.1766  0.000040
epoch:426 0.5566  0.8606  0.6106  0.7000  0.8000  0.4750  0.4750  0.6000  0.6000  0.7000  0.8000  0.4750  0.1754  0.000040
epoch:427 0.6066  0.8606  0.8606  0.7000  0.8000  0.5250  0.5250  0.6500  0.6500  0.7000  0.8000  0.5250  0.1760  0.000040
epoch:428 0.5816  0.8606  0.6106  0.7000  0.8000  0.5000  0.5000  0.6250  0.6250  0.7000  0.8000  0.5000  0.1742  0.000040
epoch:429 0.6316  0.8606  0.8606  0.7000  0.8000  0.5500  0.5500  0.6750  0.6750  0.7000  0.8000  0.5500  0.1749  0.000040
epoch:430 0.5816  0.8606  0.8606  0.7000  0.8000  0.5000  0.5000  0.6250  0.6250  0.7000  0.8000  0.5000  0.1760  0.000040
epoch:431 0.5816  0.8606  0.8606  0.7000  0.8000  0.5000  0.5000  0.6250  0.6250  0.7000  0.8000  0.5000  0.1755  0.000040
epoch:432 0.6316  0.8606  0.8606  0.7000  0.8000  0.5500  0.5500  0.6750  0.6750  0.7000  0.8000  0.5500  0.1749  0.000040
epoch:433 0.6066  0.8606  0.8606  0.7000  0.8000  0.5250  0.5250  0.6500  0.6500  0.7000  0.8000  0.5250  0.1758  0.000040
epoch:434 0.6066  0.8606  0.8606  0.7000  0.8000  0.5250  0.5250  0.6500  0.6500  0.7000  0.8000  0.5250  0.1735  0.000040
epoch:435 0.6316  0.8606  0.8606  0.7000  0.8000  0.5500  0.5500  0.6750  0.6750  0.7000  0.8000  0.5500  0.1739  0.000040
epoch:436 0.5566  0.8606  0.6106  0.7000  0.8000  0.4750  0.4750  0.6000  0.6000  0.7000  0.8000  0.4750  0.1754  0.000040
epoch:437 0.5816  0.8606  0.8606  0.7000  0.8000  0.5000  0.5000  0.6250  0.6250  0.7000  0.8000  0.5000  0.1755  0.000040
epoch:438 0.5566  0.8606  0.6106  0.7000  0.8000  0.4750  0.4750  0.6000  0.6000  0.7000  0.8000  0.4750  0.1735  0.000040
epoch:439 0.5816  0.8606  0.8606  0.7000  0.8000  0.5000  0.5000  0.6250  0.6250  0.7000  0.8000  0.5000  0.1735  0.000040
epoch:440 0.5816  0.8606  0.6106  0.7000  0.8000  0.5000  0.5000  0.6250  0.6250  0.7000  0.8000  0.5000  0.1754  0.000040
epoch:441 0.6066  0.8606  0.8606  0.7000  0.8000  0.5250  0.5250  0.6500  0.6500  0.7000  0.8000  0.5250  0.1736  0.000040
epoch:442 0.6566  0.8606  0.8606  0.7000  0.8000  0.5750  0.5750  0.7000  0.7000  0.7000  0.8000  0.5750  0.1749  0.000040
epoch:443 0.6066  0.8606  0.8606  0.7000  0.8000  0.5250  0.5250  0.6500  0.6500  0.7000  0.8000  0.5250  0.1735  0.000040
epoch:444 0.5816  0.8606  0.8606  0.7000  0.8000  0.5000  0.5000  0.6250  0.6250  0.7000  0.8000  0.5000  0.1758  0.000040
epoch:445 0.5816  0.8606  0.8606  0.7000  0.8000  0.5000  0.5000  0.6250  0.6250  0.7000  0.8000  0.5000  0.1742  0.000040
epoch:446 0.5566  0.8606  0.6106  0.7000  0.8000  0.4750  0.4750  0.6000  0.6000  0.7000  0.8000  0.4750  0.1753  0.000040
epoch:447 0.5566  0.8606  0.6106  0.7000  0.8000  0.4750  0.4750  0.6000  0.6000  0.7000  0.8000  0.4750  0.1747  0.000040
epoch:448 0.6316  0.8606  0.8606  0.7000  0.8000  0.5500  0.5500  0.6750  0.6750  0.7000  0.8000  0.5500  0.1747  0.000040
epoch:449 0.6024  0.8606  0.8606  0.7000  0.7000  0.5250  0.5250  0.6417  0.6417  0.7000  0.7000  0.5250  0.1747  0.000040
epoch:450 0.5816  0.8606  0.8606  0.7000  0.8000  0.5000  0.5000  0.6250  0.6250  0.7000  0.8000  0.5000  0.1736  0.000040
epoch:451 0.5816  0.8606  0.8606  0.7000  0.8000  0.5000  0.5000  0.6250  0.6250  0.7000  0.8000  0.5000  0.1740  0.000040
epoch:452 0.6066  0.8606  0.8606  0.7000  0.8000  0.5250  0.5250  0.6500  0.6500  0.7000  0.8000  0.5250  0.1741  0.000040
epoch:453 0.5816  0.8606  0.8606  0.7000  0.8000  0.5000  0.5000  0.6250  0.6250  0.7000  0.8000  0.5000  0.1734  0.000040
epoch:454 0.5816  0.8606  0.8606  0.7000  0.8000  0.5000  0.5000  0.6250  0.6250  0.7000  0.8000  0.5000  0.1737  0.000040
epoch:455 0.6066  0.8606  0.8606  0.7000  0.8000  0.5250  0.5250  0.6500  0.6500  0.7000  0.8000  0.5250  0.1741  0.000040
epoch:456 0.6066  0.8606  0.8606  0.7000  0.8000  0.5250  0.5250  0.6500  0.6500  0.7000  0.8000  0.5250  0.1731  0.000040
epoch:457 0.6316  0.8606  0.8606  0.7000  0.8000  0.5500  0.5500  0.6750  0.6750  0.7000  0.8000  0.5500  0.1736  0.000040
epoch:458 0.6274  0.8606  0.8606  0.7000  0.7000  0.5500  0.5500  0.6667  0.6667  0.7000  0.7000  0.5500  0.1723  0.000040
epoch:459 0.5566  0.8606  0.6106  0.7000  0.8000  0.4750  0.4750  0.6000  0.6000  0.7000  0.8000  0.4750  0.1737  0.000040
epoch:460 0.5816  0.8606  0.8606  0.7000  0.8000  0.5000  0.5000  0.6250  0.6250  0.7000  0.8000  0.5000  0.1737  0.000040
epoch:461 0.6066  0.8606  0.6106  0.7000  0.8000  0.5250  0.5250  0.6500  0.6500  0.7000  0.8000  0.5250  0.1729  0.000040
epoch:462 0.6316  0.8606  0.8606  0.7000  0.8000  0.5500  0.5500  0.6750  0.6750  0.7000  0.8000  0.5500  0.1726  0.000040
epoch:463 0.5816  0.8606  0.8606  0.7000  0.8000  0.5000  0.5000  0.6250  0.6250  0.7000  0.8000  0.5000  0.1729  0.000040
epoch:464 0.5816  0.8606  0.8606  0.7000  0.8000  0.5000  0.5000  0.6250  0.6250  0.7000  0.8000  0.5000  0.1722  0.000040
epoch:465 0.5552  0.8606  0.6106  0.7000  0.7500  0.4750  0.4750  0.6000  0.6000  0.7000  0.8000  0.4750  0.1731  0.000040
epoch:466 0.6066  0.8606  0.6106  0.7000  0.8000  0.5250  0.5250  0.6500  0.6500  0.7000  0.8000  0.5250  0.1724  0.000040
epoch:467 0.6066  0.8606  0.8606  0.7000  0.8000  0.5250  0.5250  0.6500  0.6500  0.7000  0.8000  0.5250  0.1729  0.000040
epoch:468 0.5566  0.8606  0.6106  0.7000  0.8000  0.4750  0.4750  0.6000  0.6000  0.7000  0.8000  0.4750  0.1741  0.000040
epoch:469 0.6066  0.8606  0.8606  0.7000  0.8000  0.5250  0.5250  0.6500  0.6500  0.7000  0.8000  0.5250  0.1748  0.000040
epoch:470 0.6066  0.8606  0.8606  0.7000  0.8000  0.5250  0.5250  0.6500  0.6500  0.7000  0.8000  0.5250  0.1729  0.000040
epoch:471 0.6066  0.8606  0.8606  0.7000  0.8000  0.5250  0.5250  0.6500  0.6500  0.7000  0.8000  0.5250  0.1724  0.000040
epoch:472 0.6316  0.8606  0.8606  0.7000  0.8000  0.5500  0.5500  0.6750  0.6750  0.7000  0.8000  0.5500  0.1726  0.000040
epoch:473 0.6066  0.8606  0.8606  0.7000  0.8000  0.5250  0.5250  0.6500  0.6500  0.7000  0.8000  0.5250  0.1722  0.000040
epoch:474 0.6316  0.8606  0.8606  0.7000  0.8000  0.5500  0.5500  0.6750  0.6750  0.7000  0.8000  0.5500  0.1737  0.000040
epoch:475 0.6316  0.8606  0.8606  0.7000  0.8000  0.5500  0.5500  0.6750  0.6750  0.7000  0.8000  0.5500  0.1734  0.000040
epoch:476 0.5816  0.8606  0.8606  0.7000  0.8000  0.5000  0.5000  0.6250  0.6250  0.7000  0.8000  0.5000  0.1731  0.000040
epoch:477 0.6066  0.8606  0.8606  0.7000  0.8000  0.5250  0.5250  0.6500  0.6500  0.7000  0.8000  0.5250  0.1713  0.000040
epoch:478 0.6316  0.8606  0.8606  0.7000  0.8000  0.5500  0.5500  0.6750  0.6750  0.7000  0.8000  0.5500  0.1724  0.000040
epoch:479 0.5816  0.8606  0.8606  0.7000  0.8000  0.5000  0.5000  0.6250  0.6250  0.7000  0.8000  0.5000  0.1715  0.000040
epoch:480 0.6066  0.8606  0.6106  0.7000  0.8000  0.5250  0.5250  0.6500  0.6500  0.7000  0.8000  0.5250  0.1708  0.000040
epoch:481 0.6066  0.8606  0.8606  0.7000  0.8000  0.5250  0.5250  0.6500  0.6500  0.7000  0.8000  0.5250  0.1710  0.000040
epoch:482 0.6316  0.8606  0.8606  0.7000  0.8000  0.5500  0.5500  0.6750  0.6750  0.7000  0.8000  0.5500  0.1733  0.000040
epoch:483 0.6066  0.8606  0.8606  0.7000  0.8000  0.5250  0.5250  0.6500  0.6500  0.7000  0.8000  0.5250  0.1733  0.000040
epoch:484 0.5691  0.8606  0.6106  0.7000  0.6000  0.5000  0.5000  0.6083  0.6083  0.7000  0.6000  0.5000  0.1718  0.000040
epoch:485 0.5816  0.8606  0.8606  0.7000  0.8000  0.5000  0.5000  0.6250  0.6250  0.7000  0.8000  0.5000  0.1718  0.000040
epoch:486 0.6316  0.8606  0.8606  0.7000  0.8000  0.5500  0.5500  0.6750  0.6750  0.7000  0.8000  0.5500  0.1705  0.000040
epoch:487 0.6024  0.8606  0.6106  0.7000  0.7000  0.5250  0.5250  0.6417  0.6417  0.7000  0.7000  0.5250  0.1721  0.000040
epoch:488 0.6316  0.8606  0.8606  0.7000  0.8000  0.5500  0.5500  0.6750  0.6750  0.7000  0.8000  0.5500  0.1705  0.000040
epoch:489 0.6316  0.8606  0.8606  0.7000  0.8000  0.5500  0.5500  0.6750  0.6750  0.7000  0.8000  0.5500  0.1711  0.000040
epoch:490 0.5816  0.8606  0.8606  0.7000  0.8000  0.5000  0.5000  0.6250  0.6250  0.7000  0.8000  0.5000  0.1712  0.000040
epoch:491 0.6316  0.8606  0.8606  0.7000  0.8000  0.5500  0.5500  0.6750  0.6750  0.7000  0.8000  0.5500  0.1716  0.000040
epoch:492 0.6066  0.8606  0.6106  0.7000  0.8000  0.5250  0.5250  0.6500  0.6500  0.7000  0.8000  0.5250  0.1714  0.000040
epoch:493 0.6066  0.8606  0.8606  0.7000  0.8000  0.5250  0.5250  0.6500  0.6500  0.7000  0.8000  0.5250  0.1718  0.000040
epoch:494 0.6066  0.8606  0.8606  0.7000  0.8000  0.5250  0.5250  0.6500  0.6500  0.7000  0.8000  0.5250  0.1718  0.000040
epoch:495 0.5816  0.8606  0.8606  0.7000  0.8000  0.5000  0.5000  0.6250  0.6250  0.7000  0.8000  0.5000  0.1704  0.000040
epoch:496 0.6316  0.8606  0.8606  0.7000  0.8000  0.5500  0.5500  0.6750  0.6750  0.7000  0.8000  0.5500  0.1716  0.000040
epoch:497 0.6316  0.8606  0.8606  0.7000  0.8000  0.5500  0.5500  0.6750  0.6750  0.7000  0.8000  0.5500  0.1713  0.000040
epoch:498 0.6066  0.8606  0.8606  0.7000  0.8000  0.5250  0.5250  0.6500  0.6500  0.7000  0.8000  0.5250  0.1715  0.000040
epoch:499 0.6024  0.8606  0.6106  0.7000  0.7000  0.5250  0.5250  0.6417  0.6417  0.7000  0.7000  0.5250  0.1725  0.000040
epoch:500 0.6024  0.8606  0.6106  0.7000  0.7000  0.5250  0.5250  0.6417  0.6417  0.7000  0.7000  0.5250  0.1703  0.000040
