epoch:0 0.0017  0.0167  0.0000  0.0000  0.0000  0.0017  0.0000  0.0000  0.0250  0.0000  0.0000  0.0250  2.1609  0.004000
epoch:1 0.0036  0.0192  0.0000  0.0000  0.0067  0.0038  0.0000  0.0000  0.0583  0.0000  0.1000  0.0500  1.4961  0.004000
epoch:2 0.0000  0.0000  0.0000  0.0000  0.0000  0.0000  0.0000  0.0000  0.0000  0.0000  0.0000  0.0000  1.2730  0.004000
epoch:3 0.0249  0.0829  0.0000  0.3000  0.3000  0.0000  0.0000  0.0500  0.0500  0.3000  0.3000  0.0000  1.0291  0.004000
epoch:4 0.0416  0.0829  0.0421  0.4000  0.6000  0.0000  0.0000  0.0833  0.0833  0.4000  0.6000  0.0000  0.8556  0.004000
epoch:5 0.2443  0.5136  0.2500  0.5000  0.5000  0.1750  0.1917  0.2833  0.2833  0.5000  0.5000  0.2000  0.7447  0.004000
epoch:6 0.1831  0.3606  0.0281  0.6000  0.5000  0.1250  0.1250  0.2167  0.2167  0.6000  0.5000  0.1250  0.6567  0.004000
epoch:7 0.3332  0.6386  0.3886  0.6000  0.6000  0.2500  0.3000  0.3500  0.3500  0.6000  0.6000  0.2500  0.6079  0.004000
epoch:8 0.2221  0.3886  0.2781  0.6000  0.5000  0.1500  0.1917  0.2417  0.2417  0.6000  0.5000  0.1500  0.5539  0.004000
epoch:9 0.3110  0.6386  0.3886  0.7000  0.6000  0.2250  0.2750  0.3333  0.3333  0.7000  0.6000  0.2250  0.5070  0.004000
epoch:10 0.2582  0.6386  0.1386  0.6000  0.6000  0.1750  0.2250  0.2750  0.2750  0.6000  0.6000  0.1750  0.4701  0.004000
epoch:11 0.2610  0.6386  0.3886  0.7000  0.6000  0.1750  0.2250  0.2833  0.2833  0.7000  0.6000  0.1750  0.4574  0.004000
epoch:12 0.2609  0.6106  0.2781  0.7000  0.5000  0.2000  0.2000  0.3000  0.3000  0.7000  0.5000  0.2000  0.4235  0.004000
epoch:13 0.2916  0.6386  0.3886  0.6000  0.7000  0.2000  0.2583  0.3083  0.3083  0.6000  0.7000  0.2000  0.4028  0.004000
epoch:14 0.2941  0.6106  0.3606  0.7000  0.6000  0.2250  0.2250  0.3333  0.3333  0.7000  0.6000  0.2250  0.3868  0.004000
epoch:15 0.2720  0.3886  0.3886  0.7000  0.7000  0.1750  0.2333  0.2917  0.2917  0.7000  0.7000  0.1750  0.3687  0.004000
epoch:16 0.2524  0.3606  0.3606  0.7000  0.7000  0.1750  0.1750  0.2917  0.2917  0.7000  0.7000  0.1750  0.3360  0.000400
epoch:17 0.2720  0.3886  0.3886  0.7000  0.7000  0.1750  0.2333  0.2917  0.2917  0.7000  0.7000  0.1750  0.3186  0.000400
epoch:18 0.2720  0.3886  0.3886  0.7000  0.7000  0.1750  0.2333  0.2917  0.2917  0.7000  0.7000  0.1750  0.3151  0.000400
epoch:19 0.2610  0.3886  0.3886  0.7000  0.6000  0.1750  0.2250  0.2833  0.2833  0.7000  0.6000  0.1750  0.3137  0.000400
epoch:20 0.2720  0.3886  0.3886  0.7000  0.7000  0.1750  0.2333  0.2917  0.2917  0.7000  0.7000  0.1750  0.3127  0.000400
epoch:21 0.2610  0.3886  0.3886  0.7000  0.6000  0.1750  0.2250  0.2833  0.2833  0.7000  0.6000  0.1750  0.3052  0.000400
epoch:22 0.2720  0.3886  0.3886  0.7000  0.7000  0.1750  0.2333  0.2917  0.2917  0.7000  0.7000  0.1750  0.3066  0.000040
epoch:23 0.2610  0.3886  0.3886  0.7000  0.6000  0.1750  0.2250  0.2833  0.2833  0.7000  0.6000  0.1750  0.3038  0.000040
epoch:24 0.2720  0.3886  0.3886  0.7000  0.7000  0.1750  0.2333  0.2917  0.2917  0.7000  0.7000  0.1750  0.3011  0.000040
epoch:25 0.2610  0.3886  0.3886  0.7000  0.6000  0.1750  0.2250  0.2833  0.2833  0.7000  0.6000  0.1750  0.3014  0.000040
epoch:26 0.2610  0.3886  0.3886  0.7000  0.6000  0.1750  0.2250  0.2833  0.2833  0.7000  0.6000  0.1750  0.3043  0.000040
epoch:27 0.2610  0.3886  0.3886  0.7000  0.6000  0.1750  0.2250  0.2833  0.2833  0.7000  0.6000  0.1750  0.3034  0.000040
epoch:28 0.2610  0.3886  0.3886  0.7000  0.6000  0.1750  0.2250  0.2833  0.2833  0.7000  0.6000  0.1750  0.3006  0.000040
epoch:29 0.2720  0.3886  0.3886  0.7000  0.7000  0.1750  0.2333  0.2917  0.2917  0.7000  0.7000  0.1750  0.2985  0.000040
epoch:30 0.2720  0.3886  0.3886  0.7000  0.7000  0.1750  0.2333  0.2917  0.2917  0.7000  0.7000  0.1750  0.3005  0.000040
epoch:31 0.2610  0.3886  0.3886  0.7000  0.6000  0.1750  0.2250  0.2833  0.2833  0.7000  0.6000  0.1750  0.2988  0.000040
epoch:32 0.2610  0.3886  0.3886  0.7000  0.6000  0.1750  0.2250  0.2833  0.2833  0.7000  0.6000  0.1750  0.3028  0.000040
epoch:33 0.2610  0.3886  0.3886  0.7000  0.6000  0.1750  0.2250  0.2833  0.2833  0.7000  0.6000  0.1750  0.3022  0.000040
epoch:34 0.2610  0.3886  0.3886  0.7000  0.6000  0.1750  0.2250  0.2833  0.2833  0.7000  0.6000  0.1750  0.2990  0.000040
epoch:35 0.2610  0.3886  0.3886  0.7000  0.6000  0.1750  0.2250  0.2833  0.2833  0.7000  0.6000  0.1750  0.2992  0.000040
epoch:36 0.2610  0.3886  0.3886  0.7000  0.6000  0.1750  0.2250  0.2833  0.2833  0.7000  0.6000  0.1750  0.3014  0.000040
epoch:37 0.2610  0.3886  0.3886  0.7000  0.6000  0.1750  0.2250  0.2833  0.2833  0.7000  0.6000  0.1750  0.2938  0.000040
epoch:38 0.2610  0.3886  0.3886  0.7000  0.6000  0.1750  0.2250  0.2833  0.2833  0.7000  0.6000  0.1750  0.2998  0.000040
epoch:39 0.2610  0.3886  0.3886  0.7000  0.6000  0.1750  0.2250  0.2833  0.2833  0.7000  0.6000  0.1750  0.2980  0.000040
epoch:40 0.2610  0.3886  0.3886  0.7000  0.6000  0.1750  0.2250  0.2833  0.2833  0.7000  0.6000  0.1750  0.2999  0.000040
epoch:41 0.2610  0.3886  0.3886  0.7000  0.6000  0.1750  0.2250  0.2833  0.2833  0.7000  0.6000  0.1750  0.2986  0.000040
epoch:42 0.2720  0.3886  0.3886  0.7000  0.7000  0.1750  0.2333  0.2917  0.2917  0.7000  0.7000  0.1750  0.2978  0.000040
epoch:43 0.2610  0.3886  0.3886  0.7000  0.6000  0.1750  0.2250  0.2833  0.2833  0.7000  0.6000  0.1750  0.2980  0.000040
epoch:44 0.2610  0.3886  0.3886  0.7000  0.6000  0.1750  0.2250  0.2833  0.2833  0.7000  0.6000  0.1750  0.2952  0.000040
epoch:45 0.2610  0.3886  0.3886  0.7000  0.6000  0.1750  0.2250  0.2833  0.2833  0.7000  0.6000  0.1750  0.2970  0.000040
epoch:46 0.2610  0.3886  0.3886  0.7000  0.6000  0.1750  0.2250  0.2833  0.2833  0.7000  0.6000  0.1750  0.2987  0.000040
epoch:47 0.2610  0.3886  0.3886  0.7000  0.6000  0.1750  0.2250  0.2833  0.2833  0.7000  0.6000  0.1750  0.2981  0.000040
epoch:48 0.2610  0.3886  0.3886  0.7000  0.6000  0.1750  0.2250  0.2833  0.2833  0.7000  0.6000  0.1750  0.2987  0.000040
epoch:49 0.2610  0.3886  0.3886  0.7000  0.6000  0.1750  0.2250  0.2833  0.2833  0.7000  0.6000  0.1750  0.2958  0.000040
epoch:50 0.2720  0.3886  0.3886  0.7000  0.7000  0.1750  0.2333  0.2917  0.2917  0.7000  0.7000  0.1750  0.2940  0.000040
epoch:51 0.2610  0.3886  0.3886  0.7000  0.6000  0.1750  0.2250  0.2833  0.2833  0.7000  0.6000  0.1750  0.2956  0.000040
epoch:52 0.2610  0.3886  0.3886  0.7000  0.6000  0.1750  0.2250  0.2833  0.2833  0.7000  0.6000  0.1750  0.2929  0.000040
epoch:53 0.2720  0.3886  0.3886  0.7000  0.7000  0.1750  0.2333  0.2917  0.2917  0.7000  0.7000  0.1750  0.2943  0.000040
epoch:54 0.2720  0.3886  0.3886  0.7000  0.7000  0.1750  0.2333  0.2917  0.2917  0.7000  0.7000  0.1750  0.2966  0.000040
epoch:55 0.2610  0.3886  0.3886  0.7000  0.6000  0.1750  0.2250  0.2833  0.2833  0.7000  0.6000  0.1750  0.2940  0.000040
epoch:56 0.2610  0.3886  0.3886  0.7000  0.6000  0.1750  0.2250  0.2833  0.2833  0.7000  0.6000  0.1750  0.2955  0.000040
epoch:57 0.2610  0.3886  0.3886  0.7000  0.6000  0.1750  0.2250  0.2833  0.2833  0.7000  0.6000  0.1750  0.2963  0.000040
epoch:58 0.2610  0.3886  0.3886  0.7000  0.6000  0.1750  0.2250  0.2833  0.2833  0.7000  0.6000  0.1750  0.2961  0.000040
epoch:59 0.2610  0.3886  0.3886  0.7000  0.6000  0.1750  0.2250  0.2833  0.2833  0.7000  0.6000  0.1750  0.2919  0.000040
epoch:60 0.2610  0.3886  0.3886  0.7000  0.6000  0.1750  0.2250  0.2833  0.2833  0.7000  0.6000  0.1750  0.2954  0.000040
epoch:61 0.2610  0.3886  0.3886  0.7000  0.6000  0.1750  0.2250  0.2833  0.2833  0.7000  0.6000  0.1750  0.2982  0.000040
epoch:62 0.2610  0.3886  0.3886  0.7000  0.6000  0.1750  0.2250  0.2833  0.2833  0.7000  0.6000  0.1750  0.2950  0.000040
epoch:63 0.2720  0.3886  0.3886  0.7000  0.7000  0.1750  0.2333  0.2917  0.2917  0.7000  0.7000  0.1750  0.2932  0.000040
epoch:64 0.2610  0.3886  0.3886  0.7000  0.6000  0.1750  0.2250  0.2833  0.2833  0.7000  0.6000  0.1750  0.2951  0.000040
epoch:65 0.2610  0.3886  0.3886  0.7000  0.6000  0.1750  0.2250  0.2833  0.2833  0.7000  0.6000  0.1750  0.2931  0.000040
epoch:66 0.2720  0.3886  0.3886  0.7000  0.7000  0.1750  0.2333  0.2917  0.2917  0.7000  0.7000  0.1750  0.2950  0.000040
epoch:67 0.2610  0.3886  0.3886  0.7000  0.6000  0.1750  0.2250  0.2833  0.2833  0.7000  0.6000  0.1750  0.2923  0.000040
epoch:68 0.2610  0.3886  0.3886  0.7000  0.6000  0.1750  0.2250  0.2833  0.2833  0.7000  0.6000  0.1750  0.2937  0.000040
epoch:69 0.2582  0.3886  0.3886  0.6000  0.6000  0.1750  0.2250  0.2750  0.2750  0.6000  0.6000  0.1750  0.2940  0.000040
epoch:70 0.2720  0.3886  0.3886  0.7000  0.7000  0.1750  0.2333  0.2917  0.2917  0.7000  0.7000  0.1750  0.2928  0.000040
epoch:71 0.2610  0.3886  0.3886  0.7000  0.6000  0.1750  0.2250  0.2833  0.2833  0.7000  0.6000  0.1750  0.2905  0.000040
epoch:72 0.2610  0.3886  0.3886  0.7000  0.6000  0.1750  0.2250  0.2833  0.2833  0.7000  0.6000  0.1750  0.2895  0.000040
epoch:73 0.2720  0.3886  0.3886  0.7000  0.7000  0.1750  0.2333  0.2917  0.2917  0.7000  0.7000  0.1750  0.2936  0.000040
epoch:74 0.2610  0.3886  0.3886  0.7000  0.6000  0.1750  0.2250  0.2833  0.2833  0.7000  0.6000  0.1750  0.2940  0.000040
epoch:75 0.2610  0.3886  0.3886  0.7000  0.6000  0.1750  0.2250  0.2833  0.2833  0.7000  0.6000  0.1750  0.2962  0.000040
epoch:76 0.2610  0.3886  0.3886  0.7000  0.6000  0.1750  0.2250  0.2833  0.2833  0.7000  0.6000  0.1750  0.2912  0.000040
epoch:77 0.2720  0.3886  0.3886  0.7000  0.7000  0.1750  0.2333  0.2917  0.2917  0.7000  0.7000  0.1750  0.2899  0.000040
epoch:78 0.2610  0.3886  0.3886  0.7000  0.6000  0.1750  0.2250  0.2833  0.2833  0.7000  0.6000  0.1750  0.2904  0.000040
epoch:79 0.2720  0.3886  0.3886  0.7000  0.7000  0.1750  0.2333  0.2917  0.2917  0.7000  0.7000  0.1750  0.2882  0.000040
epoch:80 0.2610  0.3886  0.3886  0.7000  0.6000  0.1750  0.2250  0.2833  0.2833  0.7000  0.6000  0.1750  0.2922  0.000040
epoch:81 0.2610  0.3886  0.3886  0.7000  0.6000  0.1750  0.2250  0.2833  0.2833  0.7000  0.6000  0.1750  0.2905  0.000040
epoch:82 0.2610  0.3886  0.3886  0.7000  0.6000  0.1750  0.2250  0.2833  0.2833  0.7000  0.6000  0.1750  0.2917  0.000040
epoch:83 0.2610  0.3886  0.3886  0.7000  0.6000  0.1750  0.2250  0.2833  0.2833  0.7000  0.6000  0.1750  0.2902  0.000040
epoch:84 0.2610  0.3886  0.3886  0.7000  0.6000  0.1750  0.2250  0.2833  0.2833  0.7000  0.6000  0.1750  0.2903  0.000040
epoch:85 0.2610  0.3886  0.3886  0.7000  0.6000  0.1750  0.2250  0.2833  0.2833  0.7000  0.6000  0.1750  0.2898  0.000040
epoch:86 0.2610  0.3886  0.3886  0.7000  0.6000  0.1750  0.2250  0.2833  0.2833  0.7000  0.6000  0.1750  0.2894  0.000040
epoch:87 0.2610  0.3886  0.3886  0.7000  0.6000  0.1750  0.2250  0.2833  0.2833  0.7000  0.6000  0.1750  0.2903  0.000040
epoch:88 0.2610  0.3886  0.3886  0.7000  0.6000  0.1750  0.2250  0.2833  0.2833  0.7000  0.6000  0.1750  0.2923  0.000040
epoch:89 0.2610  0.3886  0.3886  0.7000  0.6000  0.1750  0.2250  0.2833  0.2833  0.7000  0.6000  0.1750  0.2908  0.000040
epoch:90 0.2720  0.3886  0.3886  0.7000  0.7000  0.1750  0.2333  0.2917  0.2917  0.7000  0.7000  0.1750  0.2895  0.000040
epoch:91 0.2610  0.3886  0.3886  0.7000  0.6000  0.1750  0.2250  0.2833  0.2833  0.7000  0.6000  0.1750  0.2885  0.000040
epoch:92 0.2720  0.3886  0.3886  0.7000  0.7000  0.1750  0.2333  0.2917  0.2917  0.7000  0.7000  0.1750  0.2889  0.000040
epoch:93 0.2610  0.3886  0.3886  0.7000  0.6000  0.1750  0.2250  0.2833  0.2833  0.7000  0.6000  0.1750  0.2866  0.000040
epoch:94 0.2720  0.3886  0.3886  0.7000  0.7000  0.1750  0.2333  0.2917  0.2917  0.7000  0.7000  0.1750  0.2908  0.000040
epoch:95 0.2720  0.3886  0.3886  0.7000  0.7000  0.1750  0.2333  0.2917  0.2917  0.7000  0.7000  0.1750  0.2903  0.000040
epoch:96 0.2610  0.3886  0.3886  0.7000  0.6000  0.1750  0.2250  0.2833  0.2833  0.7000  0.6000  0.1750  0.2915  0.000040
epoch:97 0.2610  0.3886  0.3886  0.7000  0.6000  0.1750  0.2250  0.2833  0.2833  0.7000  0.6000  0.1750  0.2875  0.000040
epoch:98 0.2610  0.3886  0.3886  0.7000  0.6000  0.1750  0.2250  0.2833  0.2833  0.7000  0.6000  0.1750  0.2848  0.000040
epoch:99 0.2720  0.3886  0.3886  0.7000  0.7000  0.1750  0.2333  0.2917  0.2917  0.7000  0.7000  0.1750  0.2869  0.000040
epoch:100 0.2610  0.3886  0.3886  0.7000  0.6000  0.1750  0.2250  0.2833  0.2833  0.7000  0.6000  0.1750  0.2842  0.000040
epoch:101 0.2610  0.3886  0.3886  0.7000  0.6000  0.1750  0.2250  0.2833  0.2833  0.7000  0.6000  0.1750  0.2884  0.000040
epoch:102 0.2610  0.3886  0.3886  0.7000  0.6000  0.1750  0.2250  0.2833  0.2833  0.7000  0.6000  0.1750  0.2886  0.000040
epoch:103 0.2610  0.3886  0.3886  0.7000  0.6000  0.1750  0.2250  0.2833  0.2833  0.7000  0.6000  0.1750  0.2863  0.000040
epoch:104 0.2610  0.3886  0.3886  0.7000  0.6000  0.1750  0.2250  0.2833  0.2833  0.7000  0.6000  0.1750  0.2894  0.000040
epoch:105 0.2610  0.3886  0.3886  0.7000  0.6000  0.1750  0.2250  0.2833  0.2833  0.7000  0.6000  0.1750  0.2872  0.000040
epoch:106 0.2610  0.3886  0.3886  0.7000  0.6000  0.1750  0.2250  0.2833  0.2833  0.7000  0.6000  0.1750  0.2847  0.000040
epoch:107 0.2720  0.3886  0.3886  0.7000  0.7000  0.1750  0.2333  0.2917  0.2917  0.7000  0.7000  0.1750  0.2877  0.000040
epoch:108 0.2610  0.3886  0.3886  0.7000  0.6000  0.1750  0.2250  0.2833  0.2833  0.7000  0.6000  0.1750  0.2876  0.000040
epoch:109 0.2610  0.3886  0.3886  0.7000  0.6000  0.1750  0.2250  0.2833  0.2833  0.7000  0.6000  0.1750  0.2871  0.000040
epoch:110 0.2610  0.3886  0.3886  0.7000  0.6000  0.1750  0.2250  0.2833  0.2833  0.7000  0.6000  0.1750  0.2874  0.000040
epoch:111 0.2610  0.3886  0.3886  0.7000  0.6000  0.1750  0.2250  0.2833  0.2833  0.7000  0.6000  0.1750  0.2853  0.000040
epoch:112 0.2610  0.3886  0.3886  0.7000  0.6000  0.1750  0.2250  0.2833  0.2833  0.7000  0.6000  0.1750  0.2856  0.000040
epoch:113 0.2610  0.3886  0.3886  0.7000  0.6000  0.1750  0.2250  0.2833  0.2833  0.7000  0.6000  0.1750  0.2851  0.000040
epoch:114 0.2610  0.3886  0.3886  0.7000  0.6000  0.1750  0.2250  0.2833  0.2833  0.7000  0.6000  0.1750  0.2835  0.000040
epoch:115 0.2610  0.3886  0.3886  0.7000  0.6000  0.1750  0.2250  0.2833  0.2833  0.7000  0.6000  0.1750  0.2861  0.000040
epoch:116 0.2610  0.3886  0.3886  0.7000  0.6000  0.1750  0.2250  0.2833  0.2833  0.7000  0.6000  0.1750  0.2848  0.000040
epoch:117 0.2610  0.3886  0.3886  0.7000  0.6000  0.1750  0.2250  0.2833  0.2833  0.7000  0.6000  0.1750  0.2850  0.000040
epoch:118 0.2610  0.3886  0.3886  0.7000  0.6000  0.1750  0.2250  0.2833  0.2833  0.7000  0.6000  0.1750  0.2830  0.000040
epoch:119 0.2610  0.3886  0.3886  0.7000  0.6000  0.1750  0.2250  0.2833  0.2833  0.7000  0.6000  0.1750  0.2852  0.000040
epoch:120 0.2610  0.3886  0.3886  0.7000  0.6000  0.1750  0.2250  0.2833  0.2833  0.7000  0.6000  0.1750  0.2809  0.000040
epoch:121 0.2610  0.3886  0.3886  0.7000  0.6000  0.1750  0.2250  0.2833  0.2833  0.7000  0.6000  0.1750  0.2821  0.000040
epoch:122 0.2610  0.3886  0.3886  0.7000  0.6000  0.1750  0.2250  0.2833  0.2833  0.7000  0.6000  0.1750  0.2849  0.000040
epoch:123 0.2610  0.3886  0.3886  0.7000  0.6000  0.1750  0.2250  0.2833  0.2833  0.7000  0.6000  0.1750  0.2838  0.000040
epoch:124 0.2610  0.3886  0.3886  0.7000  0.6000  0.1750  0.2250  0.2833  0.2833  0.7000  0.6000  0.1750  0.2830  0.000040
epoch:125 0.2720  0.3886  0.3886  0.7000  0.7000  0.1750  0.2333  0.2917  0.2917  0.7000  0.7000  0.1750  0.2819  0.000040
epoch:126 0.2720  0.3886  0.3886  0.7000  0.7000  0.1750  0.2333  0.2917  0.2917  0.7000  0.7000  0.1750  0.2822  0.000040
epoch:127 0.2610  0.3886  0.3886  0.7000  0.6000  0.1750  0.2250  0.2833  0.2833  0.7000  0.6000  0.1750  0.2820  0.000040
epoch:128 0.2610  0.3886  0.3886  0.7000  0.6000  0.1750  0.2250  0.2833  0.2833  0.7000  0.6000  0.1750  0.2845  0.000040
epoch:129 0.2610  0.3886  0.3886  0.7000  0.6000  0.1750  0.2250  0.2833  0.2833  0.7000  0.6000  0.1750  0.2810  0.000040
epoch:130 0.2610  0.3886  0.3886  0.7000  0.6000  0.1750  0.2250  0.2833  0.2833  0.7000  0.6000  0.1750  0.2834  0.000040
epoch:131 0.2610  0.3886  0.3886  0.7000  0.6000  0.1750  0.2250  0.2833  0.2833  0.7000  0.6000  0.1750  0.2825  0.000040
epoch:132 0.2720  0.3886  0.3886  0.7000  0.7000  0.1750  0.2333  0.2917  0.2917  0.7000  0.7000  0.1750  0.2834  0.000040
epoch:133 0.2610  0.3886  0.3886  0.7000  0.6000  0.1750  0.2250  0.2833  0.2833  0.7000  0.6000  0.1750  0.2869  0.000040
epoch:134 0.2610  0.3886  0.3886  0.7000  0.6000  0.1750  0.2250  0.2833  0.2833  0.7000  0.6000  0.1750  0.2809  0.000040
epoch:135 0.2610  0.3886  0.3886  0.7000  0.6000  0.1750  0.2250  0.2833  0.2833  0.7000  0.6000  0.1750  0.2796  0.000040
epoch:136 0.2610  0.3886  0.3886  0.7000  0.6000  0.1750  0.2250  0.2833  0.2833  0.7000  0.6000  0.1750  0.2826  0.000040
epoch:137 0.2610  0.3886  0.3886  0.7000  0.6000  0.1750  0.2250  0.2833  0.2833  0.7000  0.6000  0.1750  0.2805  0.000040
epoch:138 0.2610  0.3886  0.3886  0.7000  0.6000  0.1750  0.2250  0.2833  0.2833  0.7000  0.6000  0.1750  0.2823  0.000040
epoch:139 0.2610  0.3886  0.3886  0.7000  0.6000  0.1750  0.2250  0.2833  0.2833  0.7000  0.6000  0.1750  0.2830  0.000040
epoch:140 0.2720  0.3886  0.3886  0.7000  0.7000  0.1750  0.2333  0.2917  0.2917  0.7000  0.7000  0.1750  0.2787  0.000040
epoch:141 0.2720  0.3886  0.3886  0.7000  0.7000  0.1750  0.2333  0.2917  0.2917  0.7000  0.7000  0.1750  0.2806  0.000040
epoch:142 0.2610  0.3886  0.3886  0.7000  0.6000  0.1750  0.2250  0.2833  0.2833  0.7000  0.6000  0.1750  0.2798  0.000040
epoch:143 0.2610  0.3886  0.3886  0.7000  0.6000  0.1750  0.2250  0.2833  0.2833  0.7000  0.6000  0.1750  0.2798  0.000040
epoch:144 0.2610  0.3886  0.3886  0.7000  0.6000  0.1750  0.2250  0.2833  0.2833  0.7000  0.6000  0.1750  0.2826  0.000040
epoch:145 0.2610  0.3886  0.3886  0.7000  0.6000  0.1750  0.2250  0.2833  0.2833  0.7000  0.6000  0.1750  0.2775  0.000040
epoch:146 0.2720  0.3886  0.3886  0.7000  0.7000  0.1750  0.2333  0.2917  0.2917  0.7000  0.7000  0.1750  0.2808  0.000040
epoch:147 0.2610  0.3886  0.3886  0.7000  0.6000  0.1750  0.2250  0.2833  0.2833  0.7000  0.6000  0.1750  0.2791  0.000040
epoch:148 0.2720  0.3886  0.3886  0.7000  0.7000  0.1750  0.2333  0.2917  0.2917  0.7000  0.7000  0.1750  0.2799  0.000040
epoch:149 0.2610  0.3886  0.3886  0.7000  0.6000  0.1750  0.2250  0.2833  0.2833  0.7000  0.6000  0.1750  0.2808  0.000040
epoch:150 0.2610  0.3886  0.3886  0.7000  0.6000  0.1750  0.2250  0.2833  0.2833  0.7000  0.6000  0.1750  0.2782  0.000040
epoch:151 0.2610  0.3886  0.3886  0.7000  0.6000  0.1750  0.2250  0.2833  0.2833  0.7000  0.6000  0.1750  0.2787  0.000040
epoch:152 0.2720  0.3886  0.3886  0.7000  0.7000  0.1750  0.2333  0.2917  0.2917  0.7000  0.7000  0.1750  0.2770  0.000040
epoch:153 0.2720  0.3886  0.3886  0.7000  0.7000  0.1750  0.2333  0.2917  0.2917  0.7000  0.7000  0.1750  0.2793  0.000040
epoch:154 0.2720  0.3886  0.3886  0.7000  0.7000  0.1750  0.2333  0.2917  0.2917  0.7000  0.7000  0.1750  0.2776  0.000040
epoch:155 0.2610  0.3886  0.3886  0.7000  0.6000  0.1750  0.2250  0.2833  0.2833  0.7000  0.6000  0.1750  0.2779  0.000040
epoch:156 0.2720  0.3886  0.3886  0.7000  0.7000  0.1750  0.2333  0.2917  0.2917  0.7000  0.7000  0.1750  0.2788  0.000040
epoch:157 0.2720  0.3886  0.3886  0.7000  0.7000  0.1750  0.2333  0.2917  0.2917  0.7000  0.7000  0.1750  0.2790  0.000040
epoch:158 0.2610  0.3886  0.3886  0.7000  0.6000  0.1750  0.2250  0.2833  0.2833  0.7000  0.6000  0.1750  0.2779  0.000040
epoch:159 0.2610  0.3886  0.3886  0.7000  0.6000  0.1750  0.2250  0.2833  0.2833  0.7000  0.6000  0.1750  0.2782  0.000040
epoch:160 0.2610  0.3886  0.3886  0.7000  0.6000  0.1750  0.2250  0.2833  0.2833  0.7000  0.6000  0.1750  0.2762  0.000040
epoch:161 0.2610  0.3886  0.3886  0.7000  0.6000  0.1750  0.2250  0.2833  0.2833  0.7000  0.6000  0.1750  0.2781  0.000040
epoch:162 0.2610  0.3886  0.3886  0.7000  0.6000  0.1750  0.2250  0.2833  0.2833  0.7000  0.6000  0.1750  0.2779  0.000040
epoch:163 0.2610  0.3886  0.3886  0.7000  0.6000  0.1750  0.2250  0.2833  0.2833  0.7000  0.6000  0.1750  0.2771  0.000040
epoch:164 0.2860  0.6386  0.3886  0.7000  0.6000  0.2000  0.2500  0.3083  0.3083  0.7000  0.6000  0.2000  0.2764  0.000040
epoch:165 0.2610  0.3886  0.3886  0.7000  0.6000  0.1750  0.2250  0.2833  0.2833  0.7000  0.6000  0.1750  0.2778  0.000040
epoch:166 0.2720  0.3886  0.3886  0.7000  0.7000  0.1750  0.2333  0.2917  0.2917  0.7000  0.7000  0.1750  0.2764  0.000040
epoch:167 0.2720  0.3886  0.3886  0.7000  0.7000  0.1750  0.2333  0.2917  0.2917  0.7000  0.7000  0.1750  0.2766  0.000040
epoch:168 0.2610  0.3886  0.3886  0.7000  0.6000  0.1750  0.2250  0.2833  0.2833  0.7000  0.6000  0.1750  0.2777  0.000040
epoch:169 0.2610  0.3886  0.3886  0.7000  0.6000  0.1750  0.2250  0.2833  0.2833  0.7000  0.6000  0.1750  0.2789  0.000040
epoch:170 0.2610  0.3886  0.3886  0.7000  0.6000  0.1750  0.2250  0.2833  0.2833  0.7000  0.6000  0.1750  0.2767  0.000040
epoch:171 0.2720  0.3886  0.3886  0.7000  0.7000  0.1750  0.2333  0.2917  0.2917  0.7000  0.7000  0.1750  0.2717  0.000040
epoch:172 0.2610  0.3886  0.3886  0.7000  0.6000  0.1750  0.2250  0.2833  0.2833  0.7000  0.6000  0.1750  0.2758  0.000040
epoch:173 0.2610  0.3886  0.3886  0.7000  0.6000  0.1750  0.2250  0.2833  0.2833  0.7000  0.6000  0.1750  0.2739  0.000040
epoch:174 0.2610  0.3886  0.3886  0.7000  0.6000  0.1750  0.2250  0.2833  0.2833  0.7000  0.6000  0.1750  0.2757  0.000040
epoch:175 0.2610  0.3886  0.3886  0.7000  0.6000  0.1750  0.2250  0.2833  0.2833  0.7000  0.6000  0.1750  0.2760  0.000040
epoch:176 0.2610  0.3886  0.3886  0.7000  0.6000  0.1750  0.2250  0.2833  0.2833  0.7000  0.6000  0.1750  0.2725  0.000040
epoch:177 0.2720  0.3886  0.3886  0.7000  0.7000  0.1750  0.2333  0.2917  0.2917  0.7000  0.7000  0.1750  0.2704  0.000040
epoch:178 0.2610  0.3886  0.3886  0.7000  0.6000  0.1750  0.2250  0.2833  0.2833  0.7000  0.6000  0.1750  0.2769  0.000040
epoch:179 0.2610  0.3886  0.3886  0.7000  0.6000  0.1750  0.2250  0.2833  0.2833  0.7000  0.6000  0.1750  0.2734  0.000040
epoch:180 0.2610  0.3886  0.3886  0.7000  0.6000  0.1750  0.2250  0.2833  0.2833  0.7000  0.6000  0.1750  0.2752  0.000040
epoch:181 0.2610  0.3886  0.3886  0.7000  0.6000  0.1750  0.2250  0.2833  0.2833  0.7000  0.6000  0.1750  0.2758  0.000040
epoch:182 0.2720  0.3886  0.3886  0.7000  0.7000  0.1750  0.2333  0.2917  0.2917  0.7000  0.7000  0.1750  0.2762  0.000040
epoch:183 0.2720  0.3886  0.3886  0.7000  0.7000  0.1750  0.2333  0.2917  0.2917  0.7000  0.7000  0.1750  0.2729  0.000040
epoch:184 0.2610  0.3886  0.3886  0.7000  0.6000  0.1750  0.2250  0.2833  0.2833  0.7000  0.6000  0.1750  0.2727  0.000040
epoch:185 0.2610  0.3886  0.3886  0.7000  0.6000  0.1750  0.2250  0.2833  0.2833  0.7000  0.6000  0.1750  0.2768  0.000040
epoch:186 0.2610  0.3886  0.3886  0.7000  0.6000  0.1750  0.2250  0.2833  0.2833  0.7000  0.6000  0.1750  0.2738  0.000040
epoch:187 0.2610  0.3886  0.3886  0.7000  0.6000  0.1750  0.2250  0.2833  0.2833  0.7000  0.6000  0.1750  0.2732  0.000040
epoch:188 0.2610  0.3886  0.3886  0.7000  0.6000  0.1750  0.2250  0.2833  0.2833  0.7000  0.6000  0.1750  0.2759  0.000040
epoch:189 0.2610  0.3886  0.3886  0.7000  0.6000  0.1750  0.2250  0.2833  0.2833  0.7000  0.6000  0.1750  0.2745  0.000040
epoch:190 0.2610  0.3886  0.3886  0.7000  0.6000  0.1750  0.2250  0.2833  0.2833  0.7000  0.6000  0.1750  0.2719  0.000040
epoch:191 0.2610  0.3886  0.3886  0.7000  0.6000  0.1750  0.2250  0.2833  0.2833  0.7000  0.6000  0.1750  0.2751  0.000040
epoch:192 0.2610  0.3886  0.3886  0.7000  0.6000  0.1750  0.2250  0.2833  0.2833  0.7000  0.6000  0.1750  0.2701  0.000040
epoch:193 0.2610  0.3886  0.3886  0.7000  0.6000  0.1750  0.2250  0.2833  0.2833  0.7000  0.6000  0.1750  0.2726  0.000040
epoch:194 0.2610  0.3886  0.3886  0.7000  0.6000  0.1750  0.2250  0.2833  0.2833  0.7000  0.6000  0.1750  0.2741  0.000040
epoch:195 0.2610  0.3886  0.3886  0.7000  0.6000  0.1750  0.2250  0.2833  0.2833  0.7000  0.6000  0.1750  0.2772  0.000040
epoch:196 0.2610  0.3886  0.3886  0.7000  0.6000  0.1750  0.2250  0.2833  0.2833  0.7000  0.6000  0.1750  0.2710  0.000040
epoch:197 0.2610  0.3886  0.3886  0.7000  0.6000  0.1750  0.2250  0.2833  0.2833  0.7000  0.6000  0.1750  0.2723  0.000040
epoch:198 0.2610  0.3886  0.3886  0.7000  0.6000  0.1750  0.2250  0.2833  0.2833  0.7000  0.6000  0.1750  0.2723  0.000040
epoch:199 0.2610  0.3886  0.3886  0.7000  0.6000  0.1750  0.2250  0.2833  0.2833  0.7000  0.6000  0.1750  0.2712  0.000040
epoch:200 0.2720  0.3886  0.3886  0.7000  0.7000  0.1750  0.2333  0.2917  0.2917  0.7000  0.7000  0.1750  0.2727  0.000040
epoch:201 0.2610  0.3886  0.3886  0.7000  0.6000  0.1750  0.2250  0.2833  0.2833  0.7000  0.6000  0.1750  0.2736  0.000040
epoch:202 0.2610  0.3886  0.3886  0.7000  0.6000  0.1750  0.2250  0.2833  0.2833  0.7000  0.6000  0.1750  0.2693  0.000040
epoch:203 0.2610  0.3886  0.3886  0.7000  0.6000  0.1750  0.2250  0.2833  0.2833  0.7000  0.6000  0.1750  0.2708  0.000040
epoch:204 0.2610  0.3886  0.3886  0.7000  0.6000  0.1750  0.2250  0.2833  0.2833  0.7000  0.6000  0.1750  0.2708  0.000040
epoch:205 0.2610  0.3886  0.3886  0.7000  0.6000  0.1750  0.2250  0.2833  0.2833  0.7000  0.6000  0.1750  0.2745  0.000040
epoch:206 0.2610  0.3886  0.3886  0.7000  0.6000  0.1750  0.2250  0.2833  0.2833  0.7000  0.6000  0.1750  0.2718  0.000040
epoch:207 0.2610  0.3886  0.3886  0.7000  0.6000  0.1750  0.2250  0.2833  0.2833  0.7000  0.6000  0.1750  0.2715  0.000040
epoch:208 0.2610  0.3886  0.3886  0.7000  0.6000  0.1750  0.2250  0.2833  0.2833  0.7000  0.6000  0.1750  0.2744  0.000040
epoch:209 0.2610  0.3886  0.3886  0.7000  0.6000  0.1750  0.2250  0.2833  0.2833  0.7000  0.6000  0.1750  0.2694  0.000040
epoch:210 0.2610  0.3886  0.3886  0.7000  0.6000  0.1750  0.2250  0.2833  0.2833  0.7000  0.6000  0.1750  0.2718  0.000040
epoch:211 0.2610  0.3886  0.3886  0.7000  0.6000  0.1750  0.2250  0.2833  0.2833  0.7000  0.6000  0.1750  0.2687  0.000040
epoch:212 0.2610  0.3886  0.3886  0.7000  0.6000  0.1750  0.2250  0.2833  0.2833  0.7000  0.6000  0.1750  0.2702  0.000040
epoch:213 0.2610  0.3886  0.3886  0.7000  0.6000  0.1750  0.2250  0.2833  0.2833  0.7000  0.6000  0.1750  0.2708  0.000040
epoch:214 0.2720  0.3886  0.3886  0.7000  0.7000  0.1750  0.2333  0.2917  0.2917  0.7000  0.7000  0.1750  0.2691  0.000040
epoch:215 0.2610  0.3886  0.3886  0.7000  0.6000  0.1750  0.2250  0.2833  0.2833  0.7000  0.6000  0.1750  0.2683  0.000040
epoch:216 0.2610  0.3886  0.3886  0.7000  0.6000  0.1750  0.2250  0.2833  0.2833  0.7000  0.6000  0.1750  0.2727  0.000040
epoch:217 0.2720  0.3886  0.3886  0.7000  0.7000  0.1750  0.2333  0.2917  0.2917  0.7000  0.7000  0.1750  0.2728  0.000040
epoch:218 0.2720  0.3886  0.3886  0.7000  0.7000  0.1750  0.2333  0.2917  0.2917  0.7000  0.7000  0.1750  0.2711  0.000040
epoch:219 0.2610  0.3886  0.3886  0.7000  0.6000  0.1750  0.2250  0.2833  0.2833  0.7000  0.6000  0.1750  0.2707  0.000040
epoch:220 0.2720  0.3886  0.3886  0.7000  0.7000  0.1750  0.2333  0.2917  0.2917  0.7000  0.7000  0.1750  0.2682  0.000040
epoch:221 0.2610  0.3886  0.3886  0.7000  0.6000  0.1750  0.2250  0.2833  0.2833  0.7000  0.6000  0.1750  0.2714  0.000040
epoch:222 0.2610  0.3886  0.3886  0.7000  0.6000  0.1750  0.2250  0.2833  0.2833  0.7000  0.6000  0.1750  0.2688  0.000040
epoch:223 0.2720  0.3886  0.3886  0.7000  0.7000  0.1750  0.2333  0.2917  0.2917  0.7000  0.7000  0.1750  0.2657  0.000040
epoch:224 0.2720  0.3886  0.3886  0.7000  0.7000  0.1750  0.2333  0.2917  0.2917  0.7000  0.7000  0.1750  0.2683  0.000040
epoch:225 0.2610  0.3886  0.3886  0.7000  0.6000  0.1750  0.2250  0.2833  0.2833  0.7000  0.6000  0.1750  0.2687  0.000040
epoch:226 0.2610  0.3886  0.3886  0.7000  0.6000  0.1750  0.2250  0.2833  0.2833  0.7000  0.6000  0.1750  0.2685  0.000040
epoch:227 0.2610  0.3886  0.3886  0.7000  0.6000  0.1750  0.2250  0.2833  0.2833  0.7000  0.6000  0.1750  0.2662  0.000040
epoch:228 0.2610  0.3886  0.3886  0.7000  0.6000  0.1750  0.2250  0.2833  0.2833  0.7000  0.6000  0.1750  0.2699  0.000040
epoch:229 0.2610  0.3886  0.3886  0.7000  0.6000  0.1750  0.2250  0.2833  0.2833  0.7000  0.6000  0.1750  0.2694  0.000040
epoch:230 0.2720  0.3886  0.3886  0.7000  0.7000  0.1750  0.2333  0.2917  0.2917  0.7000  0.7000  0.1750  0.2679  0.000040
epoch:231 0.2720  0.3886  0.3886  0.7000  0.7000  0.1750  0.2333  0.2917  0.2917  0.7000  0.7000  0.1750  0.2669  0.000040
epoch:232 0.2610  0.3886  0.3886  0.7000  0.6000  0.1750  0.2250  0.2833  0.2833  0.7000  0.6000  0.1750  0.2686  0.000040
epoch:233 0.2610  0.3886  0.3886  0.7000  0.6000  0.1750  0.2250  0.2833  0.2833  0.7000  0.6000  0.1750  0.2674  0.000040
epoch:234 0.2720  0.3886  0.3886  0.7000  0.7000  0.1750  0.2333  0.2917  0.2917  0.7000  0.7000  0.1750  0.2671  0.000040
epoch:235 0.2720  0.3886  0.3886  0.7000  0.7000  0.1750  0.2333  0.2917  0.2917  0.7000  0.7000  0.1750  0.2688  0.000040
epoch:236 0.2610  0.3886  0.3886  0.7000  0.6000  0.1750  0.2250  0.2833  0.2833  0.7000  0.6000  0.1750  0.2676  0.000040
epoch:237 0.2610  0.3886  0.3886  0.7000  0.6000  0.1750  0.2250  0.2833  0.2833  0.7000  0.6000  0.1750  0.2661  0.000040
epoch:238 0.2610  0.3886  0.3886  0.7000  0.6000  0.1750  0.2250  0.2833  0.2833  0.7000  0.6000  0.1750  0.2655  0.000040
epoch:239 0.2720  0.3886  0.3886  0.7000  0.7000  0.1750  0.2333  0.2917  0.2917  0.7000  0.7000  0.1750  0.2659  0.000040
epoch:240 0.2610  0.3886  0.3886  0.7000  0.6000  0.1750  0.2250  0.2833  0.2833  0.7000  0.6000  0.1750  0.2664  0.000040
epoch:241 0.2610  0.3886  0.3886  0.7000  0.6000  0.1750  0.2250  0.2833  0.2833  0.7000  0.6000  0.1750  0.2697  0.000040
epoch:242 0.2610  0.3886  0.3886  0.7000  0.6000  0.1750  0.2250  0.2833  0.2833  0.7000  0.6000  0.1750  0.2638  0.000040
epoch:243 0.2610  0.3886  0.3886  0.7000  0.6000  0.1750  0.2250  0.2833  0.2833  0.7000  0.6000  0.1750  0.2676  0.000040
epoch:244 0.2720  0.3886  0.3886  0.7000  0.7000  0.1750  0.2333  0.2917  0.2917  0.7000  0.7000  0.1750  0.2671  0.000040
epoch:245 0.2720  0.3886  0.3886  0.7000  0.7000  0.1750  0.2333  0.2917  0.2917  0.7000  0.7000  0.1750  0.2676  0.000040
epoch:246 0.2610  0.3886  0.3886  0.7000  0.6000  0.1750  0.2250  0.2833  0.2833  0.7000  0.6000  0.1750  0.2670  0.000040
epoch:247 0.2720  0.3886  0.3886  0.7000  0.7000  0.1750  0.2333  0.2917  0.2917  0.7000  0.7000  0.1750  0.2671  0.000040
epoch:248 0.2610  0.3886  0.3886  0.7000  0.6000  0.1750  0.2250  0.2833  0.2833  0.7000  0.6000  0.1750  0.2663  0.000040
epoch:249 0.2720  0.3886  0.3886  0.7000  0.7000  0.1750  0.2333  0.2917  0.2917  0.7000  0.7000  0.1750  0.2667  0.000040
epoch:250 0.2610  0.3886  0.3886  0.7000  0.6000  0.1750  0.2250  0.2833  0.2833  0.7000  0.6000  0.1750  0.2665  0.000040
epoch:251 0.2720  0.3886  0.3886  0.7000  0.7000  0.1750  0.2333  0.2917  0.2917  0.7000  0.7000  0.1750  0.2672  0.000040
epoch:252 0.2610  0.3886  0.3886  0.7000  0.6000  0.1750  0.2250  0.2833  0.2833  0.7000  0.6000  0.1750  0.2652  0.000040
epoch:253 0.2860  0.6386  0.3886  0.7000  0.6000  0.2000  0.2500  0.3083  0.3083  0.7000  0.6000  0.2000  0.2655  0.000040
epoch:254 0.2720  0.3886  0.3886  0.7000  0.7000  0.1750  0.2333  0.2917  0.2917  0.7000  0.7000  0.1750  0.2621  0.000040
epoch:255 0.2720  0.3886  0.3886  0.7000  0.7000  0.1750  0.2333  0.2917  0.2917  0.7000  0.7000  0.1750  0.2661  0.000040
epoch:256 0.2610  0.3886  0.3886  0.7000  0.6000  0.1750  0.2250  0.2833  0.2833  0.7000  0.6000  0.1750  0.2634  0.000040
epoch:257 0.2610  0.3886  0.3886  0.7000  0.6000  0.1750  0.2250  0.2833  0.2833  0.7000  0.6000  0.1750  0.2629  0.000040
epoch:258 0.2610  0.3886  0.3886  0.7000  0.6000  0.1750  0.2250  0.2833  0.2833  0.7000  0.6000  0.1750  0.2635  0.000040
epoch:259 0.2610  0.3886  0.3886  0.7000  0.6000  0.1750  0.2250  0.2833  0.2833  0.7000  0.6000  0.1750  0.2647  0.000040
epoch:260 0.2720  0.3886  0.3886  0.7000  0.7000  0.1750  0.2333  0.2917  0.2917  0.7000  0.7000  0.1750  0.2672  0.000040
epoch:261 0.2610  0.3886  0.3886  0.7000  0.6000  0.1750  0.2250  0.2833  0.2833  0.7000  0.6000  0.1750  0.2652  0.000040
epoch:262 0.2720  0.3886  0.3886  0.7000  0.7000  0.1750  0.2333  0.2917  0.2917  0.7000  0.7000  0.1750  0.2631  0.000040
epoch:263 0.2720  0.3886  0.3886  0.7000  0.7000  0.1750  0.2333  0.2917  0.2917  0.7000  0.7000  0.1750  0.2628  0.000040
epoch:264 0.2610  0.3886  0.3886  0.7000  0.6000  0.1750  0.2250  0.2833  0.2833  0.7000  0.6000  0.1750  0.2636  0.000040
epoch:265 0.2720  0.3886  0.3886  0.7000  0.7000  0.1750  0.2333  0.2917  0.2917  0.7000  0.7000  0.1750  0.2627  0.000040
epoch:266 0.2610  0.3886  0.3886  0.7000  0.6000  0.1750  0.2250  0.2833  0.2833  0.7000  0.6000  0.1750  0.2650  0.000040
epoch:267 0.2720  0.3886  0.3886  0.7000  0.7000  0.1750  0.2333  0.2917  0.2917  0.7000  0.7000  0.1750  0.2630  0.000040
epoch:268 0.2610  0.3886  0.3886  0.7000  0.6000  0.1750  0.2250  0.2833  0.2833  0.7000  0.6000  0.1750  0.2620  0.000040
epoch:269 0.2610  0.3886  0.3886  0.7000  0.6000  0.1750  0.2250  0.2833  0.2833  0.7000  0.6000  0.1750  0.2650  0.000040
epoch:270 0.2610  0.3886  0.3886  0.7000  0.6000  0.1750  0.2250  0.2833  0.2833  0.7000  0.6000  0.1750  0.2604  0.000040
epoch:271 0.2720  0.3886  0.3886  0.7000  0.7000  0.1750  0.2333  0.2917  0.2917  0.7000  0.7000  0.1750  0.2613  0.000040
epoch:272 0.2610  0.3886  0.3886  0.7000  0.6000  0.1750  0.2250  0.2833  0.2833  0.7000  0.6000  0.1750  0.2590  0.000040
epoch:273 0.2720  0.3886  0.3886  0.7000  0.7000  0.1750  0.2333  0.2917  0.2917  0.7000  0.7000  0.1750  0.2649  0.000040
epoch:274 0.2720  0.3886  0.3886  0.7000  0.7000  0.1750  0.2333  0.2917  0.2917  0.7000  0.7000  0.1750  0.2612  0.000040
epoch:275 0.2610  0.3886  0.3886  0.7000  0.6000  0.1750  0.2250  0.2833  0.2833  0.7000  0.6000  0.1750  0.2660  0.000040
epoch:276 0.2610  0.3886  0.3886  0.7000  0.6000  0.1750  0.2250  0.2833  0.2833  0.7000  0.6000  0.1750  0.2642  0.000040
epoch:277 0.2610  0.3886  0.3886  0.7000  0.6000  0.1750  0.2250  0.2833  0.2833  0.7000  0.6000  0.1750  0.2607  0.000040
epoch:278 0.2720  0.3886  0.3886  0.7000  0.7000  0.1750  0.2333  0.2917  0.2917  0.7000  0.7000  0.1750  0.2593  0.000040
epoch:279 0.2610  0.3886  0.3886  0.7000  0.6000  0.1750  0.2250  0.2833  0.2833  0.7000  0.6000  0.1750  0.2600  0.000040
epoch:280 0.2720  0.3886  0.3886  0.7000  0.7000  0.1750  0.2333  0.2917  0.2917  0.7000  0.7000  0.1750  0.2614  0.000040
epoch:281 0.2720  0.3886  0.3886  0.7000  0.7000  0.1750  0.2333  0.2917  0.2917  0.7000  0.7000  0.1750  0.2613  0.000040
epoch:282 0.2720  0.3886  0.3886  0.7000  0.7000  0.1750  0.2333  0.2917  0.2917  0.7000  0.7000  0.1750  0.2621  0.000040
epoch:283 0.2610  0.3886  0.3886  0.7000  0.6000  0.1750  0.2250  0.2833  0.2833  0.7000  0.6000  0.1750  0.2667  0.000040
epoch:284 0.2720  0.3886  0.3886  0.7000  0.7000  0.1750  0.2333  0.2917  0.2917  0.7000  0.7000  0.1750  0.2619  0.000040
epoch:285 0.2720  0.3886  0.3886  0.7000  0.7000  0.1750  0.2333  0.2917  0.2917  0.7000  0.7000  0.1750  0.2583  0.000040
epoch:286 0.2610  0.3886  0.3886  0.7000  0.6000  0.1750  0.2250  0.2833  0.2833  0.7000  0.6000  0.1750  0.2624  0.000040
epoch:287 0.2610  0.3886  0.3886  0.7000  0.6000  0.1750  0.2250  0.2833  0.2833  0.7000  0.6000  0.1750  0.2648  0.000040
epoch:288 0.2610  0.3886  0.3886  0.7000  0.6000  0.1750  0.2250  0.2833  0.2833  0.7000  0.6000  0.1750  0.2615  0.000040
epoch:289 0.2610  0.3886  0.3886  0.7000  0.6000  0.1750  0.2250  0.2833  0.2833  0.7000  0.6000  0.1750  0.2639  0.000040
epoch:290 0.2610  0.3886  0.3886  0.7000  0.6000  0.1750  0.2250  0.2833  0.2833  0.7000  0.6000  0.1750  0.2632  0.000040
epoch:291 0.2720  0.3886  0.3886  0.7000  0.7000  0.1750  0.2333  0.2917  0.2917  0.7000  0.7000  0.1750  0.2587  0.000040
epoch:292 0.2610  0.3886  0.3886  0.7000  0.6000  0.1750  0.2250  0.2833  0.2833  0.7000  0.6000  0.1750  0.2607  0.000040
epoch:293 0.2610  0.3886  0.3886  0.7000  0.6000  0.1750  0.2250  0.2833  0.2833  0.7000  0.6000  0.1750  0.2600  0.000040
epoch:294 0.2610  0.3886  0.3886  0.7000  0.6000  0.1750  0.2250  0.2833  0.2833  0.7000  0.6000  0.1750  0.2585  0.000040
epoch:295 0.2610  0.3886  0.3886  0.7000  0.6000  0.1750  0.2250  0.2833  0.2833  0.7000  0.6000  0.1750  0.2609  0.000040
epoch:296 0.2720  0.3886  0.3886  0.7000  0.7000  0.1750  0.2333  0.2917  0.2917  0.7000  0.7000  0.1750  0.2583  0.000040
epoch:297 0.2610  0.3886  0.3886  0.7000  0.6000  0.1750  0.2250  0.2833  0.2833  0.7000  0.6000  0.1750  0.2583  0.000040
epoch:298 0.2720  0.3886  0.3886  0.7000  0.7000  0.1750  0.2333  0.2917  0.2917  0.7000  0.7000  0.1750  0.2585  0.000040
epoch:299 0.2610  0.3886  0.3886  0.7000  0.6000  0.1750  0.2250  0.2833  0.2833  0.7000  0.6000  0.1750  0.2605  0.000040
epoch:300 0.2610  0.3886  0.3886  0.7000  0.6000  0.1750  0.2250  0.2833  0.2833  0.7000  0.6000  0.1750  0.2620  0.000040
epoch:301 0.2720  0.3886  0.3886  0.7000  0.7000  0.1750  0.2333  0.2917  0.2917  0.7000  0.7000  0.1750  0.2627  0.000040
epoch:302 0.2610  0.3886  0.3886  0.7000  0.6000  0.1750  0.2250  0.2833  0.2833  0.7000  0.6000  0.1750  0.2619  0.000040
epoch:303 0.2610  0.3886  0.3886  0.7000  0.6000  0.1750  0.2250  0.2833  0.2833  0.7000  0.6000  0.1750  0.2595  0.000040
epoch:304 0.2610  0.3886  0.3886  0.7000  0.6000  0.1750  0.2250  0.2833  0.2833  0.7000  0.6000  0.1750  0.2591  0.000040
epoch:305 0.2720  0.3886  0.3886  0.7000  0.7000  0.1750  0.2333  0.2917  0.2917  0.7000  0.7000  0.1750  0.2576  0.000040
epoch:306 0.2610  0.3886  0.3886  0.7000  0.6000  0.1750  0.2250  0.2833  0.2833  0.7000  0.6000  0.1750  0.2599  0.000040
epoch:307 0.2610  0.3886  0.3886  0.7000  0.6000  0.1750  0.2250  0.2833  0.2833  0.7000  0.6000  0.1750  0.2553  0.000040
epoch:308 0.2720  0.3886  0.3886  0.7000  0.7000  0.1750  0.2333  0.2917  0.2917  0.7000  0.7000  0.1750  0.2570  0.000040
epoch:309 0.2610  0.3886  0.3886  0.7000  0.6000  0.1750  0.2250  0.2833  0.2833  0.7000  0.6000  0.1750  0.2587  0.000040
epoch:310 0.2610  0.3886  0.3886  0.7000  0.6000  0.1750  0.2250  0.2833  0.2833  0.7000  0.6000  0.1750  0.2560  0.000040
epoch:311 0.2610  0.3886  0.3886  0.7000  0.6000  0.1750  0.2250  0.2833  0.2833  0.7000  0.6000  0.1750  0.2594  0.000040
epoch:312 0.2610  0.3886  0.3886  0.7000  0.6000  0.1750  0.2250  0.2833  0.2833  0.7000  0.6000  0.1750  0.2611  0.000040
epoch:313 0.2610  0.3886  0.3886  0.7000  0.6000  0.1750  0.2250  0.2833  0.2833  0.7000  0.6000  0.1750  0.2592  0.000040
epoch:314 0.2610  0.3886  0.3886  0.7000  0.6000  0.1750  0.2250  0.2833  0.2833  0.7000  0.6000  0.1750  0.2564  0.000040
epoch:315 0.2610  0.3886  0.3886  0.7000  0.6000  0.1750  0.2250  0.2833  0.2833  0.7000  0.6000  0.1750  0.2582  0.000040
epoch:316 0.2610  0.3886  0.3886  0.7000  0.6000  0.1750  0.2250  0.2833  0.2833  0.7000  0.6000  0.1750  0.2578  0.000040
epoch:317 0.2610  0.3886  0.3886  0.7000  0.6000  0.1750  0.2250  0.2833  0.2833  0.7000  0.6000  0.1750  0.2573  0.000040
epoch:318 0.2610  0.3886  0.3886  0.7000  0.6000  0.1750  0.2250  0.2833  0.2833  0.7000  0.6000  0.1750  0.2586  0.000040
epoch:319 0.2720  0.3886  0.3886  0.7000  0.7000  0.1750  0.2333  0.2917  0.2917  0.7000  0.7000  0.1750  0.2550  0.000040
epoch:320 0.2720  0.3886  0.3886  0.7000  0.7000  0.1750  0.2333  0.2917  0.2917  0.7000  0.7000  0.1750  0.2592  0.000040
epoch:321 0.2610  0.3886  0.3886  0.7000  0.6000  0.1750  0.2250  0.2833  0.2833  0.7000  0.6000  0.1750  0.2537  0.000040
epoch:322 0.2610  0.3886  0.3886  0.7000  0.6000  0.1750  0.2250  0.2833  0.2833  0.7000  0.6000  0.1750  0.2578  0.000040
epoch:323 0.2720  0.3886  0.3886  0.7000  0.7000  0.1750  0.2333  0.2917  0.2917  0.7000  0.7000  0.1750  0.2554  0.000040
epoch:324 0.2720  0.3886  0.3886  0.7000  0.7000  0.1750  0.2333  0.2917  0.2917  0.7000  0.7000  0.1750  0.2584  0.000040
epoch:325 0.2610  0.3886  0.3886  0.7000  0.6000  0.1750  0.2250  0.2833  0.2833  0.7000  0.6000  0.1750  0.2591  0.000040
epoch:326 0.2720  0.3886  0.3886  0.7000  0.7000  0.1750  0.2333  0.2917  0.2917  0.7000  0.7000  0.1750  0.2571  0.000040
epoch:327 0.2610  0.3886  0.3886  0.7000  0.6000  0.1750  0.2250  0.2833  0.2833  0.7000  0.6000  0.1750  0.2551  0.000040
epoch:328 0.2610  0.3886  0.3886  0.7000  0.6000  0.1750  0.2250  0.2833  0.2833  0.7000  0.6000  0.1750  0.2559  0.000040
epoch:329 0.2720  0.3886  0.3886  0.7000  0.7000  0.1750  0.2333  0.2917  0.2917  0.7000  0.7000  0.1750  0.2558  0.000040
epoch:330 0.2610  0.3886  0.3886  0.7000  0.6000  0.1750  0.2250  0.2833  0.2833  0.7000  0.6000  0.1750  0.2563  0.000040
epoch:331 0.2720  0.3886  0.3886  0.7000  0.7000  0.1750  0.2333  0.2917  0.2917  0.7000  0.7000  0.1750  0.2561  0.000040
epoch:332 0.2610  0.3886  0.3886  0.7000  0.6000  0.1750  0.2250  0.2833  0.2833  0.7000  0.6000  0.1750  0.2576  0.000040
epoch:333 0.2720  0.3886  0.3886  0.7000  0.7000  0.1750  0.2333  0.2917  0.2917  0.7000  0.7000  0.1750  0.2562  0.000040
epoch:334 0.2720  0.3886  0.3886  0.7000  0.7000  0.1750  0.2333  0.2917  0.2917  0.7000  0.7000  0.1750  0.2556  0.000040
epoch:335 0.2610  0.3886  0.3886  0.7000  0.6000  0.1750  0.2250  0.2833  0.2833  0.7000  0.6000  0.1750  0.2586  0.000040
epoch:336 0.2720  0.3886  0.3886  0.7000  0.7000  0.1750  0.2333  0.2917  0.2917  0.7000  0.7000  0.1750  0.2559  0.000040
epoch:337 0.2860  0.6386  0.3886  0.7000  0.6000  0.2000  0.2500  0.3083  0.3083  0.7000  0.6000  0.2000  0.2565  0.000040
epoch:338 0.2610  0.3886  0.3886  0.7000  0.6000  0.1750  0.2250  0.2833  0.2833  0.7000  0.6000  0.1750  0.2571  0.000040
epoch:339 0.2720  0.3886  0.3886  0.7000  0.7000  0.1750  0.2333  0.2917  0.2917  0.7000  0.7000  0.1750  0.2522  0.000040
epoch:340 0.2610  0.3886  0.3886  0.7000  0.6000  0.1750  0.2250  0.2833  0.2833  0.7000  0.6000  0.1750  0.2529  0.000040
epoch:341 0.2860  0.6386  0.3886  0.7000  0.6000  0.2000  0.2500  0.3083  0.3083  0.7000  0.6000  0.2000  0.2545  0.000040
epoch:342 0.2610  0.3886  0.3886  0.7000  0.6000  0.1750  0.2250  0.2833  0.2833  0.7000  0.6000  0.1750  0.2567  0.000040
epoch:343 0.2610  0.3886  0.3886  0.7000  0.6000  0.1750  0.2250  0.2833  0.2833  0.7000  0.6000  0.1750  0.2540  0.000040
epoch:344 0.2720  0.3886  0.3886  0.7000  0.7000  0.1750  0.2333  0.2917  0.2917  0.7000  0.7000  0.1750  0.2539  0.000040
epoch:345 0.2720  0.3886  0.3886  0.7000  0.7000  0.1750  0.2333  0.2917  0.2917  0.7000  0.7000  0.1750  0.2570  0.000040
epoch:346 0.2610  0.3886  0.3886  0.7000  0.6000  0.1750  0.2250  0.2833  0.2833  0.7000  0.6000  0.1750  0.2528  0.000040
epoch:347 0.2860  0.6386  0.3886  0.7000  0.6000  0.2000  0.2500  0.3083  0.3083  0.7000  0.6000  0.2000  0.2589  0.000040
epoch:348 0.2720  0.3886  0.3886  0.7000  0.7000  0.1750  0.2333  0.2917  0.2917  0.7000  0.7000  0.1750  0.2546  0.000040
epoch:349 0.2610  0.3886  0.3886  0.7000  0.6000  0.1750  0.2250  0.2833  0.2833  0.7000  0.6000  0.1750  0.2548  0.000040
epoch:350 0.2610  0.3886  0.3886  0.7000  0.6000  0.1750  0.2250  0.2833  0.2833  0.7000  0.6000  0.1750  0.2540  0.000040
epoch:351 0.2610  0.3886  0.3886  0.7000  0.6000  0.1750  0.2250  0.2833  0.2833  0.7000  0.6000  0.1750  0.2531  0.000040
epoch:352 0.2610  0.3886  0.3886  0.7000  0.6000  0.1750  0.2250  0.2833  0.2833  0.7000  0.6000  0.1750  0.2528  0.000040
epoch:353 0.2720  0.3886  0.3886  0.7000  0.7000  0.1750  0.2333  0.2917  0.2917  0.7000  0.7000  0.1750  0.2534  0.000040
epoch:354 0.2610  0.3886  0.3886  0.7000  0.6000  0.1750  0.2250  0.2833  0.2833  0.7000  0.6000  0.1750  0.2546  0.000040
epoch:355 0.2720  0.3886  0.3886  0.7000  0.7000  0.1750  0.2333  0.2917  0.2917  0.7000  0.7000  0.1750  0.2544  0.000040
epoch:356 0.2610  0.3886  0.3886  0.7000  0.6000  0.1750  0.2250  0.2833  0.2833  0.7000  0.6000  0.1750  0.2538  0.000040
epoch:357 0.2610  0.3886  0.3886  0.7000  0.6000  0.1750  0.2250  0.2833  0.2833  0.7000  0.6000  0.1750  0.2504  0.000040
epoch:358 0.2610  0.3886  0.3886  0.7000  0.6000  0.1750  0.2250  0.2833  0.2833  0.7000  0.6000  0.1750  0.2531  0.000040
epoch:359 0.2720  0.3886  0.3886  0.7000  0.7000  0.1750  0.2333  0.2917  0.2917  0.7000  0.7000  0.1750  0.2525  0.000040
epoch:360 0.2720  0.3886  0.3886  0.7000  0.7000  0.1750  0.2333  0.2917  0.2917  0.7000  0.7000  0.1750  0.2536  0.000040
epoch:361 0.2720  0.3886  0.3886  0.7000  0.7000  0.1750  0.2333  0.2917  0.2917  0.7000  0.7000  0.1750  0.2529  0.000040
epoch:362 0.2720  0.3886  0.3886  0.7000  0.7000  0.1750  0.2333  0.2917  0.2917  0.7000  0.7000  0.1750  0.2536  0.000040
epoch:363 0.2720  0.3886  0.3886  0.7000  0.7000  0.1750  0.2333  0.2917  0.2917  0.7000  0.7000  0.1750  0.2536  0.000040
epoch:364 0.2720  0.3886  0.3886  0.7000  0.7000  0.1750  0.2333  0.2917  0.2917  0.7000  0.7000  0.1750  0.2521  0.000040
epoch:365 0.2610  0.3886  0.3886  0.7000  0.6000  0.1750  0.2250  0.2833  0.2833  0.7000  0.6000  0.1750  0.2538  0.000040
epoch:366 0.2720  0.3886  0.3886  0.7000  0.7000  0.1750  0.2333  0.2917  0.2917  0.7000  0.7000  0.1750  0.2538  0.000040
epoch:367 0.2610  0.3886  0.3886  0.7000  0.6000  0.1750  0.2250  0.2833  0.2833  0.7000  0.6000  0.1750  0.2520  0.000040
epoch:368 0.2610  0.3886  0.3886  0.7000  0.6000  0.1750  0.2250  0.2833  0.2833  0.7000  0.6000  0.1750  0.2530  0.000040
epoch:369 0.2610  0.3886  0.3886  0.7000  0.6000  0.1750  0.2250  0.2833  0.2833  0.7000  0.6000  0.1750  0.2536  0.000040
epoch:370 0.2610  0.3886  0.3886  0.7000  0.6000  0.1750  0.2250  0.2833  0.2833  0.7000  0.6000  0.1750  0.2523  0.000040
epoch:371 0.2720  0.3886  0.3886  0.7000  0.7000  0.1750  0.2333  0.2917  0.2917  0.7000  0.7000  0.1750  0.2497  0.000040
epoch:372 0.2720  0.3886  0.3886  0.7000  0.7000  0.1750  0.2333  0.2917  0.2917  0.7000  0.7000  0.1750  0.2535  0.000040
epoch:373 0.2610  0.3886  0.3886  0.7000  0.6000  0.1750  0.2250  0.2833  0.2833  0.7000  0.6000  0.1750  0.2518  0.000040
epoch:374 0.2610  0.3886  0.3886  0.7000  0.6000  0.1750  0.2250  0.2833  0.2833  0.7000  0.6000  0.1750  0.2518  0.000040
epoch:375 0.2610  0.3886  0.3886  0.7000  0.6000  0.1750  0.2250  0.2833  0.2833  0.7000  0.6000  0.1750  0.2507  0.000040
epoch:376 0.2720  0.3886  0.3886  0.7000  0.7000  0.1750  0.2333  0.2917  0.2917  0.7000  0.7000  0.1750  0.2523  0.000040
epoch:377 0.2610  0.3886  0.3886  0.7000  0.6000  0.1750  0.2250  0.2833  0.2833  0.7000  0.6000  0.1750  0.2508  0.000040
epoch:378 0.2610  0.3886  0.3886  0.7000  0.6000  0.1750  0.2250  0.2833  0.2833  0.7000  0.6000  0.1750  0.2493  0.000040
epoch:379 0.2610  0.3886  0.3886  0.7000  0.6000  0.1750  0.2250  0.2833  0.2833  0.7000  0.6000  0.1750  0.2519  0.000040
epoch:380 0.2610  0.3886  0.3886  0.7000  0.6000  0.1750  0.2250  0.2833  0.2833  0.7000  0.6000  0.1750  0.2479  0.000040
epoch:381 0.2720  0.3886  0.3886  0.7000  0.7000  0.1750  0.2333  0.2917  0.2917  0.7000  0.7000  0.1750  0.2502  0.000040
epoch:382 0.2720  0.3886  0.3886  0.7000  0.7000  0.1750  0.2333  0.2917  0.2917  0.7000  0.7000  0.1750  0.2499  0.000040
epoch:383 0.2610  0.3886  0.3886  0.7000  0.6000  0.1750  0.2250  0.2833  0.2833  0.7000  0.6000  0.1750  0.2516  0.000040
epoch:384 0.2720  0.3886  0.3886  0.7000  0.7000  0.1750  0.2333  0.2917  0.2917  0.7000  0.7000  0.1750  0.2520  0.000040
epoch:385 0.2610  0.3886  0.3886  0.7000  0.6000  0.1750  0.2250  0.2833  0.2833  0.7000  0.6000  0.1750  0.2485  0.000040
epoch:386 0.2860  0.6386  0.3886  0.7000  0.6000  0.2000  0.2500  0.3083  0.3083  0.7000  0.6000  0.2000  0.2491  0.000040
epoch:387 0.2970  0.6386  0.3886  0.7000  0.7000  0.2000  0.2583  0.3167  0.3167  0.7000  0.7000  0.2000  0.2490  0.000040
epoch:388 0.2720  0.3886  0.3886  0.7000  0.7000  0.1750  0.2333  0.2917  0.2917  0.7000  0.7000  0.1750  0.2514  0.000040
epoch:389 0.2860  0.6386  0.3886  0.7000  0.6000  0.2000  0.2500  0.3083  0.3083  0.7000  0.6000  0.2000  0.2514  0.000040
epoch:390 0.2720  0.3886  0.3886  0.7000  0.7000  0.1750  0.2333  0.2917  0.2917  0.7000  0.7000  0.1750  0.2491  0.000040
epoch:391 0.2610  0.3886  0.3886  0.7000  0.6000  0.1750  0.2250  0.2833  0.2833  0.7000  0.6000  0.1750  0.2478  0.000040
epoch:392 0.2610  0.3886  0.3886  0.7000  0.6000  0.1750  0.2250  0.2833  0.2833  0.7000  0.6000  0.1750  0.2500  0.000040
epoch:393 0.2720  0.3886  0.3886  0.7000  0.7000  0.1750  0.2333  0.2917  0.2917  0.7000  0.7000  0.1750  0.2521  0.000040
epoch:394 0.2610  0.3886  0.3886  0.7000  0.6000  0.1750  0.2250  0.2833  0.2833  0.7000  0.6000  0.1750  0.2517  0.000040
epoch:395 0.2610  0.3886  0.3886  0.7000  0.6000  0.1750  0.2250  0.2833  0.2833  0.7000  0.6000  0.1750  0.2496  0.000040
epoch:396 0.2720  0.3886  0.3886  0.7000  0.7000  0.1750  0.2333  0.2917  0.2917  0.7000  0.7000  0.1750  0.2469  0.000040
epoch:397 0.2610  0.3886  0.3886  0.7000  0.6000  0.1750  0.2250  0.2833  0.2833  0.7000  0.6000  0.1750  0.2516  0.000040
epoch:398 0.2720  0.3886  0.3886  0.7000  0.7000  0.1750  0.2333  0.2917  0.2917  0.7000  0.7000  0.1750  0.2461  0.000040
epoch:399 0.2610  0.3886  0.3886  0.7000  0.6000  0.1750  0.2250  0.2833  0.2833  0.7000  0.6000  0.1750  0.2508  0.000040
epoch:400 0.2610  0.3886  0.3886  0.7000  0.6000  0.1750  0.2250  0.2833  0.2833  0.7000  0.6000  0.1750  0.2477  0.000040
epoch:401 0.2610  0.3886  0.3886  0.7000  0.6000  0.1750  0.2250  0.2833  0.2833  0.7000  0.6000  0.1750  0.2492  0.000040
epoch:402 0.2720  0.3886  0.3886  0.7000  0.7000  0.1750  0.2333  0.2917  0.2917  0.7000  0.7000  0.1750  0.2467  0.000040
epoch:403 0.2610  0.3886  0.3886  0.7000  0.6000  0.1750  0.2250  0.2833  0.2833  0.7000  0.6000  0.1750  0.2473  0.000040
epoch:404 0.2610  0.3886  0.3886  0.7000  0.6000  0.1750  0.2250  0.2833  0.2833  0.7000  0.6000  0.1750  0.2492  0.000040
epoch:405 0.2720  0.3886  0.3886  0.7000  0.7000  0.1750  0.2333  0.2917  0.2917  0.7000  0.7000  0.1750  0.2499  0.000040
epoch:406 0.2610  0.3886  0.3886  0.7000  0.6000  0.1750  0.2250  0.2833  0.2833  0.7000  0.6000  0.1750  0.2494  0.000040
epoch:407 0.2720  0.3886  0.3886  0.7000  0.7000  0.1750  0.2333  0.2917  0.2917  0.7000  0.7000  0.1750  0.2476  0.000040
epoch:408 0.2610  0.3886  0.3886  0.7000  0.6000  0.1750  0.2250  0.2833  0.2833  0.7000  0.6000  0.1750  0.2449  0.000040
epoch:409 0.2610  0.3886  0.3886  0.7000  0.6000  0.1750  0.2250  0.2833  0.2833  0.7000  0.6000  0.1750  0.2489  0.000040
epoch:410 0.2610  0.3886  0.3886  0.7000  0.6000  0.1750  0.2250  0.2833  0.2833  0.7000  0.6000  0.1750  0.2464  0.000040
epoch:411 0.2720  0.3886  0.3886  0.7000  0.7000  0.1750  0.2333  0.2917  0.2917  0.7000  0.7000  0.1750  0.2478  0.000040
epoch:412 0.2610  0.3886  0.3886  0.7000  0.6000  0.1750  0.2250  0.2833  0.2833  0.7000  0.6000  0.1750  0.2474  0.000040
epoch:413 0.2720  0.3886  0.3886  0.7000  0.7000  0.1750  0.2333  0.2917  0.2917  0.7000  0.7000  0.1750  0.2483  0.000040
epoch:414 0.2610  0.3886  0.3886  0.7000  0.6000  0.1750  0.2250  0.2833  0.2833  0.7000  0.6000  0.1750  0.2451  0.000040
epoch:415 0.2720  0.3886  0.3886  0.7000  0.7000  0.1750  0.2333  0.2917  0.2917  0.7000  0.7000  0.1750  0.2486  0.000040
epoch:416 0.2610  0.3886  0.3886  0.7000  0.6000  0.1750  0.2250  0.2833  0.2833  0.7000  0.6000  0.1750  0.2478  0.000040
epoch:417 0.2720  0.3886  0.3886  0.7000  0.7000  0.1750  0.2333  0.2917  0.2917  0.7000  0.7000  0.1750  0.2502  0.000040
epoch:418 0.2720  0.3886  0.3886  0.7000  0.7000  0.1750  0.2333  0.2917  0.2917  0.7000  0.7000  0.1750  0.2448  0.000040
epoch:419 0.2720  0.3886  0.3886  0.7000  0.7000  0.1750  0.2333  0.2917  0.2917  0.7000  0.7000  0.1750  0.2465  0.000040
epoch:420 0.2860  0.6386  0.3886  0.7000  0.6000  0.2000  0.2500  0.3083  0.3083  0.7000  0.6000  0.2000  0.2473  0.000040
epoch:421 0.2720  0.3886  0.3886  0.7000  0.7000  0.1750  0.2333  0.2917  0.2917  0.7000  0.7000  0.1750  0.2465  0.000040
epoch:422 0.2860  0.6386  0.3886  0.7000  0.6000  0.2000  0.2500  0.3083  0.3083  0.7000  0.6000  0.2000  0.2476  0.000040
epoch:423 0.2610  0.3886  0.3886  0.7000  0.6000  0.1750  0.2250  0.2833  0.2833  0.7000  0.6000  0.1750  0.2471  0.000040
epoch:424 0.2720  0.3886  0.3886  0.7000  0.7000  0.1750  0.2333  0.2917  0.2917  0.7000  0.7000  0.1750  0.2469  0.000040
epoch:425 0.2720  0.3886  0.3886  0.7000  0.7000  0.1750  0.2333  0.2917  0.2917  0.7000  0.7000  0.1750  0.2472  0.000040
epoch:426 0.2720  0.3886  0.3886  0.7000  0.7000  0.1750  0.2333  0.2917  0.2917  0.7000  0.7000  0.1750  0.2446  0.000040
epoch:427 0.2610  0.3886  0.3886  0.7000  0.6000  0.1750  0.2250  0.2833  0.2833  0.7000  0.6000  0.1750  0.2466  0.000040
epoch:428 0.2720  0.3886  0.3886  0.7000  0.7000  0.1750  0.2333  0.2917  0.2917  0.7000  0.7000  0.1750  0.2456  0.000040
epoch:429 0.2610  0.3886  0.3886  0.7000  0.6000  0.1750  0.2250  0.2833  0.2833  0.7000  0.6000  0.1750  0.2456  0.000040
epoch:430 0.2610  0.3886  0.3886  0.7000  0.6000  0.1750  0.2250  0.2833  0.2833  0.7000  0.6000  0.1750  0.2481  0.000040
epoch:431 0.2720  0.3886  0.3886  0.7000  0.7000  0.1750  0.2333  0.2917  0.2917  0.7000  0.7000  0.1750  0.2457  0.000040
epoch:432 0.2610  0.3886  0.3886  0.7000  0.6000  0.1750  0.2250  0.2833  0.2833  0.7000  0.6000  0.1750  0.2483  0.000040
epoch:433 0.2610  0.3886  0.3886  0.7000  0.6000  0.1750  0.2250  0.2833  0.2833  0.7000  0.6000  0.1750  0.2472  0.000040
epoch:434 0.2720  0.3886  0.3886  0.7000  0.7000  0.1750  0.2333  0.2917  0.2917  0.7000  0.7000  0.1750  0.2467  0.000040
epoch:435 0.2720  0.3886  0.3886  0.7000  0.7000  0.1750  0.2333  0.2917  0.2917  0.7000  0.7000  0.1750  0.2452  0.000040
epoch:436 0.2610  0.3886  0.3886  0.7000  0.6000  0.1750  0.2250  0.2833  0.2833  0.7000  0.6000  0.1750  0.2440  0.000040
epoch:437 0.2610  0.3886  0.3886  0.7000  0.6000  0.1750  0.2250  0.2833  0.2833  0.7000  0.6000  0.1750  0.2448  0.000040
epoch:438 0.2720  0.3886  0.3886  0.7000  0.7000  0.1750  0.2333  0.2917  0.2917  0.7000  0.7000  0.1750  0.2481  0.000040
epoch:439 0.2970  0.6386  0.3886  0.7000  0.7000  0.2000  0.2583  0.3167  0.3167  0.7000  0.7000  0.2000  0.2476  0.000040
epoch:440 0.2610  0.3886  0.3886  0.7000  0.6000  0.1750  0.2250  0.2833  0.2833  0.7000  0.6000  0.1750  0.2449  0.000040
epoch:441 0.2610  0.3886  0.3886  0.7000  0.6000  0.1750  0.2250  0.2833  0.2833  0.7000  0.6000  0.1750  0.2436  0.000040
epoch:442 0.2720  0.3886  0.3886  0.7000  0.7000  0.1750  0.2333  0.2917  0.2917  0.7000  0.7000  0.1750  0.2452  0.000040
epoch:443 0.2720  0.3886  0.3886  0.7000  0.7000  0.1750  0.2333  0.2917  0.2917  0.7000  0.7000  0.1750  0.2440  0.000040
epoch:444 0.2610  0.3886  0.3886  0.7000  0.6000  0.1750  0.2250  0.2833  0.2833  0.7000  0.6000  0.1750  0.2433  0.000040
epoch:445 0.2720  0.3886  0.3886  0.7000  0.7000  0.1750  0.2333  0.2917  0.2917  0.7000  0.7000  0.1750  0.2442  0.000040
epoch:446 0.2720  0.3886  0.3886  0.7000  0.7000  0.1750  0.2333  0.2917  0.2917  0.7000  0.7000  0.1750  0.2449  0.000040
epoch:447 0.2720  0.3886  0.3886  0.7000  0.7000  0.1750  0.2333  0.2917  0.2917  0.7000  0.7000  0.1750  0.2455  0.000040
epoch:448 0.2720  0.3886  0.3886  0.7000  0.7000  0.1750  0.2333  0.2917  0.2917  0.7000  0.7000  0.1750  0.2447  0.000040
epoch:449 0.2720  0.3886  0.3886  0.7000  0.7000  0.1750  0.2333  0.2917  0.2917  0.7000  0.7000  0.1750  0.2430  0.000040
epoch:450 0.2720  0.3886  0.3886  0.7000  0.7000  0.1750  0.2333  0.2917  0.2917  0.7000  0.7000  0.1750  0.2460  0.000040
epoch:451 0.2720  0.3886  0.3886  0.7000  0.7000  0.1750  0.2333  0.2917  0.2917  0.7000  0.7000  0.1750  0.2445  0.000040
epoch:452 0.2720  0.3886  0.3886  0.7000  0.7000  0.1750  0.2333  0.2917  0.2917  0.7000  0.7000  0.1750  0.2456  0.000040
epoch:453 0.2610  0.3886  0.3886  0.7000  0.6000  0.1750  0.2250  0.2833  0.2833  0.7000  0.6000  0.1750  0.2430  0.000040
epoch:454 0.2610  0.3886  0.3886  0.7000  0.6000  0.1750  0.2250  0.2833  0.2833  0.7000  0.6000  0.1750  0.2446  0.000040
epoch:455 0.2610  0.3886  0.3886  0.7000  0.6000  0.1750  0.2250  0.2833  0.2833  0.7000  0.6000  0.1750  0.2415  0.000040
epoch:456 0.2610  0.3886  0.3886  0.7000  0.6000  0.1750  0.2250  0.2833  0.2833  0.7000  0.6000  0.1750  0.2451  0.000040
epoch:457 0.2610  0.3886  0.3886  0.7000  0.6000  0.1750  0.2250  0.2833  0.2833  0.7000  0.6000  0.1750  0.2443  0.000040
epoch:458 0.2610  0.3886  0.3886  0.7000  0.6000  0.1750  0.2250  0.2833  0.2833  0.7000  0.6000  0.1750  0.2442  0.000040
epoch:459 0.2610  0.3886  0.3886  0.7000  0.6000  0.1750  0.2250  0.2833  0.2833  0.7000  0.6000  0.1750  0.2437  0.000040
epoch:460 0.2720  0.3886  0.3886  0.7000  0.7000  0.1750  0.2333  0.2917  0.2917  0.7000  0.7000  0.1750  0.2437  0.000040
epoch:461 0.2720  0.3886  0.3886  0.7000  0.7000  0.1750  0.2333  0.2917  0.2917  0.7000  0.7000  0.1750  0.2455  0.000040
epoch:462 0.2720  0.3886  0.3886  0.7000  0.7000  0.1750  0.2333  0.2917  0.2917  0.7000  0.7000  0.1750  0.2423  0.000040
epoch:463 0.2610  0.3886  0.3886  0.7000  0.6000  0.1750  0.2250  0.2833  0.2833  0.7000  0.6000  0.1750  0.2413  0.000040
epoch:464 0.2720  0.3886  0.3886  0.7000  0.7000  0.1750  0.2333  0.2917  0.2917  0.7000  0.7000  0.1750  0.2417  0.000040
epoch:465 0.2720  0.3886  0.3886  0.7000  0.7000  0.1750  0.2333  0.2917  0.2917  0.7000  0.7000  0.1750  0.2414  0.000040
epoch:466 0.2720  0.3886  0.3886  0.7000  0.7000  0.1750  0.2333  0.2917  0.2917  0.7000  0.7000  0.1750  0.2438  0.000040
epoch:467 0.2610  0.3886  0.3886  0.7000  0.6000  0.1750  0.2250  0.2833  0.2833  0.7000  0.6000  0.1750  0.2419  0.000040
epoch:468 0.2720  0.3886  0.3886  0.7000  0.7000  0.1750  0.2333  0.2917  0.2917  0.7000  0.7000  0.1750  0.2432  0.000040
epoch:469 0.2610  0.3886  0.3886  0.7000  0.6000  0.1750  0.2250  0.2833  0.2833  0.7000  0.6000  0.1750  0.2398  0.000040
epoch:470 0.2610  0.3886  0.3886  0.7000  0.6000  0.1750  0.2250  0.2833  0.2833  0.7000  0.6000  0.1750  0.2441  0.000040
epoch:471 0.2610  0.3886  0.3886  0.7000  0.6000  0.1750  0.2250  0.2833  0.2833  0.7000  0.6000  0.1750  0.2413  0.000040
epoch:472 0.2610  0.3886  0.3886  0.7000  0.6000  0.1750  0.2250  0.2833  0.2833  0.7000  0.6000  0.1750  0.2431  0.000040
epoch:473 0.2720  0.3886  0.3886  0.7000  0.7000  0.1750  0.2333  0.2917  0.2917  0.7000  0.7000  0.1750  0.2451  0.000040
epoch:474 0.2720  0.3886  0.3886  0.7000  0.7000  0.1750  0.2333  0.2917  0.2917  0.7000  0.7000  0.1750  0.2445  0.000040
epoch:475 0.2610  0.3886  0.3886  0.7000  0.6000  0.1750  0.2250  0.2833  0.2833  0.7000  0.6000  0.1750  0.2429  0.000040
epoch:476 0.2720  0.3886  0.3886  0.7000  0.7000  0.1750  0.2333  0.2917  0.2917  0.7000  0.7000  0.1750  0.2426  0.000040
epoch:477 0.2610  0.3886  0.3886  0.7000  0.6000  0.1750  0.2250  0.2833  0.2833  0.7000  0.6000  0.1750  0.2440  0.000040
epoch:478 0.2970  0.6386  0.3886  0.7000  0.7000  0.2000  0.2583  0.3167  0.3167  0.7000  0.7000  0.2000  0.2399  0.000040
epoch:479 0.2720  0.3886  0.3886  0.7000  0.7000  0.1750  0.2333  0.2917  0.2917  0.7000  0.7000  0.1750  0.2411  0.000040
epoch:480 0.2720  0.3886  0.3886  0.7000  0.7000  0.1750  0.2333  0.2917  0.2917  0.7000  0.7000  0.1750  0.2407  0.000040
epoch:481 0.2720  0.3886  0.3886  0.7000  0.7000  0.1750  0.2333  0.2917  0.2917  0.7000  0.7000  0.1750  0.2430  0.000040
epoch:482 0.2610  0.3886  0.3886  0.7000  0.6000  0.1750  0.2250  0.2833  0.2833  0.7000  0.6000  0.1750  0.2453  0.000040
epoch:483 0.2610  0.3886  0.3886  0.7000  0.6000  0.1750  0.2250  0.2833  0.2833  0.7000  0.6000  0.1750  0.2406  0.000040
epoch:484 0.2610  0.3886  0.3886  0.7000  0.6000  0.1750  0.2250  0.2833  0.2833  0.7000  0.6000  0.1750  0.2413  0.000040
epoch:485 0.2610  0.3886  0.3886  0.7000  0.6000  0.1750  0.2250  0.2833  0.2833  0.7000  0.6000  0.1750  0.2426  0.000040
epoch:486 0.2610  0.3886  0.3886  0.7000  0.6000  0.1750  0.2250  0.2833  0.2833  0.7000  0.6000  0.1750  0.2386  0.000040
epoch:487 0.2720  0.3886  0.3886  0.7000  0.7000  0.1750  0.2333  0.2917  0.2917  0.7000  0.7000  0.1750  0.2399  0.000040
epoch:488 0.2860  0.6386  0.3886  0.7000  0.6000  0.2000  0.2500  0.3083  0.3083  0.7000  0.6000  0.2000  0.2408  0.000040
epoch:489 0.2610  0.3886  0.3886  0.7000  0.6000  0.1750  0.2250  0.2833  0.2833  0.7000  0.6000  0.1750  0.2401  0.000040
epoch:490 0.2720  0.3886  0.3886  0.7000  0.7000  0.1750  0.2333  0.2917  0.2917  0.7000  0.7000  0.1750  0.2419  0.000040
epoch:491 0.2610  0.3886  0.3886  0.7000  0.6000  0.1750  0.2250  0.2833  0.2833  0.7000  0.6000  0.1750  0.2406  0.000040
epoch:492 0.2610  0.3886  0.3886  0.7000  0.6000  0.1750  0.2250  0.2833  0.2833  0.7000  0.6000  0.1750  0.2368  0.000040
epoch:493 0.2860  0.6386  0.3886  0.7000  0.6000  0.2000  0.2500  0.3083  0.3083  0.7000  0.6000  0.2000  0.2407  0.000040
epoch:494 0.2720  0.3886  0.3886  0.7000  0.7000  0.1750  0.2333  0.2917  0.2917  0.7000  0.7000  0.1750  0.2428  0.000040
epoch:495 0.2610  0.3886  0.3886  0.7000  0.6000  0.1750  0.2250  0.2833  0.2833  0.7000  0.6000  0.1750  0.2398  0.000040
epoch:496 0.2610  0.3886  0.3886  0.7000  0.6000  0.1750  0.2250  0.2833  0.2833  0.7000  0.6000  0.1750  0.2408  0.000040
epoch:497 0.2610  0.3886  0.3886  0.7000  0.6000  0.1750  0.2250  0.2833  0.2833  0.7000  0.6000  0.1750  0.2401  0.000040
epoch:498 0.2720  0.3886  0.3886  0.7000  0.7000  0.1750  0.2333  0.2917  0.2917  0.7000  0.7000  0.1750  0.2407  0.000040
epoch:499 0.2720  0.3886  0.3886  0.7000  0.7000  0.1750  0.2333  0.2917  0.2917  0.7000  0.7000  0.1750  0.2434  0.000040
epoch:500 0.2720  0.3886  0.3886  0.7000  0.7000  0.1750  0.2333  0.2917  0.2917  0.7000  0.7000  0.1750  0.2417  0.000040
