epoch:0 0.0944  0.1882  0.0503  0.2267  0.1769  0.0824  0.1280  0.1749  0.2034  0.2350  0.2381  0.1927  2.1899  0.004000
epoch:1 0.4122  0.8149  0.3028  0.3905  0.4881  0.4000  0.4123  0.5191  0.5519  0.4833  0.5190  0.5533  1.3174  0.004000
epoch:2 0.5225  0.8957  0.5022  0.3777  0.4852  0.5039  0.4588  0.5856  0.5856  0.4667  0.5238  0.6062  0.8497  0.004000
epoch:3 0.5780  0.9480  0.6046  0.4135  0.5682  0.5745  0.5055  0.6324  0.6324  0.5217  0.5940  0.6458  0.6560  0.004000
epoch:4 0.7254  0.9720  0.8544  0.6038  0.6630  0.7714  0.6307  0.7477  0.7477  0.6267  0.6833  0.8016  0.5689  0.004000
epoch:5 0.6376  0.9735  0.6883  0.5361  0.5951  0.6488  0.5630  0.6837  0.6837  0.5867  0.6500  0.6926  0.4907  0.004000
epoch:6 0.6888  0.9690  0.8555  0.6239  0.6121  0.7204  0.6017  0.7204  0.7204  0.6433  0.6464  0.7574  0.4604  0.004000
epoch:7 0.7498  0.9674  0.8654  0.5669  0.7591  0.8064  0.6665  0.7865  0.7865  0.5850  0.7857  0.8365  0.4256  0.004000
epoch:8 0.7356  0.9695  0.9026  0.6188  0.7185  0.7667  0.6565  0.7774  0.7774  0.6417  0.7631  0.8059  0.3970  0.004000
epoch:9 0.7411  0.9681  0.7745  0.6086  0.6490  0.8010  0.6419  0.7674  0.7674  0.6150  0.6821  0.8297  0.3667  0.004000
epoch:10 0.6990  0.9678  0.8586  0.6436  0.7311  0.7028  0.6111  0.7319  0.7319  0.6567  0.7667  0.7262  0.3610  0.004000
epoch:11 0.6867  0.9640  0.7707  0.6083  0.6913  0.7064  0.5974  0.7204  0.7204  0.6150  0.7202  0.7204  0.3619  0.004000
epoch:12 0.7983  0.9678  0.9257  0.6605  0.7326  0.8358  0.7020  0.8254  0.8254  0.6667  0.7679  0.8559  0.3417  0.004000
epoch:13 0.7466  0.9598  0.8761  0.5447  0.6968  0.8219  0.6685  0.7893  0.7893  0.6017  0.7369  0.8600  0.3153  0.004000
epoch:14 0.7845  0.9733  0.9193  0.6479  0.7495  0.8331  0.6849  0.8160  0.8160  0.6733  0.7869  0.8640  0.2923  0.004000
epoch:15 0.7538  0.9634  0.8780  0.6109  0.7465  0.8093  0.6700  0.7951  0.7951  0.6167  0.7845  0.8360  0.2963  0.004000
epoch:16 0.7948  0.9636  0.9180  0.6405  0.7494  0.8587  0.7034  0.8319  0.8319  0.6467  0.7786  0.8848  0.2555  0.000400
epoch:17 0.8122  0.9690  0.9218  0.6525  0.7421  0.8702  0.7166  0.8434  0.8434  0.6600  0.7762  0.9050  0.2403  0.000400
epoch:18 0.8043  0.9695  0.9023  0.6479  0.7499  0.8637  0.7086  0.8375  0.8375  0.6617  0.7833  0.8990  0.2309  0.000400
epoch:19 0.7867  0.9652  0.8937  0.6217  0.7539  0.8527  0.6962  0.8230  0.8230  0.6350  0.7845  0.8823  0.2327  0.000400
epoch:20 0.7954  0.9695  0.9020  0.6302  0.7396  0.8556  0.7029  0.8335  0.8335  0.6467  0.7798  0.8953  0.2316  0.000400
epoch:21 0.7948  0.9695  0.8979  0.6376  0.7535  0.8621  0.7017  0.8293  0.8293  0.6517  0.7845  0.8844  0.2306  0.000400
epoch:22 0.8166  0.9737  0.9380  0.6415  0.7585  0.8841  0.7194  0.8492  0.8492  0.6517  0.7917  0.9175  0.2255  0.000040
epoch:23 0.7913  0.9749  0.8726  0.6277  0.7483  0.8423  0.6951  0.8194  0.8194  0.6400  0.7798  0.8683  0.2259  0.000040
epoch:24 0.8115  0.9752  0.9379  0.6348  0.7648  0.8709  0.7066  0.8381  0.8381  0.6517  0.7964  0.8905  0.2245  0.000040
epoch:25 0.7970  0.9678  0.9023  0.6250  0.7312  0.8644  0.7010  0.8291  0.8291  0.6383  0.7643  0.8947  0.2256  0.000040
epoch:26 0.8046  0.9678  0.9377  0.6384  0.7524  0.8671  0.7082  0.8371  0.8371  0.6517  0.7857  0.8930  0.2192  0.000040
epoch:27 0.8004  0.9695  0.9356  0.6410  0.7578  0.8492  0.7061  0.8329  0.8329  0.6567  0.7893  0.8774  0.2277  0.000040
epoch:28 0.8020  0.9695  0.9378  0.6315  0.7447  0.8642  0.7090  0.8363  0.8363  0.6467  0.7810  0.8972  0.2264  0.000040
epoch:29 0.8050  0.9695  0.9377  0.6476  0.7667  0.8576  0.7059  0.8352  0.8352  0.6617  0.7964  0.8835  0.2232  0.000040
epoch:30 0.8087  0.9696  0.9379  0.6448  0.7660  0.8664  0.7130  0.8424  0.8424  0.6617  0.7988  0.9028  0.2187  0.000040
epoch:31 0.8001  0.9696  0.9023  0.6259  0.7628  0.8576  0.6993  0.8286  0.8286  0.6433  0.7964  0.8819  0.2213  0.000040
epoch:32 0.7831  0.9694  0.8964  0.6331  0.7488  0.8388  0.6855  0.8140  0.8140  0.6450  0.7798  0.8641  0.2267  0.000040
epoch:33 0.8115  0.9696  0.9378  0.6329  0.7573  0.8678  0.7135  0.8420  0.8420  0.6467  0.7940  0.8963  0.2232  0.000040
epoch:34 0.8075  0.9696  0.9320  0.6315  0.7592  0.8665  0.7095  0.8376  0.8376  0.6467  0.7893  0.8906  0.2205  0.000040
epoch:35 0.8059  0.9696  0.9351  0.6376  0.7450  0.8677  0.7135  0.8407  0.8407  0.6517  0.7786  0.9031  0.2177  0.000040
epoch:36 0.8080  0.9696  0.9379  0.6344  0.7730  0.8623  0.7055  0.8361  0.8361  0.6533  0.8048  0.8836  0.2235  0.000040
epoch:37 0.8087  0.9754  0.9380  0.6408  0.7518  0.8751  0.7130  0.8411  0.8411  0.6467  0.7845  0.9072  0.2156  0.000040
epoch:38 0.8065  0.9696  0.9613  0.6455  0.7614  0.8607  0.7097  0.8374  0.8374  0.6600  0.7929  0.8860  0.2197  0.000040
epoch:39 0.7895  0.9693  0.8933  0.6329  0.7402  0.8522  0.7014  0.8290  0.8290  0.6517  0.7750  0.8817  0.2200  0.000040
epoch:40 0.7937  0.9711  0.9296  0.6284  0.7568  0.8592  0.6954  0.8248  0.8248  0.6450  0.7893  0.8770  0.2190  0.000040
epoch:41 0.8076  0.9696  0.9350  0.6288  0.7559  0.8698  0.7130  0.8403  0.8403  0.6417  0.7917  0.9022  0.2248  0.000040
epoch:42 0.8038  0.9692  0.9354  0.6473  0.7669  0.8488  0.7055  0.8340  0.8340  0.6650  0.7976  0.8753  0.2211  0.000040
epoch:43 0.8126  0.9693  0.9612  0.6446  0.7719  0.8701  0.7175  0.8452  0.8452  0.6650  0.8012  0.8973  0.2182  0.000040
epoch:44 0.7955  0.9696  0.8938  0.6343  0.7340  0.8541  0.7013  0.8293  0.8293  0.6517  0.7702  0.8812  0.2159  0.000040
epoch:45 0.8095  0.9736  0.9378  0.6495  0.7539  0.8758  0.7156  0.8437  0.8437  0.6567  0.7893  0.9097  0.2218  0.000040
epoch:46 0.8066  0.9697  0.9382  0.6380  0.7574  0.8688  0.7114  0.8395  0.8395  0.6467  0.7917  0.8997  0.2166  0.000040
epoch:47 0.8068  0.9693  0.9354  0.6466  0.7623  0.8522  0.7088  0.8364  0.8364  0.6700  0.7952  0.8786  0.2172  0.000040
epoch:48 0.8072  0.9696  0.9351  0.6377  0.7601  0.8695  0.7110  0.8395  0.8395  0.6467  0.7917  0.8997  0.2191  0.000040
epoch:49 0.8096  0.9694  0.9613  0.6385  0.7713  0.8584  0.7095  0.8384  0.8384  0.6550  0.8048  0.8823  0.2169  0.000040
epoch:50 0.7936  0.9693  0.9030  0.6460  0.7561  0.8427  0.7035  0.8316  0.8316  0.6650  0.7893  0.8741  0.2174  0.000040
