epoch:0 0.0514  0.1216  0.0252  0.0494  0.0933  0.0397  0.0605  0.1151  0.1350  0.0714  0.1389  0.1250  2.4435  0.004000
epoch:1 0.3283  0.6466  0.3126  0.2491  0.4301  0.2614  0.3729  0.4491  0.4575  0.3357  0.4986  0.3970  2.7228  0.004000
epoch:2 0.4408  0.8189  0.3983  0.3772  0.4035  0.3853  0.4490  0.5324  0.5327  0.4202  0.4712  0.4856  3.6485  0.004000
epoch:3 0.4982  0.8389  0.6102  0.4949  0.4525  0.4263  0.4736  0.5682  0.5694  0.5155  0.5064  0.5098  4.2356  0.004000
epoch:4 0.5465  0.8300  0.6105  0.4652  0.5388  0.4936  0.5772  0.6504  0.6504  0.4810  0.5658  0.6087  4.4698  0.004000
epoch:5 0.6012  0.9138  0.7121  0.4261  0.4971  0.5380  0.5731  0.6608  0.6608  0.4310  0.5643  0.6070  4.8410  0.004000
epoch:6 0.5779  0.8462  0.6387  0.5454  0.5214  0.5553  0.6117  0.6876  0.6876  0.5500  0.5662  0.6844  5.2359  0.004000
epoch:7 0.6453  0.9408  0.6953  0.5054  0.4782  0.6374  0.6083  0.6814  0.6814  0.5357  0.5190  0.6755  5.5953  0.004000
epoch:8 0.6045  0.8458  0.6535  0.5294  0.5355  0.6015  0.6507  0.7174  0.7174  0.5321  0.5719  0.7357  5.4270  0.004000
epoch:9 0.6344  0.9229  0.7254  0.5490  0.5227  0.6556  0.6060  0.6773  0.6773  0.5500  0.5833  0.7118  5.7035  0.004000
epoch:10 0.6711  0.9477  0.7124  0.6150  0.5190  0.6918  0.6434  0.7128  0.7128  0.6202  0.5663  0.7411  5.5739  0.004000
epoch:11 0.6856  0.9407  0.7867  0.5427  0.5622  0.6810  0.6472  0.7255  0.7255  0.5440  0.6051  0.7492  5.6393  0.004000
epoch:12 0.6867  0.9259  0.7561  0.5332  0.5368  0.7114  0.6547  0.7201  0.7201  0.5357  0.5981  0.7439  5.9697  0.004000
epoch:13 0.7278  0.9417  0.7803  0.6063  0.5687  0.7201  0.6940  0.7639  0.7639  0.6060  0.6183  0.7637  5.4857  0.004000
epoch:14 0.6818  0.9503  0.7650  0.5692  0.5677  0.7021  0.6472  0.7204  0.7204  0.5762  0.6062  0.7521  5.8304  0.004000
epoch:15 0.6717  0.9260  0.8004  0.5391  0.5854  0.6961  0.6435  0.7143  0.7143  0.5440  0.6404  0.7485  5.8426  0.004000
epoch:16 0.7049  0.9263  0.8034  0.5632  0.5789  0.7273  0.6721  0.7463  0.7463  0.5667  0.6218  0.7736  6.1137  0.000400
epoch:17 0.7016  0.9264  0.7912  0.5550  0.5879  0.7219  0.6661  0.7400  0.7400  0.5583  0.6444  0.7581  5.9898  0.000400
epoch:18 0.7209  0.9352  0.7882  0.5632  0.5741  0.7403  0.6876  0.7617  0.7617  0.5667  0.6233  0.7854  5.8796  0.000400
epoch:19 0.7146  0.9410  0.7667  0.5933  0.5687  0.7343  0.6812  0.7511  0.7511  0.5964  0.6254  0.7770  5.9808  0.000400
epoch:20 0.7258  0.9412  0.7852  0.5682  0.5695  0.7529  0.6962  0.7683  0.7683  0.5714  0.6282  0.8014  5.8586  0.000400
epoch:21 0.6991  0.9250  0.7860  0.5600  0.5771  0.7179  0.6687  0.7414  0.7414  0.5631  0.6326  0.7549  6.0237  0.000400
epoch:22 0.7139  0.9257  0.7684  0.5550  0.5700  0.7306  0.6819  0.7554  0.7554  0.5583  0.6242  0.7788  5.6730  0.000040
epoch:23 0.7217  0.9397  0.7843  0.5933  0.5744  0.7487  0.6905  0.7617  0.7617  0.5964  0.6305  0.7968  6.0034  0.000040
epoch:24 0.7095  0.9286  0.7861  0.5632  0.5703  0.7258  0.6746  0.7481  0.7481  0.5667  0.6218  0.7660  5.7414  0.000040
epoch:25 0.7127  0.9381  0.7533  0.5600  0.5643  0.7248  0.6779  0.7520  0.7520  0.5631  0.6261  0.7622  5.9465  0.000040
epoch:26 0.7067  0.9254  0.7507  0.5593  0.5677  0.7215  0.6727  0.7470  0.7470  0.5667  0.6214  0.7630  5.9502  0.000040
epoch:27 0.7144  0.9257  0.7773  0.5600  0.5865  0.7292  0.6777  0.7515  0.7515  0.5631  0.6361  0.7653  5.8443  0.000040
epoch:28 0.7183  0.9276  0.7806  0.5600  0.5775  0.7458  0.6850  0.7574  0.7574  0.5631  0.6321  0.7936  5.8363  0.000040
epoch:29 0.7062  0.9281  0.7579  0.5692  0.5776  0.7181  0.6727  0.7466  0.7466  0.5762  0.6261  0.7617  6.0890  0.000040
epoch:30 0.7187  0.9295  0.7798  0.5600  0.5767  0.7412  0.6837  0.7566  0.7566  0.5631  0.6361  0.7825  5.9643  0.000040
epoch:31 0.7220  0.9283  0.7816  0.5649  0.5701  0.7453  0.6825  0.7572  0.7572  0.5679  0.6237  0.7846  6.0005  0.000040
epoch:32 0.7170  0.9281  0.7730  0.5550  0.5676  0.7358  0.6861  0.7572  0.7572  0.5583  0.6218  0.7817  5.7954  0.000040
epoch:33 0.6934  0.9209  0.8029  0.5725  0.5917  0.7061  0.6599  0.7331  0.7331  0.5798  0.6444  0.7434  5.9568  0.000040
epoch:34 0.7136  0.9268  0.7653  0.5642  0.5802  0.7293  0.6835  0.7577  0.7577  0.5714  0.6404  0.7706  5.8311  0.000040
epoch:35 0.7140  0.9420  0.7664  0.5933  0.5597  0.7236  0.6803  0.7529  0.7529  0.5964  0.6198  0.7607  5.9536  0.000040
epoch:36 0.7275  0.9312  0.7830  0.5933  0.5704  0.7520  0.6925  0.7648  0.7648  0.5964  0.6258  0.7959  6.0294  0.000040
epoch:37 0.7069  0.9233  0.7829  0.5682  0.5878  0.7165  0.6749  0.7465  0.7465  0.5714  0.6365  0.7567  6.0789  0.000040
epoch:38 0.7039  0.9282  0.7672  0.5933  0.5671  0.7120  0.6718  0.7444  0.7444  0.5964  0.6158  0.7535  5.9862  0.000040
epoch:39 0.7063  0.9231  0.7616  0.5638  0.5737  0.7248  0.6721  0.7471  0.7471  0.5679  0.6301  0.7662  5.8488  0.000040
epoch:40 0.7129  0.9228  0.7599  0.5638  0.5758  0.7315  0.6798  0.7539  0.7539  0.5679  0.6282  0.7783  5.9848  0.000040
epoch:41 0.7156  0.9279  0.7785  0.5725  0.5861  0.7370  0.6819  0.7538  0.7538  0.5798  0.6341  0.7883  5.7609  0.000040
epoch:42 0.7166  0.9287  0.7671  0.5550  0.5605  0.7382  0.6824  0.7552  0.7552  0.5583  0.6237  0.7746  6.0448  0.000040
epoch:43 0.7141  0.9291  0.7763  0.5600  0.5650  0.7390  0.6840  0.7551  0.7551  0.5631  0.6277  0.7817  5.9417  0.000040
epoch:44 0.7097  0.9252  0.7920  0.5764  0.5768  0.7276  0.6724  0.7487  0.7487  0.5845  0.6298  0.7662  5.8050  0.000040
epoch:45 0.7076  0.9285  0.7817  0.5599  0.5618  0.7371  0.6797  0.7511  0.7511  0.5631  0.6218  0.7815  5.9733  0.000040
epoch:46 0.7226  0.9426  0.7827  0.5933  0.5693  0.7532  0.6900  0.7633  0.7633  0.5964  0.6119  0.8018  5.7504  0.000040
epoch:47 0.7165  0.9409  0.7804  0.5883  0.5646  0.7485  0.6864  0.7569  0.7569  0.5917  0.6258  0.7950  5.8948  0.000040
epoch:48 0.7166  0.9314  0.7723  0.5600  0.5644  0.7261  0.6821  0.7553  0.7553  0.5631  0.6222  0.7695  5.9153  0.000040
epoch:49 0.7164  0.9286  0.7795  0.5550  0.5622  0.7525  0.6876  0.7588  0.7588  0.5583  0.6258  0.8047  5.8548  0.000040
epoch:50 0.7031  0.9400  0.7724  0.5593  0.5706  0.7196  0.6703  0.7425  0.7425  0.5667  0.6282  0.7559  6.1570  0.000040
epoch:51 0.7119  0.9285  0.7682  0.5550  0.5705  0.7448  0.6804  0.7548  0.7548  0.5583  0.6277  0.8013  5.6535  0.000040
epoch:52 0.6919  0.9396  0.7721  0.5550  0.5730  0.7104  0.6539  0.7281  0.7281  0.5583  0.6297  0.7433  5.7954  0.000040
epoch:53 0.6992  0.9269  0.7549  0.5550  0.5749  0.7099  0.6650  0.7404  0.7404  0.5583  0.6321  0.7504  5.8121  0.000040
epoch:54 0.7239  0.9429  0.7668  0.5692  0.5752  0.7342  0.6904  0.7648  0.7648  0.5762  0.6345  0.7789  6.0462  0.000040
epoch:55 0.7194  0.9286  0.7780  0.5933  0.5714  0.7396  0.6859  0.7577  0.7577  0.5964  0.6301  0.7782  5.7311  0.000040
epoch:56 0.7043  0.9271  0.7845  0.5675  0.5840  0.7196  0.6684  0.7459  0.7459  0.5750  0.6420  0.7572  5.8394  0.000040
epoch:57 0.7070  0.9281  0.7601  0.5550  0.5644  0.7191  0.6781  0.7504  0.7504  0.5583  0.6282  0.7650  5.9718  0.000040
epoch:58 0.7031  0.9221  0.7519  0.5593  0.5708  0.7152  0.6763  0.7501  0.7501  0.5667  0.6254  0.7651  5.7816  0.000040
epoch:59 0.7218  0.9293  0.7779  0.5550  0.5702  0.7508  0.6915  0.7630  0.7630  0.5583  0.6321  0.7933  5.9386  0.000040
epoch:60 0.7068  0.9264  0.7580  0.5550  0.5664  0.7226  0.6751  0.7482  0.7482  0.5583  0.6174  0.7669  5.8502  0.000040
epoch:61 0.6987  0.9404  0.7856  0.5599  0.5708  0.7291  0.6647  0.7379  0.7379  0.5631  0.6277  0.7707  5.7837  0.000040
epoch:62 0.7404  0.9430  0.7655  0.5883  0.5626  0.7597  0.7078  0.7810  0.7810  0.5917  0.6222  0.8073  5.8044  0.000040
epoch:63 0.6907  0.9149  0.7681  0.5714  0.5722  0.6968  0.6582  0.7338  0.7338  0.5798  0.6234  0.7429  5.9792  0.000040
epoch:64 0.7160  0.9422  0.7707  0.5883  0.5487  0.7297  0.6824  0.7556  0.7556  0.5917  0.5924  0.7763  5.8276  0.000040
epoch:65 0.7221  0.9317  0.7815  0.5933  0.5746  0.7317  0.6837  0.7575  0.7575  0.5964  0.6218  0.7713  5.8776  0.000040
epoch:66 0.7081  0.9291  0.7635  0.5550  0.5692  0.7326  0.6789  0.7522  0.7522  0.5583  0.6365  0.7797  5.8030  0.000040
epoch:67 0.7215  0.9262  0.7799  0.5599  0.5725  0.7430  0.6874  0.7612  0.7612  0.5631  0.6321  0.7877  6.0271  0.000040
epoch:68 0.6954  0.9279  0.7639  0.5550  0.5658  0.7128  0.6642  0.7378  0.7378  0.5583  0.6277  0.7528  5.8073  0.000040
epoch:69 0.7220  0.9307  0.7717  0.5550  0.5687  0.7449  0.6881  0.7613  0.7613  0.5583  0.6277  0.7909  5.9993  0.000040
epoch:70 0.7076  0.9285  0.7623  0.5550  0.5647  0.7246  0.6752  0.7483  0.7483  0.5583  0.6258  0.7670  5.9435  0.000040
epoch:71 0.7186  0.9354  0.7727  0.5933  0.5484  0.7400  0.6823  0.7585  0.7585  0.5964  0.5901  0.7864  5.8087  0.000040
epoch:72 0.7169  0.9422  0.7676  0.5883  0.5559  0.7328  0.6840  0.7572  0.7572  0.5917  0.6166  0.7753  5.9821  0.000040
epoch:73 0.7239  0.9411  0.7743  0.5599  0.5738  0.7492  0.6905  0.7625  0.7625  0.5631  0.6321  0.7949  5.8934  0.000040
epoch:74 0.7105  0.9253  0.7680  0.5593  0.5667  0.7288  0.6820  0.7536  0.7536  0.5667  0.6297  0.7695  5.9075  0.000040
epoch:75 0.7118  0.9375  0.7719  0.5550  0.5571  0.7264  0.6740  0.7513  0.7513  0.5583  0.6107  0.7674  6.0702  0.000040
epoch:76 0.7105  0.9260  0.7651  0.5593  0.5724  0.7244  0.6716  0.7455  0.7455  0.5667  0.6297  0.7590  5.7854  0.000040
epoch:77 0.7269  0.9387  0.7777  0.5732  0.5704  0.7483  0.6912  0.7696  0.7696  0.5762  0.6282  0.8000  6.0998  0.000040
epoch:78 0.7215  0.9284  0.7828  0.5599  0.5715  0.7399  0.6860  0.7596  0.7596  0.5631  0.6277  0.7771  5.6754  0.000040
epoch:79 0.7117  0.9381  0.7781  0.5926  0.5661  0.7267  0.6814  0.7525  0.7525  0.6000  0.6214  0.7643  6.0254  0.000040
epoch:80 0.6974  0.9248  0.7744  0.5675  0.5691  0.7090  0.6714  0.7452  0.7452  0.5750  0.6234  0.7575  5.9420  0.000040
epoch:81 0.6802  0.9229  0.7507  0.5926  0.5740  0.6929  0.6581  0.7304  0.7304  0.6000  0.6401  0.7421  5.9970  0.000040
epoch:82 0.7075  0.9415  0.7634  0.5593  0.5632  0.7264  0.6722  0.7470  0.7470  0.5667  0.6194  0.7635  5.8711  0.000040
epoch:83 0.7151  0.9291  0.7668  0.5593  0.5698  0.7315  0.6832  0.7558  0.7558  0.5667  0.6277  0.7767  5.9734  0.000040
epoch:84 0.7069  0.9246  0.7686  0.5593  0.5751  0.7281  0.6761  0.7481  0.7481  0.5667  0.6377  0.7646  5.8483  0.000040
epoch:85 0.7294  0.9428  0.7690  0.5926  0.5625  0.7467  0.6944  0.7670  0.7670  0.6000  0.6198  0.7805  5.8703  0.000040
epoch:86 0.7233  0.9412  0.7737  0.5642  0.5730  0.7436  0.6911  0.7629  0.7629  0.5714  0.6325  0.7787  6.1139  0.000040
epoch:87 0.7219  0.9291  0.7739  0.5933  0.5734  0.7412  0.6906  0.7623  0.7623  0.5964  0.6277  0.7882  5.8280  0.000040
epoch:88 0.7154  0.9259  0.7710  0.5599  0.5751  0.7374  0.6821  0.7570  0.7570  0.5631  0.6321  0.7838  6.2217  0.000040
epoch:89 0.7242  0.9389  0.7881  0.5599  0.5722  0.7535  0.6885  0.7623  0.7623  0.5631  0.6282  0.8008  6.0330  0.000040
epoch:90 0.7173  0.9409  0.7696  0.5933  0.5650  0.7392  0.6855  0.7587  0.7587  0.5964  0.6198  0.7905  6.0927  0.000040
epoch:91 0.7209  0.9429  0.7745  0.5983  0.5607  0.7591  0.6858  0.7614  0.7614  0.6012  0.6146  0.8086  5.7414  0.000040
epoch:92 0.7016  0.9381  0.7535  0.5642  0.5754  0.7170  0.6737  0.7443  0.7443  0.5714  0.6341  0.7586  5.9386  0.000040
epoch:93 0.6979  0.9255  0.7738  0.5599  0.5857  0.7163  0.6656  0.7361  0.7361  0.5631  0.6420  0.7555  5.9979  0.000040
epoch:94 0.7178  0.9330  0.7679  0.5550  0.5717  0.7412  0.6909  0.7652  0.7652  0.5583  0.6301  0.7980  5.9183  0.000040
epoch:95 0.7167  0.9248  0.7595  0.5593  0.5716  0.7285  0.6887  0.7622  0.7622  0.5667  0.6321  0.7742  5.7496  0.000040
epoch:96 0.7061  0.9253  0.7538  0.5593  0.5722  0.7214  0.6804  0.7503  0.7503  0.5667  0.6297  0.7645  5.7125  0.000040
epoch:97 0.6964  0.9227  0.7638  0.5593  0.5736  0.7025  0.6678  0.7428  0.7428  0.5667  0.6337  0.7493  5.9366  0.000040
epoch:98 0.7160  0.9283  0.7861  0.5632  0.5799  0.7311  0.6801  0.7553  0.7553  0.5667  0.6444  0.7663  5.8132  0.000040
epoch:99 0.7100  0.9291  0.7658  0.5593  0.5646  0.7278  0.6778  0.7528  0.7528  0.5667  0.6214  0.7682  5.7723  0.000040
epoch:100 0.7082  0.9262  0.7604  0.5883  0.5644  0.7278  0.6774  0.7513  0.7513  0.5917  0.6254  0.7743  5.9697  0.000040
epoch:101 0.7099  0.9245  0.7775  0.5675  0.5742  0.7132  0.6830  0.7564  0.7564  0.5750  0.6301  0.7666  5.9742  0.000040
epoch:102 0.7269  0.9429  0.7629  0.5883  0.5605  0.7463  0.6912  0.7662  0.7662  0.5917  0.6194  0.7850  6.2064  0.000040
epoch:103 0.7191  0.9342  0.7776  0.5966  0.5707  0.7348  0.6892  0.7645  0.7645  0.6000  0.6289  0.7895  5.7859  0.000040
epoch:104 0.7040  0.9164  0.7604  0.5550  0.5768  0.7183  0.6709  0.7471  0.7471  0.5583  0.6361  0.7607  5.9512  0.000040
epoch:105 0.7137  0.9225  0.7568  0.5593  0.5824  0.7252  0.6856  0.7594  0.7594  0.5667  0.6424  0.7718  5.8626  0.000040
epoch:106 0.7196  0.9380  0.7695  0.5883  0.5572  0.7335  0.6828  0.7590  0.7590  0.5917  0.6127  0.7731  5.7364  0.000040
epoch:107 0.6982  0.9243  0.7612  0.5593  0.5678  0.7134  0.6678  0.7425  0.7425  0.5667  0.6277  0.7570  5.8215  0.000040
epoch:108 0.7132  0.9324  0.7681  0.5593  0.5596  0.7345  0.6867  0.7595  0.7595  0.5667  0.6130  0.7867  5.7641  0.000040
epoch:109 0.7136  0.9396  0.7664  0.5976  0.5620  0.7303  0.6843  0.7576  0.7576  0.6048  0.6170  0.7769  6.1247  0.000040
epoch:110 0.7143  0.9286  0.7644  0.5642  0.5718  0.7279  0.6814  0.7551  0.7551  0.5714  0.6356  0.7663  5.7559  0.000040
epoch:111 0.7040  0.9247  0.7610  0.5642  0.5715  0.7167  0.6739  0.7480  0.7480  0.5714  0.6301  0.7593  6.2156  0.000040
epoch:112 0.7139  0.9277  0.7609  0.5642  0.5596  0.7262  0.6850  0.7585  0.7585  0.5714  0.6151  0.7681  6.1849  0.000040
epoch:113 0.6955  0.9267  0.7709  0.5593  0.5594  0.7222  0.6692  0.7409  0.7409  0.5667  0.6111  0.7681  5.8780  0.000040
epoch:114 0.7255  0.9270  0.7888  0.5959  0.5639  0.7503  0.6967  0.7699  0.7699  0.6036  0.6091  0.8040  5.7617  0.000040
epoch:115 0.7202  0.9413  0.7744  0.5543  0.5722  0.7392  0.6901  0.7615  0.7615  0.5619  0.6380  0.7776  5.7895  0.000040
epoch:116 0.7128  0.9394  0.7662  0.5926  0.5634  0.7335  0.6893  0.7629  0.7629  0.6000  0.6170  0.7944  5.9825  0.000040
epoch:117 0.7160  0.9265  0.7643  0.5593  0.5635  0.7268  0.6884  0.7595  0.7595  0.5667  0.6214  0.7674  5.9073  0.000040
epoch:118 0.7196  0.9276  0.7729  0.5642  0.5755  0.7416  0.6910  0.7651  0.7651  0.5714  0.6404  0.7890  5.8305  0.000040
epoch:119 0.7188  0.9412  0.7686  0.5642  0.5727  0.7387  0.6853  0.7588  0.7588  0.5714  0.6376  0.7811  5.8423  0.000040
epoch:120 0.7123  0.9378  0.7713  0.5926  0.5702  0.7324  0.6867  0.7584  0.7584  0.6000  0.6297  0.7796  5.8983  0.000040
epoch:121 0.6983  0.9260  0.7644  0.5642  0.5727  0.7192  0.6700  0.7426  0.7426  0.5714  0.6282  0.7660  6.0665  0.000040
epoch:122 0.7129  0.9395  0.7511  0.5933  0.5643  0.7284  0.6822  0.7557  0.7557  0.5964  0.6190  0.7740  6.0830  0.000040
epoch:123 0.7196  0.9428  0.7622  0.6009  0.5634  0.7333  0.6883  0.7612  0.7612  0.6083  0.6151  0.7718  6.0565  0.000040
epoch:124 0.7134  0.9252  0.7633  0.5550  0.5694  0.7334  0.6846  0.7558  0.7558  0.5583  0.6282  0.7748  6.1463  0.000040
epoch:125 0.7090  0.9376  0.7634  0.5926  0.5669  0.7285  0.6819  0.7534  0.7534  0.6000  0.6277  0.7722  6.0845  0.000040
epoch:126 0.7124  0.9266  0.7633  0.5926  0.5673  0.7279  0.6859  0.7570  0.7570  0.6000  0.6258  0.7713  5.9837  0.000040
epoch:127 0.7107  0.9248  0.7604  0.5599  0.5697  0.7310  0.6814  0.7572  0.7572  0.5631  0.6297  0.7851  5.9174  0.000040
epoch:128 0.7135  0.9276  0.7627  0.5976  0.5707  0.7333  0.6835  0.7576  0.7576  0.6048  0.6337  0.7732  5.6395  0.000040
epoch:129 0.7029  0.9235  0.7697  0.5500  0.5713  0.7236  0.6759  0.7519  0.7519  0.5536  0.6297  0.7799  5.8652  0.000040
epoch:130 0.7004  0.9245  0.7455  0.5593  0.5671  0.7157  0.6767  0.7506  0.7506  0.5667  0.6214  0.7693  5.9118  0.000040
epoch:131 0.6881  0.9239  0.7543  0.5593  0.5741  0.6985  0.6566  0.7319  0.7319  0.5667  0.6297  0.7452  5.7027  0.000040
epoch:132 0.7184  0.9278  0.7730  0.5926  0.5662  0.7462  0.6911  0.7667  0.7667  0.6000  0.6254  0.8003  6.0898  0.000040
epoch:133 0.7152  0.9282  0.7668  0.5593  0.5633  0.7347  0.6854  0.7583  0.7583  0.5667  0.6170  0.7776  5.9115  0.000040
epoch:134 0.6898  0.9242  0.7536  0.5926  0.5503  0.6996  0.6616  0.7345  0.7345  0.6000  0.6004  0.7436  5.9238  0.000040
epoch:135 0.6919  0.9247  0.7452  0.5926  0.5475  0.7063  0.6651  0.7380  0.7380  0.6000  0.5905  0.7576  5.8327  0.000040
epoch:136 0.7145  0.9396  0.7527  0.5926  0.5593  0.7280  0.6849  0.7581  0.7581  0.6000  0.6170  0.7665  6.0080  0.000040
epoch:137 0.7115  0.9264  0.7651  0.5593  0.5682  0.7287  0.6786  0.7534  0.7534  0.5667  0.6277  0.7711  5.9298  0.000040
epoch:138 0.7198  0.9394  0.7608  0.5883  0.5606  0.7507  0.6925  0.7666  0.7666  0.5917  0.6198  0.8022  5.8202  0.000040
epoch:139 0.6832  0.9249  0.7603  0.5593  0.5711  0.6980  0.6563  0.7295  0.7295  0.5667  0.6356  0.7421  5.9525  0.000040
epoch:140 0.7187  0.9277  0.7649  0.5642  0.5733  0.7391  0.6919  0.7654  0.7654  0.5714  0.6321  0.7901  5.7391  0.000040
epoch:141 0.7202  0.9395  0.7560  0.5926  0.5594  0.7356  0.6923  0.7655  0.7655  0.6000  0.6155  0.7828  6.0219  0.000040
epoch:142 0.7146  0.9391  0.7575  0.5926  0.5600  0.7240  0.6868  0.7597  0.7597  0.6000  0.6194  0.7639  5.7352  0.000040
epoch:143 0.7151  0.9252  0.7541  0.5593  0.5669  0.7353  0.6853  0.7607  0.7607  0.5667  0.6277  0.7829  6.0134  0.000040
epoch:144 0.7098  0.9272  0.7530  0.5593  0.5704  0.7208  0.6813  0.7568  0.7568  0.5667  0.6361  0.7655  5.9587  0.000040
epoch:145 0.6815  0.9260  0.7543  0.5642  0.5677  0.7049  0.6570  0.7310  0.7310  0.5714  0.6273  0.7529  5.7025  0.000040
epoch:146 0.6960  0.9249  0.7623  0.5599  0.5691  0.7186  0.6723  0.7452  0.7452  0.5631  0.6321  0.7719  5.8846  0.000040
epoch:147 0.7191  0.9262  0.7664  0.5926  0.5628  0.7417  0.6900  0.7635  0.7635  0.6000  0.6230  0.7866  6.0404  0.000040
epoch:148 0.7146  0.9395  0.7530  0.5976  0.5642  0.7314  0.6832  0.7573  0.7573  0.6048  0.6194  0.7687  5.8163  0.000040
epoch:149 0.7114  0.9263  0.7511  0.5642  0.5696  0.7279  0.6839  0.7553  0.7553  0.5714  0.6258  0.7687  5.8796  0.000040
epoch:150 0.7165  0.9270  0.7609  0.5976  0.5615  0.7285  0.6845  0.7598  0.7598  0.6048  0.6151  0.7742  6.0401  0.000040
epoch:151 0.7172  0.9333  0.7603  0.5883  0.5654  0.7388  0.6911  0.7661  0.7661  0.5917  0.6246  0.7959  6.0714  0.000040
epoch:152 0.7108  0.9255  0.7765  0.5593  0.5672  0.7321  0.6846  0.7554  0.7554  0.5667  0.6258  0.7740  5.8401  0.000040
epoch:153 0.7120  0.9260  0.7572  0.5593  0.5775  0.7289  0.6861  0.7560  0.7560  0.5667  0.6380  0.7681  6.0833  0.000040
epoch:154 0.6992  0.9242  0.7578  0.5593  0.5743  0.7123  0.6713  0.7467  0.7467  0.5667  0.6380  0.7588  5.9588  0.000040
epoch:155 0.7266  0.9392  0.7667  0.6058  0.5694  0.7358  0.6922  0.7672  0.7672  0.6131  0.6202  0.7778  5.9395  0.000040
epoch:156 0.7164  0.9383  0.7626  0.5642  0.5728  0.7382  0.6855  0.7563  0.7563  0.5714  0.6282  0.7793  6.1333  0.000040
epoch:157 0.7262  0.9383  0.7681  0.5976  0.5684  0.7466  0.6947  0.7661  0.7661  0.6048  0.6222  0.7920  5.9900  0.000040
epoch:158 0.7078  0.9258  0.7538  0.5642  0.5671  0.7253  0.6821  0.7549  0.7549  0.5714  0.6254  0.7713  5.9271  0.000040
epoch:159 0.7090  0.9256  0.7594  0.5642  0.5696  0.7233  0.6786  0.7526  0.7526  0.5714  0.6297  0.7632  6.0187  0.000040
epoch:160 0.7160  0.9378  0.7673  0.5976  0.5672  0.7347  0.6889  0.7609  0.7609  0.6048  0.6237  0.7776  5.9174  0.000040
epoch:161 0.7100  0.9262  0.7568  0.5593  0.5623  0.7242  0.6871  0.7576  0.7576  0.5667  0.6234  0.7740  5.8476  0.000040
epoch:162 0.6959  0.9235  0.7677  0.5599  0.5781  0.7101  0.6653  0.7397  0.7397  0.5714  0.6313  0.7514  6.0131  0.000040
epoch:163 0.7126  0.9380  0.7684  0.5642  0.5681  0.7301  0.6833  0.7550  0.7550  0.5714  0.6277  0.7674  5.8581  0.000040
epoch:164 0.7088  0.9263  0.7696  0.5642  0.5697  0.7288  0.6821  0.7538  0.7538  0.5714  0.6337  0.7727  5.8139  0.000040
epoch:165 0.7142  0.9252  0.7548  0.5599  0.5747  0.7322  0.6848  0.7586  0.7586  0.5631  0.6337  0.7739  5.9181  0.000040
epoch:166 0.6816  0.9248  0.7484  0.5593  0.5735  0.6985  0.6558  0.7321  0.7321  0.5667  0.6420  0.7445  5.9239  0.000040
epoch:167 0.7142  0.9257  0.7538  0.5642  0.5632  0.7310  0.6850  0.7581  0.7581  0.5714  0.6214  0.7763  5.8528  0.000040
epoch:168 0.6806  0.9225  0.7560  0.5593  0.5571  0.6957  0.6530  0.7260  0.7260  0.5667  0.6151  0.7427  5.8402  0.000040
epoch:169 0.7246  0.9390  0.7622  0.5976  0.5716  0.7477  0.6909  0.7662  0.7662  0.6048  0.6277  0.7951  5.8528  0.000040
epoch:170 0.7296  0.9392  0.7695  0.5682  0.5715  0.7632  0.6935  0.7692  0.7692  0.5714  0.6198  0.8117  5.8956  0.000040
epoch:171 0.7145  0.9277  0.7694  0.5642  0.5721  0.7441  0.6886  0.7634  0.7634  0.5714  0.6361  0.7956  5.7367  0.000040
epoch:172 0.7100  0.9259  0.7616  0.5642  0.5700  0.7289  0.6813  0.7556  0.7556  0.5714  0.6262  0.7759  5.8977  0.000040
epoch:173 0.7245  0.9397  0.7649  0.5976  0.5717  0.7425  0.6923  0.7649  0.7649  0.6048  0.6305  0.7850  6.1217  0.000040
epoch:174 0.7152  0.9257  0.7602  0.5926  0.5556  0.7293  0.6901  0.7604  0.7604  0.6000  0.6131  0.7768  5.8714  0.000040
epoch:175 0.7207  0.9273  0.7735  0.5642  0.5740  0.7432  0.6889  0.7642  0.7642  0.5714  0.6361  0.7895  5.9736  0.000040
epoch:176 0.7136  0.9245  0.7645  0.5593  0.5590  0.7264  0.6889  0.7594  0.7594  0.5667  0.6151  0.7723  5.8519  0.000040
epoch:177 0.7205  0.9342  0.7658  0.5642  0.5738  0.7404  0.6945  0.7680  0.7680  0.5714  0.6353  0.7953  5.9238  0.000040
epoch:178 0.7077  0.9264  0.7615  0.5517  0.5741  0.7225  0.6811  0.7533  0.7533  0.5631  0.6341  0.7642  5.8499  0.000040
epoch:179 0.7247  0.9396  0.7537  0.6009  0.5620  0.7414  0.6942  0.7668  0.7668  0.6083  0.6139  0.7829  5.5936  0.000040
epoch:180 0.7081  0.9256  0.7621  0.5593  0.5764  0.7237  0.6814  0.7510  0.7510  0.5667  0.6341  0.7637  6.1187  0.000040
epoch:181 0.7250  0.9345  0.7635  0.5642  0.5631  0.7482  0.6953  0.7725  0.7725  0.5714  0.6238  0.8037  5.9645  0.000040
epoch:182 0.7126  0.9277  0.7720  0.5642  0.5640  0.7335  0.6825  0.7554  0.7554  0.5714  0.6174  0.7780  6.0036  0.000040
epoch:183 0.7011  0.9257  0.7556  0.5543  0.5770  0.7219  0.6682  0.7424  0.7424  0.5619  0.6361  0.7639  5.9871  0.000040
epoch:184 0.7251  0.9262  0.7627  0.5976  0.5687  0.7475  0.6964  0.7673  0.7673  0.6048  0.6258  0.7927  5.9263  0.000040
epoch:185 0.7263  0.9394  0.7688  0.5976  0.5725  0.7514  0.6937  0.7693  0.7693  0.6048  0.6282  0.8006  5.8813  0.000040
epoch:186 0.6983  0.9261  0.7902  0.5725  0.5740  0.7234  0.6727  0.7441  0.7441  0.5798  0.6273  0.7732  6.0125  0.000040
epoch:187 0.7172  0.9255  0.7594  0.5593  0.5656  0.7357  0.6891  0.7596  0.7596  0.5667  0.6234  0.7747  6.0819  0.000040
epoch:188 0.7088  0.9254  0.7601  0.5517  0.5710  0.7285  0.6801  0.7530  0.7530  0.5631  0.6277  0.7695  6.0723  0.000040
epoch:189 0.7391  0.9392  0.7781  0.6015  0.5795  0.7650  0.7072  0.7798  0.7798  0.6048  0.6310  0.8140  5.8883  0.000040
epoch:190 0.6957  0.9253  0.7597  0.5467  0.5678  0.7126  0.6743  0.7451  0.7451  0.5583  0.6317  0.7577  5.8878  0.000040
epoch:191 0.7257  0.9271  0.7741  0.5642  0.5687  0.7617  0.6942  0.7686  0.7686  0.5714  0.6258  0.8117  5.9054  0.000040
epoch:192 0.7249  0.9275  0.7645  0.5642  0.5663  0.7437  0.6923  0.7652  0.7652  0.5714  0.6234  0.7799  6.0651  0.000040
epoch:193 0.7261  0.9271  0.7729  0.5933  0.5700  0.7486  0.6924  0.7680  0.7680  0.5964  0.6258  0.7955  6.1169  0.000040
epoch:194 0.7216  0.9396  0.7528  0.5926  0.5567  0.7351  0.6893  0.7619  0.7619  0.6000  0.6131  0.7717  5.9958  0.000040
epoch:195 0.7181  0.9268  0.7630  0.5642  0.5592  0.7410  0.6936  0.7635  0.7635  0.5714  0.6175  0.7985  5.9819  0.000040
epoch:196 0.7175  0.9259  0.7589  0.5976  0.5618  0.7349  0.6886  0.7603  0.7603  0.6048  0.6194  0.7761  5.8739  0.000040
epoch:197 0.7150  0.9376  0.7600  0.5593  0.5709  0.7325  0.6869  0.7596  0.7596  0.5667  0.6361  0.7788  6.0540  0.000040
epoch:198 0.7227  0.9328  0.7627  0.5883  0.5743  0.7391  0.6922  0.7643  0.7643  0.5917  0.6293  0.7824  5.8795  0.000040
epoch:199 0.7094  0.9263  0.7679  0.5517  0.5669  0.7273  0.6857  0.7571  0.7571  0.5631  0.6317  0.7732  5.9439  0.000040
epoch:200 0.7122  0.9260  0.7686  0.5642  0.5678  0.7300  0.6857  0.7563  0.7563  0.5714  0.6254  0.7716  5.8041  0.000040
epoch:201 0.7204  0.9381  0.7552  0.5642  0.5589  0.7439  0.6941  0.7653  0.7653  0.5714  0.6301  0.7909  5.9676  0.000040
epoch:202 0.7115  0.9263  0.7640  0.5642  0.5719  0.7281  0.6831  0.7553  0.7553  0.5714  0.6345  0.7658  6.0592  0.000040
epoch:203 0.7261  0.9275  0.7697  0.5976  0.5694  0.7480  0.6957  0.7692  0.7692  0.6048  0.6258  0.7969  5.9501  0.000040
epoch:204 0.7114  0.9258  0.7754  0.5517  0.5669  0.7361  0.6875  0.7601  0.7601  0.5631  0.6317  0.7896  5.8837  0.000040
epoch:205 0.6968  0.9245  0.7607  0.5461  0.5686  0.7161  0.6661  0.7431  0.7431  0.5619  0.6298  0.7591  5.9543  0.000040
epoch:206 0.7140  0.9275  0.7703  0.5642  0.5712  0.7331  0.6904  0.7628  0.7628  0.5714  0.6282  0.7922  5.8907  0.000040
epoch:207 0.7219  0.9276  0.7643  0.5976  0.5716  0.7324  0.6878  0.7616  0.7616  0.6048  0.6277  0.7689  6.0516  0.000040
epoch:208 0.7165  0.9392  0.7646  0.5976  0.5581  0.7460  0.6882  0.7635  0.7635  0.6048  0.6242  0.7944  5.7312  0.000040
epoch:209 0.7231  0.9279  0.7821  0.5725  0.5703  0.7450  0.6894  0.7644  0.7644  0.5798  0.6174  0.7956  5.8216  0.000040
epoch:210 0.7181  0.9264  0.7649  0.5642  0.5778  0.7335  0.6874  0.7610  0.7610  0.5714  0.6356  0.7731  5.9038  0.000040
epoch:211 0.6955  0.9258  0.7594  0.5642  0.5757  0.7113  0.6678  0.7377  0.7377  0.5714  0.6337  0.7510  6.0437  0.000040
epoch:212 0.7211  0.9273  0.7636  0.6058  0.5707  0.7266  0.6884  0.7619  0.7619  0.6131  0.6159  0.7726  5.8265  0.000040
epoch:213 0.7163  0.9264  0.7648  0.5593  0.5658  0.7357  0.6872  0.7584  0.7584  0.5667  0.6234  0.7736  5.7974  0.000040
epoch:214 0.7020  0.9262  0.7614  0.5517  0.5683  0.7182  0.6693  0.7436  0.7436  0.5631  0.6293  0.7562  5.7814  0.000040
epoch:215 0.7122  0.9263  0.7563  0.5642  0.5731  0.7215  0.6837  0.7551  0.7551  0.5714  0.6341  0.7602  5.7899  0.000040
epoch:216 0.7091  0.9257  0.7764  0.5599  0.5768  0.7322  0.6799  0.7531  0.7531  0.5714  0.6321  0.7791  5.7876  0.000040
epoch:217 0.7260  0.9461  0.7652  0.5926  0.5637  0.7529  0.6951  0.7692  0.7692  0.6000  0.6127  0.8049  5.9125  0.000040
epoch:218 0.7094  0.9245  0.7676  0.5550  0.5841  0.7237  0.6792  0.7522  0.7522  0.5667  0.6424  0.7635  5.8336  0.000040
epoch:219 0.7117  0.9248  0.7509  0.5642  0.5798  0.7245  0.6816  0.7552  0.7552  0.5714  0.6365  0.7655  5.6701  0.000040
epoch:220 0.7205  0.9264  0.7712  0.5642  0.5765  0.7413  0.6920  0.7637  0.7637  0.5714  0.6384  0.7872  5.9182  0.000040
epoch:221 0.7172  0.9263  0.7713  0.5642  0.5690  0.7413  0.6902  0.7616  0.7616  0.5714  0.6341  0.7901  5.8277  0.000040
epoch:222 0.6939  0.9230  0.7763  0.5550  0.5682  0.7108  0.6669  0.7407  0.7407  0.5667  0.6174  0.7569  5.8585  0.000040
epoch:223 0.7174  0.9262  0.7576  0.5593  0.5664  0.7404  0.6907  0.7621  0.7621  0.5667  0.6258  0.7866  5.9802  0.000040
epoch:224 0.7260  0.9393  0.7607  0.5976  0.5674  0.7495  0.6966  0.7698  0.7698  0.6048  0.6218  0.8030  5.9359  0.000040
epoch:225 0.7216  0.9379  0.7612  0.5976  0.5665  0.7322  0.6928  0.7642  0.7642  0.6048  0.6198  0.7718  5.8588  0.000040
epoch:226 0.7200  0.9264  0.7693  0.5642  0.5721  0.7361  0.6902  0.7617  0.7617  0.5714  0.6297  0.7744  5.9215  0.000040
epoch:227 0.7231  0.9271  0.7622  0.5976  0.5566  0.7498  0.6908  0.7658  0.7658  0.6048  0.6076  0.8011  6.0559  0.000040
epoch:228 0.7155  0.9257  0.7595  0.5642  0.5766  0.7306  0.6902  0.7604  0.7604  0.5714  0.6341  0.7706  5.7783  0.000040
epoch:229 0.7146  0.9318  0.7563  0.5467  0.5698  0.7337  0.6852  0.7599  0.7599  0.5583  0.6298  0.7816  6.0805  0.000040
epoch:230 0.7035  0.9247  0.7538  0.5517  0.5753  0.7186  0.6735  0.7473  0.7473  0.5631  0.6341  0.7587  5.8065  0.000040
epoch:231 0.7167  0.9278  0.7819  0.5675  0.5684  0.7317  0.6909  0.7635  0.7635  0.5750  0.6131  0.7786  5.8835  0.000040
epoch:232 0.7223  0.9273  0.7661  0.5976  0.5660  0.7392  0.6933  0.7666  0.7666  0.6048  0.6238  0.7879  5.8680  0.000040
epoch:233 0.7127  0.9265  0.7632  0.5642  0.5717  0.7306  0.6878  0.7583  0.7583  0.5714  0.6298  0.7735  6.0944  0.000040
epoch:234 0.6993  0.9259  0.7692  0.5642  0.5672  0.7169  0.6721  0.7430  0.7430  0.5714  0.6234  0.7583  5.8257  0.000040
epoch:235 0.7270  0.9273  0.7702  0.5893  0.5741  0.7581  0.6949  0.7696  0.7696  0.5917  0.6198  0.8069  6.0691  0.000040
epoch:236 0.7227  0.9283  0.7639  0.6058  0.5693  0.7326  0.6904  0.7642  0.7642  0.6131  0.6194  0.7746  5.9412  0.000040
epoch:237 0.6973  0.9264  0.7640  0.5517  0.5635  0.7167  0.6652  0.7392  0.7392  0.5631  0.6214  0.7544  5.7090  0.000040
epoch:238 0.7076  0.9261  0.7641  0.5642  0.5649  0.7174  0.6776  0.7507  0.7507  0.5714  0.6234  0.7573  5.8371  0.000040
epoch:239 0.7184  0.9257  0.7788  0.5675  0.5719  0.7362  0.6860  0.7592  0.7592  0.5750  0.6258  0.7748  5.8568  0.000040
epoch:240 0.7187  0.9258  0.7711  0.5642  0.5731  0.7411  0.6905  0.7620  0.7620  0.5714  0.6282  0.7909  5.9343  0.000040
epoch:241 0.7168  0.9344  0.7677  0.5642  0.5621  0.7398  0.6883  0.7667  0.7667  0.5714  0.6301  0.7861  5.9427  0.000040
epoch:242 0.7007  0.9270  0.7615  0.5850  0.5627  0.7179  0.6714  0.7425  0.7425  0.5964  0.6194  0.7555  6.0923  0.000040
epoch:243 0.7253  0.9397  0.7586  0.5976  0.5494  0.7517  0.6950  0.7682  0.7682  0.6048  0.6071  0.7939  6.0724  0.000040
epoch:244 0.7258  0.9349  0.7547  0.5593  0.5557  0.7510  0.6959  0.7718  0.7718  0.5667  0.6258  0.7949  5.9140  0.000040
epoch:245 0.7171  0.9266  0.7729  0.5642  0.5637  0.7354  0.6900  0.7599  0.7599  0.5714  0.6234  0.7755  5.8948  0.000040
epoch:246 0.7295  0.9273  0.7663  0.5642  0.5660  0.7508  0.6945  0.7695  0.7695  0.5714  0.6238  0.7875  5.9502  0.000040
epoch:247 0.6994  0.9255  0.7722  0.5675  0.5800  0.7144  0.6669  0.7394  0.7394  0.5750  0.6361  0.7491  6.1178  0.000040
epoch:248 0.7076  0.9250  0.7611  0.5896  0.5771  0.7275  0.6728  0.7487  0.7487  0.6012  0.6337  0.7661  5.8421  0.000040
epoch:249 0.7203  0.9281  0.7607  0.5976  0.5593  0.7395  0.6880  0.7624  0.7624  0.6048  0.6135  0.7861  5.9003  0.000040
epoch:250 0.7178  0.9263  0.7617  0.5642  0.5683  0.7365  0.6938  0.7637  0.7637  0.5714  0.6214  0.7896  6.0234  0.000040
epoch:251 0.7236  0.9267  0.7800  0.5642  0.5771  0.7530  0.6944  0.7662  0.7662  0.5714  0.6258  0.8046  5.8384  0.000040
epoch:252 0.7312  0.9283  0.7679  0.5976  0.5668  0.7570  0.7035  0.7746  0.7746  0.6048  0.6135  0.8177  6.0678  0.000040
epoch:253 0.7096  0.9254  0.7727  0.5550  0.5776  0.7267  0.6786  0.7512  0.7512  0.5667  0.6337  0.7645  6.1354  0.000040
epoch:254 0.7036  0.9264  0.7557  0.5517  0.5670  0.7241  0.6754  0.7476  0.7476  0.5631  0.6317  0.7648  5.8540  0.000040
epoch:255 0.7164  0.9264  0.7738  0.5642  0.5667  0.7360  0.6879  0.7582  0.7582  0.5714  0.6258  0.7727  5.9111  0.000040
epoch:256 0.7213  0.9395  0.7720  0.5976  0.5551  0.7537  0.6987  0.7719  0.7719  0.6048  0.6095  0.8106  5.8774  0.000040
epoch:257 0.7250  0.9394  0.7616  0.6058  0.5724  0.7425  0.6908  0.7658  0.7658  0.6131  0.6179  0.7884  6.0022  0.000040
epoch:258 0.7181  0.9274  0.7612  0.6022  0.5748  0.7335  0.6879  0.7612  0.7612  0.6095  0.6174  0.7792  6.1114  0.000040
epoch:259 0.7055  0.9268  0.7699  0.5976  0.5817  0.7198  0.6749  0.7478  0.7478  0.6048  0.6301  0.7623  5.9546  0.000040
epoch:260 0.7159  0.9261  0.7651  0.5642  0.5750  0.7323  0.6872  0.7575  0.7575  0.5714  0.6234  0.7715  5.9090  0.000040
epoch:261 0.7110  0.9361  0.7881  0.5725  0.5776  0.7375  0.6773  0.7511  0.7511  0.5798  0.6365  0.7809  5.9703  0.000040
epoch:262 0.7242  0.9378  0.7713  0.6058  0.5762  0.7496  0.6935  0.7649  0.7649  0.6131  0.6282  0.7968  5.7633  0.000040
epoch:263 0.7300  0.9273  0.7726  0.5642  0.5836  0.7472  0.6957  0.7710  0.7710  0.5714  0.6365  0.7862  5.9752  0.000040
epoch:264 0.7136  0.9263  0.7646  0.5467  0.5676  0.7408  0.6886  0.7599  0.7599  0.5583  0.6317  0.7919  6.0420  0.000040
epoch:265 0.7268  0.9389  0.7681  0.5725  0.5708  0.7574  0.6904  0.7648  0.7648  0.5798  0.6238  0.7964  5.9768  0.000040
epoch:266 0.7157  0.9266  0.7573  0.5689  0.5699  0.7300  0.6841  0.7586  0.7586  0.5762  0.6174  0.7771  6.1369  0.000040
epoch:267 0.7291  0.9383  0.7818  0.5725  0.5748  0.7436  0.6955  0.7669  0.7669  0.5798  0.6111  0.7807  5.7868  0.000040
epoch:268 0.7209  0.9394  0.7560  0.5976  0.5623  0.7340  0.6910  0.7636  0.7636  0.6048  0.6179  0.7709  5.8158  0.000040
epoch:269 0.7181  0.9263  0.7765  0.5642  0.5780  0.7341  0.6866  0.7587  0.7587  0.5714  0.6277  0.7737  6.0368  0.000040
epoch:270 0.7256  0.9282  0.7875  0.6058  0.5736  0.7481  0.6923  0.7670  0.7670  0.6131  0.6262  0.7964  5.8657  0.000040
epoch:271 0.7145  0.9256  0.7617  0.5593  0.5764  0.7270  0.6850  0.7588  0.7588  0.5667  0.6298  0.7694  5.9122  0.000040
epoch:272 0.7344  0.9392  0.7762  0.6058  0.5637  0.7696  0.7021  0.7774  0.7774  0.6131  0.6115  0.8254  5.8879  0.000040
epoch:273 0.7114  0.9268  0.7777  0.5675  0.5643  0.7325  0.6847  0.7547  0.7547  0.5750  0.6151  0.7827  5.9493  0.000040
epoch:274 0.7201  0.9264  0.7742  0.5850  0.5765  0.7408  0.6900  0.7620  0.7620  0.5964  0.6384  0.7803  5.9747  0.000040
epoch:275 0.7127  0.9249  0.7650  0.5517  0.5797  0.7281  0.6811  0.7552  0.7552  0.5631  0.6258  0.7689  5.7331  0.000040
epoch:276 0.7219  0.9273  0.7668  0.6058  0.5682  0.7389  0.6884  0.7625  0.7625  0.6131  0.6135  0.7877  5.8798  0.000040
epoch:277 0.7142  0.9270  0.7606  0.5642  0.5707  0.7346  0.6885  0.7602  0.7602  0.5714  0.6341  0.7830  5.9224  0.000040
epoch:278 0.7293  0.9394  0.7668  0.6058  0.5759  0.7519  0.6982  0.7717  0.7717  0.6131  0.6174  0.8037  5.7021  0.000040
epoch:279 0.7220  0.9263  0.7666  0.5517  0.5736  0.7542  0.6948  0.7683  0.7683  0.5631  0.6301  0.8112  5.8934  0.000040
epoch:280 0.7202  0.9396  0.7519  0.5725  0.5637  0.7376  0.6928  0.7639  0.7639  0.5798  0.6179  0.7829  5.9385  0.000040
epoch:281 0.7087  0.9254  0.7529  0.5467  0.5710  0.7266  0.6778  0.7517  0.7517  0.5583  0.6313  0.7660  5.8963  0.000040
epoch:282 0.7234  0.9393  0.7654  0.6058  0.5458  0.7500  0.6975  0.7704  0.7704  0.6131  0.6048  0.8056  5.7201  0.000040
epoch:283 0.7267  0.9286  0.7803  0.6141  0.5646  0.7470  0.6967  0.7696  0.7696  0.6214  0.6091  0.7937  6.0717  0.000040
epoch:284 0.7209  0.9277  0.7717  0.5593  0.5764  0.7410  0.6859  0.7613  0.7613  0.5667  0.6273  0.7765  5.9964  0.000040
epoch:285 0.7206  0.9253  0.7821  0.5603  0.5840  0.7456  0.6870  0.7611  0.7611  0.5702  0.6401  0.7861  5.9842  0.000040
epoch:286 0.7239  0.9264  0.7773  0.5517  0.5850  0.7452  0.6941  0.7643  0.7643  0.5631  0.6444  0.7795  6.0057  0.000040
epoch:287 0.7150  0.9266  0.7791  0.5599  0.5691  0.7383  0.6822  0.7556  0.7556  0.5714  0.6174  0.7865  5.9704  0.000040
epoch:288 0.7165  0.9256  0.7792  0.5599  0.5847  0.7311  0.6852  0.7591  0.7591  0.5714  0.6384  0.7703  5.9780  0.000040
epoch:289 0.7152  0.9264  0.7731  0.5599  0.5756  0.7351  0.6864  0.7577  0.7577  0.5714  0.6214  0.7803  5.9798  0.000040
epoch:290 0.7270  0.9281  0.7657  0.5936  0.5493  0.7623  0.6985  0.7726  0.7726  0.6000  0.6012  0.8159  5.8681  0.000040
epoch:291 0.7111  0.9254  0.7613  0.5850  0.5685  0.7264  0.6809  0.7539  0.7539  0.5964  0.6258  0.7656  6.0364  0.000040
epoch:292 0.7119  0.9259  0.7660  0.5517  0.5813  0.7312  0.6835  0.7532  0.7532  0.5631  0.6337  0.7683  5.9360  0.000040
epoch:293 0.7114  0.9265  0.7618  0.5467  0.5738  0.7287  0.6856  0.7554  0.7554  0.5583  0.6317  0.7676  5.7868  0.000040
epoch:294 0.7168  0.9264  0.7654  0.5850  0.5707  0.7374  0.6922  0.7633  0.7633  0.5964  0.6341  0.7821  5.9472  0.000040
epoch:295 0.7210  0.9277  0.7658  0.5642  0.5738  0.7431  0.6879  0.7617  0.7617  0.5714  0.6238  0.7879  6.0260  0.000040
epoch:296 0.7117  0.9257  0.7714  0.5550  0.5850  0.7265  0.6825  0.7564  0.7564  0.5667  0.6341  0.7700  5.9339  0.000040
epoch:297 0.7097  0.9259  0.7572  0.5642  0.5705  0.7265  0.6830  0.7532  0.7532  0.5714  0.6297  0.7645  5.8845  0.000040
epoch:298 0.7110  0.9243  0.7650  0.5510  0.5711  0.7274  0.6812  0.7555  0.7555  0.5667  0.6277  0.7689  6.0058  0.000040
epoch:299 0.7222  0.9263  0.7738  0.5599  0.5696  0.7582  0.6932  0.7643  0.7643  0.5714  0.6155  0.8102  6.0878  0.000040
epoch:300 0.7125  0.9264  0.7677  0.5850  0.5688  0.7412  0.6877  0.7588  0.7588  0.5964  0.6195  0.7936  5.8020  0.000040
epoch:301 0.7096  0.9255  0.7603  0.5467  0.5733  0.7348  0.6849  0.7557  0.7557  0.5583  0.6262  0.7843  5.8094  0.000040
epoch:302 0.7230  0.9277  0.7648  0.5642  0.5755  0.7416  0.6906  0.7656  0.7656  0.5714  0.6198  0.7918  6.1365  0.000040
epoch:303 0.7172  0.9264  0.7680  0.5467  0.5686  0.7439  0.6860  0.7600  0.7600  0.5583  0.6277  0.7872  5.9421  0.000040
epoch:304 0.7120  0.9276  0.7606  0.5467  0.5620  0.7326  0.6849  0.7578  0.7578  0.5583  0.6234  0.7736  6.0418  0.000040
epoch:305 0.7248  0.9279  0.7625  0.5850  0.5737  0.7325  0.6893  0.7640  0.7640  0.5964  0.6198  0.7808  5.9166  0.000040
epoch:306 0.7106  0.9257  0.7653  0.5467  0.5868  0.7257  0.6817  0.7525  0.7525  0.5583  0.6420  0.7634  6.0047  0.000040
epoch:307 0.7030  0.9187  0.7592  0.5510  0.5834  0.7163  0.6708  0.7451  0.7451  0.5667  0.6401  0.7538  5.8225  0.000040
epoch:308 0.7113  0.9249  0.7714  0.5467  0.5819  0.7272  0.6801  0.7540  0.7540  0.5583  0.6337  0.7679  5.9264  0.000040
epoch:309 0.7200  0.9283  0.7726  0.5517  0.5671  0.7401  0.6882  0.7623  0.7623  0.5631  0.6194  0.7802  5.6867  0.000040
epoch:310 0.7272  0.9285  0.7596  0.5976  0.5655  0.7453  0.6964  0.7693  0.7693  0.6048  0.6071  0.7846  5.7745  0.000040
epoch:311 0.7230  0.9271  0.7707  0.5933  0.5640  0.7441  0.6928  0.7639  0.7639  0.6048  0.6174  0.7837  5.7590  0.000040
epoch:312 0.7220  0.9395  0.7709  0.5933  0.5558  0.7465  0.6942  0.7674  0.7674  0.6048  0.6091  0.7963  6.0243  0.000040
epoch:313 0.7093  0.9263  0.7670  0.5517  0.5777  0.7216  0.6826  0.7525  0.7525  0.5631  0.6277  0.7611  5.9921  0.000040
epoch:314 0.7166  0.9263  0.7671  0.5517  0.5742  0.7369  0.6900  0.7614  0.7614  0.5631  0.6361  0.7760  5.8824  0.000040
epoch:315 0.7225  0.9284  0.7681  0.5599  0.5678  0.7445  0.6903  0.7641  0.7641  0.5714  0.6258  0.7812  5.9589  0.000040
epoch:316 0.7247  0.9390  0.7717  0.6009  0.5654  0.7540  0.6936  0.7680  0.7680  0.6083  0.6238  0.7961  6.1364  0.000040
epoch:317 0.7246  0.9391  0.7630  0.6019  0.5711  0.7471  0.6922  0.7657  0.7657  0.6083  0.5992  0.8009  5.9919  0.000040
epoch:318 0.7149  0.9254  0.7607  0.5517  0.5739  0.7327  0.6837  0.7566  0.7566  0.5631  0.6258  0.7708  5.6751  0.000040
epoch:319 0.7163  0.9283  0.7670  0.5642  0.5608  0.7391  0.6839  0.7586  0.7586  0.5714  0.6218  0.7803  5.8325  0.000040
epoch:320 0.7232  0.9393  0.7654  0.5936  0.5484  0.7579  0.6969  0.7717  0.7717  0.6000  0.5988  0.8180  6.1907  0.000040
epoch:321 0.7252  0.9285  0.7601  0.5933  0.5593  0.7400  0.6965  0.7682  0.7682  0.6048  0.6151  0.7897  6.1740  0.000040
epoch:322 0.7241  0.9394  0.7534  0.6058  0.5637  0.7421  0.6961  0.7681  0.7681  0.6131  0.6242  0.7794  5.8900  0.000040
epoch:323 0.7224  0.9252  0.7771  0.6009  0.5814  0.7385  0.6918  0.7638  0.7638  0.6083  0.6282  0.7768  5.9131  0.000040
epoch:324 0.7170  0.9195  0.7444  0.5976  0.5590  0.7336  0.6888  0.7603  0.7603  0.6048  0.6155  0.7735  5.8629  0.000040
epoch:325 0.7283  0.9353  0.7726  0.5725  0.5770  0.7540  0.6915  0.7668  0.7668  0.5798  0.6115  0.8004  5.9760  0.000040
epoch:326 0.7124  0.9264  0.7672  0.5800  0.5617  0.7397  0.6903  0.7608  0.7608  0.5917  0.6234  0.7861  5.7278  0.000040
epoch:327 0.7191  0.9258  0.7711  0.5467  0.5706  0.7411  0.6871  0.7589  0.7589  0.5583  0.6238  0.7769  5.9158  0.000040
epoch:328 0.7163  0.9263  0.7644  0.5418  0.5690  0.7381  0.6825  0.7560  0.7560  0.5536  0.6218  0.7735  5.8173  0.000040
epoch:329 0.7117  0.9247  0.7595  0.5543  0.5732  0.7281  0.6787  0.7529  0.7529  0.5619  0.6298  0.7658  5.9578  0.000040
epoch:330 0.7211  0.9256  0.7556  0.5972  0.5701  0.7353  0.6889  0.7614  0.7614  0.6048  0.6210  0.7747  5.9216  0.000040
epoch:331 0.7232  0.9284  0.7561  0.5933  0.5542  0.7403  0.6941  0.7673  0.7673  0.6048  0.6111  0.7812  6.0460  0.000040
epoch:332 0.7228  0.9282  0.7543  0.5933  0.5488  0.7401  0.6921  0.7642  0.7642  0.6048  0.5924  0.7865  5.9383  0.000040
epoch:333 0.7043  0.9191  0.7789  0.5784  0.5865  0.7160  0.6790  0.7501  0.7501  0.5905  0.6317  0.7632  6.0229  0.000040
epoch:334 0.7194  0.9283  0.7543  0.5976  0.5599  0.7348  0.6911  0.7640  0.7640  0.6048  0.6174  0.7768  6.1248  0.000040
epoch:335 0.7309  0.9280  0.7805  0.6058  0.5827  0.7501  0.6951  0.7710  0.7710  0.6131  0.6282  0.8003  6.1042  0.000040
epoch:336 0.7156  0.9264  0.7629  0.5517  0.5893  0.7389  0.6882  0.7578  0.7578  0.5631  0.6317  0.7827  6.0452  0.000040
epoch:337 0.7125  0.9215  0.7619  0.5467  0.5799  0.7280  0.6840  0.7551  0.7551  0.5583  0.6254  0.7689  6.0151  0.000040
epoch:338 0.7188  0.9254  0.7645  0.5543  0.5878  0.7331  0.6855  0.7606  0.7606  0.5619  0.6341  0.7742  5.8857  0.000040
epoch:339 0.7229  0.9245  0.7789  0.5418  0.5934  0.7499  0.6893  0.7632  0.7632  0.5536  0.6365  0.7906  5.7619  0.000040
epoch:340 0.7214  0.9257  0.7690  0.5642  0.5832  0.7374  0.6902  0.7606  0.7606  0.5714  0.6361  0.7718  5.8342  0.000040
epoch:341 0.7027  0.9188  0.7694  0.5800  0.5694  0.7120  0.6752  0.7466  0.7466  0.5917  0.6151  0.7563  5.8885  0.000040
epoch:342 0.7280  0.9283  0.7562  0.5976  0.5679  0.7437  0.6998  0.7718  0.7718  0.6048  0.6341  0.7910  5.7627  0.000040
epoch:343 0.7246  0.9393  0.7676  0.5933  0.5524  0.7521  0.6941  0.7679  0.7679  0.6048  0.6071  0.7984  5.9276  0.000040
epoch:344 0.7212  0.9257  0.7735  0.5467  0.5827  0.7535  0.6887  0.7624  0.7624  0.5583  0.6365  0.7946  5.8449  0.000040
epoch:345 0.7248  0.9270  0.7777  0.5599  0.5756  0.7413  0.6946  0.7648  0.7648  0.5714  0.6234  0.7847  5.8245  0.000040
epoch:346 0.7123  0.9200  0.7675  0.5418  0.5912  0.7352  0.6810  0.7551  0.7551  0.5536  0.6361  0.7785  6.0557  0.000040
epoch:347 0.7144  0.9270  0.7561  0.5517  0.5679  0.7299  0.6893  0.7589  0.7589  0.5631  0.6341  0.7758  6.2447  0.000040
epoch:348 0.7035  0.9192  0.7635  0.5556  0.5754  0.7144  0.6804  0.7520  0.7520  0.5714  0.6365  0.7611  5.9237  0.000040
epoch:349 0.7275  0.9380  0.7597  0.6058  0.5524  0.7449  0.7004  0.7713  0.7713  0.6131  0.6071  0.7982  5.9215  0.000040
epoch:350 0.7205  0.9267  0.7716  0.5543  0.5696  0.7490  0.6897  0.7602  0.7602  0.5619  0.6214  0.7906  5.8140  0.000040
epoch:351 0.7191  0.9269  0.7736  0.5850  0.5859  0.7366  0.6876  0.7601  0.7601  0.5964  0.6384  0.7744  5.8081  0.000040
epoch:352 0.7302  0.9395  0.7613  0.6019  0.5670  0.7516  0.6997  0.7724  0.7724  0.6083  0.6238  0.7899  6.0621  0.000040
epoch:353 0.7197  0.9270  0.7596  0.6022  0.5738  0.7343  0.6878  0.7616  0.7616  0.6095  0.6238  0.7749  5.7764  0.000040
epoch:354 0.7227  0.9261  0.7692  0.5642  0.5761  0.7388  0.6891  0.7608  0.7608  0.5714  0.6282  0.7737  5.9222  0.000040
epoch:355 0.7279  0.9285  0.7655  0.5725  0.5651  0.7463  0.6984  0.7701  0.7701  0.5798  0.6214  0.7886  5.9783  0.000040
epoch:356 0.7075  0.9184  0.7717  0.5411  0.5870  0.7174  0.6789  0.7535  0.7535  0.5571  0.6337  0.7663  5.8910  0.000040
epoch:357 0.7224  0.9272  0.7821  0.5467  0.5719  0.7447  0.6906  0.7606  0.7606  0.5583  0.6297  0.7777  5.8539  0.000040
epoch:358 0.7223  0.9283  0.7710  0.5850  0.5579  0.7424  0.6920  0.7658  0.7658  0.5964  0.6111  0.7833  5.9880  0.000040
epoch:359 0.7194  0.9264  0.7559  0.5642  0.5683  0.7380  0.6873  0.7597  0.7597  0.5714  0.6282  0.7715  5.9842  0.000040
epoch:360 0.7249  0.9272  0.7686  0.5517  0.5815  0.7380  0.6903  0.7606  0.7606  0.5631  0.6297  0.7707  6.0240  0.000040
epoch:361 0.7129  0.9196  0.7677  0.5593  0.5899  0.7251  0.6815  0.7540  0.7540  0.5667  0.6361  0.7645  6.0436  0.000040
epoch:362 0.7185  0.9224  0.7609  0.5467  0.5770  0.7386  0.6908  0.7645  0.7645  0.5583  0.6341  0.7905  5.8854  0.000040
epoch:363 0.7112  0.9213  0.7643  0.5850  0.5684  0.7308  0.6903  0.7620  0.7620  0.5964  0.6277  0.7802  5.9177  0.000040
epoch:364 0.7078  0.9190  0.7630  0.5889  0.5907  0.7154  0.6794  0.7532  0.7532  0.6048  0.6365  0.7624  5.8765  0.000040
epoch:365 0.7111  0.9214  0.7620  0.5467  0.5828  0.7328  0.6882  0.7588  0.7588  0.5583  0.6424  0.7862  5.9402  0.000040
epoch:366 0.7193  0.9281  0.7720  0.5642  0.5606  0.7481  0.6914  0.7655  0.7655  0.5714  0.6214  0.7969  5.8793  0.000040
epoch:367 0.7317  0.9391  0.7628  0.6058  0.5647  0.7553  0.6990  0.7752  0.7752  0.6131  0.6091  0.8047  5.8372  0.000040
epoch:368 0.7347  0.9395  0.7671  0.6019  0.5650  0.7712  0.7087  0.7816  0.7816  0.6083  0.6079  0.8285  6.0903  0.000040
epoch:369 0.7101  0.9229  0.7580  0.5843  0.5790  0.7235  0.6890  0.7563  0.7563  0.6000  0.6341  0.7685  5.9012  0.000040
epoch:370 0.7230  0.9267  0.7769  0.5751  0.5657  0.7560  0.6937  0.7675  0.7675  0.5869  0.6282  0.8024  6.0881  0.000040
epoch:371 0.7083  0.9193  0.7883  0.5827  0.5852  0.7267  0.6782  0.7522  0.7522  0.5988  0.6254  0.7696  6.0604  0.000040
epoch:372 0.7223  0.9271  0.7631  0.5850  0.5564  0.7432  0.6945  0.7662  0.7662  0.5964  0.6111  0.7881  5.9776  0.000040
epoch:373 0.7172  0.9221  0.7523  0.5517  0.5709  0.7292  0.6932  0.7640  0.7640  0.5631  0.6297  0.7747  5.8850  0.000040
epoch:374 0.7193  0.9284  0.7742  0.5517  0.5702  0.7471  0.6905  0.7640  0.7640  0.5631  0.6277  0.7900  5.8874  0.000040
epoch:375 0.7239  0.9270  0.7661  0.5893  0.5613  0.7532  0.6925  0.7657  0.7657  0.6000  0.6174  0.7922  6.0295  0.000040
epoch:376 0.7146  0.9284  0.7486  0.5933  0.5559  0.7311  0.6872  0.7599  0.7599  0.6048  0.6131  0.7712  6.0172  0.000040
epoch:377 0.7371  0.9382  0.7690  0.6058  0.5586  0.7633  0.6996  0.7746  0.7746  0.6131  0.5924  0.8111  6.1047  0.000040
epoch:378 0.7123  0.9204  0.7660  0.5517  0.5776  0.7297  0.6826  0.7540  0.7540  0.5631  0.6277  0.7674  6.0942  0.000040
epoch:379 0.7237  0.9392  0.7553  0.6058  0.5733  0.7360  0.6914  0.7667  0.7667  0.6131  0.6170  0.7842  6.0857  0.000040
epoch:380 0.7171  0.9271  0.7585  0.5517  0.5657  0.7399  0.6908  0.7634  0.7634  0.5631  0.6258  0.7898  5.9595  0.000040
epoch:381 0.7314  0.9393  0.7637  0.5893  0.5715  0.7684  0.7000  0.7750  0.7750  0.6000  0.6151  0.8106  5.8066  0.000040
epoch:382 0.7158  0.9209  0.7592  0.5642  0.5619  0.7332  0.6842  0.7559  0.7559  0.5714  0.6155  0.7699  5.9504  0.000040
epoch:383 0.7160  0.9258  0.7691  0.5368  0.5744  0.7356  0.6876  0.7593  0.7593  0.5488  0.6282  0.7803  5.8826  0.000040
epoch:384 0.7189  0.9206  0.7661  0.5599  0.5793  0.7402  0.6902  0.7626  0.7626  0.5714  0.6341  0.7875  5.9952  0.000040
epoch:385 0.7369  0.9258  0.7768  0.6104  0.5788  0.7641  0.7025  0.7754  0.7754  0.6179  0.6282  0.8117  5.8322  0.000040
epoch:386 0.7175  0.9395  0.7629  0.5893  0.5466  0.7415  0.6888  0.7620  0.7620  0.6000  0.5944  0.7836  5.7922  0.000040
epoch:387 0.7237  0.9223  0.7807  0.5933  0.5796  0.7497  0.6988  0.7729  0.7729  0.6048  0.6258  0.8138  5.9446  0.000040
epoch:388 0.7195  0.9391  0.7521  0.6065  0.5506  0.7355  0.6940  0.7687  0.7687  0.6131  0.6087  0.7942  6.0230  0.000040
epoch:389 0.7296  0.9260  0.7607  0.5771  0.5785  0.7458  0.6964  0.7688  0.7688  0.5845  0.6277  0.7905  6.1172  0.000040
epoch:390 0.7258  0.9393  0.7783  0.5883  0.5728  0.7434  0.6950  0.7685  0.7685  0.6000  0.6277  0.7818  5.5664  0.000040
epoch:391 0.7284  0.9395  0.7672  0.6019  0.5677  0.7687  0.7024  0.7750  0.7750  0.6083  0.6095  0.8273  5.9201  0.000040
epoch:392 0.7100  0.9215  0.7513  0.5417  0.5775  0.7269  0.6850  0.7573  0.7573  0.5536  0.6341  0.7713  5.7281  0.000040
epoch:393 0.7073  0.9210  0.7814  0.5500  0.5833  0.7233  0.6802  0.7531  0.7531  0.5619  0.6380  0.7701  6.1578  0.000040
epoch:394 0.7239  0.9274  0.7615  0.6019  0.5471  0.7505  0.6937  0.7684  0.7684  0.6083  0.5901  0.7949  5.9863  0.000040
epoch:395 0.7267  0.9249  0.7679  0.5976  0.5729  0.7529  0.6971  0.7697  0.7697  0.6048  0.6131  0.7976  6.0719  0.000040
epoch:396 0.7272  0.9270  0.7818  0.6104  0.5700  0.7491  0.6973  0.7687  0.7687  0.6179  0.6258  0.7900  5.8314  0.000040
epoch:397 0.7272  0.9285  0.7683  0.5599  0.5658  0.7475  0.6992  0.7704  0.7704  0.5714  0.6194  0.7968  5.8775  0.000040
epoch:398 0.7126  0.9229  0.7572  0.5850  0.5651  0.7315  0.6898  0.7633  0.7633  0.5964  0.6258  0.7805  5.9422  0.000040
epoch:399 0.7222  0.9359  0.7703  0.5976  0.5582  0.7460  0.6881  0.7665  0.7665  0.6048  0.6151  0.7982  6.1279  0.000040
epoch:400 0.7122  0.9175  0.7780  0.5543  0.5826  0.7268  0.6814  0.7539  0.7539  0.5702  0.6210  0.7674  6.0274  0.000040
epoch:401 0.7197  0.9246  0.7710  0.5933  0.5655  0.7369  0.6928  0.7654  0.7654  0.6048  0.6071  0.7838  5.8818  0.000040
epoch:402 0.7157  0.9230  0.7604  0.5517  0.5626  0.7341  0.6888  0.7599  0.7599  0.5631  0.6282  0.7744  6.0504  0.000040
epoch:403 0.7176  0.9282  0.7606  0.5427  0.5641  0.7455  0.6883  0.7628  0.7628  0.5536  0.6238  0.7937  5.8563  0.000040
epoch:404 0.7163  0.9230  0.7635  0.5593  0.5593  0.7394  0.6889  0.7627  0.7627  0.5667  0.6234  0.7810  6.1211  0.000040
epoch:405 0.7198  0.9284  0.7789  0.6019  0.5638  0.7407  0.6921  0.7647  0.7647  0.6083  0.6048  0.7847  6.0009  0.000040
epoch:406 0.7285  0.9286  0.7653  0.5969  0.5471  0.7543  0.6966  0.7692  0.7692  0.6036  0.5901  0.7963  6.0268  0.000040
epoch:407 0.7122  0.9216  0.7564  0.5517  0.5679  0.7357  0.6924  0.7624  0.7624  0.5631  0.6341  0.7821  5.8626  0.000040
epoch:408 0.7087  0.9212  0.7626  0.5417  0.5794  0.7184  0.6827  0.7535  0.7535  0.5536  0.6361  0.7645  6.0766  0.000040
epoch:409 0.7222  0.9206  0.7696  0.5771  0.5977  0.7322  0.6875  0.7604  0.7604  0.5845  0.6384  0.7694  5.9773  0.000040
epoch:410 0.7294  0.9394  0.7677  0.6019  0.5674  0.7605  0.6973  0.7720  0.7720  0.6083  0.6091  0.8146  5.7839  0.000040
epoch:411 0.7234  0.9284  0.7530  0.5936  0.5538  0.7436  0.6932  0.7655  0.7655  0.6000  0.5964  0.7830  5.8402  0.000040
epoch:412 0.7144  0.9218  0.7850  0.5550  0.5838  0.7382  0.6880  0.7579  0.7579  0.5667  0.6258  0.7833  6.1375  0.000040
epoch:413 0.7207  0.9270  0.7645  0.5969  0.5580  0.7438  0.6888  0.7614  0.7614  0.6036  0.6174  0.7872  5.9397  0.000040
epoch:414 0.7153  0.9224  0.7715  0.5345  0.5932  0.7428  0.6867  0.7569  0.7569  0.5488  0.6448  0.7836  5.9529  0.000040
epoch:415 0.7281  0.9258  0.7761  0.5876  0.5772  0.7474  0.6944  0.7640  0.7640  0.5952  0.6198  0.7826  5.9644  0.000040
epoch:416 0.7129  0.9228  0.7687  0.5417  0.5971  0.7276  0.6855  0.7574  0.7574  0.5536  0.6408  0.7721  5.8259  0.000040
epoch:417 0.7194  0.9251  0.7604  0.5929  0.5541  0.7401  0.6933  0.7662  0.7662  0.6048  0.6151  0.7900  5.7639  0.000040
epoch:418 0.7152  0.9264  0.7611  0.5893  0.5594  0.7347  0.6896  0.7595  0.7595  0.6048  0.6282  0.7724  5.8261  0.000040
epoch:419 0.7289  0.9282  0.7616  0.6058  0.5662  0.7494  0.6980  0.7709  0.7709  0.6131  0.6071  0.8018  5.9276  0.000040
epoch:420 0.7280  0.9283  0.7656  0.5850  0.5684  0.7484  0.6987  0.7716  0.7716  0.5964  0.6258  0.7936  5.8722  0.000040
epoch:421 0.7149  0.9212  0.7706  0.5725  0.5683  0.7277  0.6931  0.7619  0.7619  0.5798  0.6159  0.7769  6.1601  0.000040
epoch:422 0.7258  0.9391  0.7619  0.5887  0.5432  0.7489  0.6961  0.7688  0.7688  0.5952  0.5988  0.7949  6.0185  0.000040
epoch:423 0.7173  0.9273  0.7569  0.5850  0.5568  0.7394  0.6917  0.7629  0.7629  0.5964  0.6155  0.7811  6.0406  0.000040
epoch:424 0.7207  0.9209  0.7641  0.5477  0.5780  0.7376  0.6943  0.7651  0.7651  0.5583  0.6238  0.7833  5.7361  0.000040
epoch:425 0.7165  0.9284  0.7776  0.5632  0.5700  0.7343  0.6885  0.7599  0.7599  0.5750  0.6238  0.7795  5.9786  0.000040
epoch:426 0.7183  0.9219  0.7560  0.5800  0.5641  0.7365  0.6953  0.7653  0.7653  0.5917  0.6258  0.7807  5.9343  0.000040
epoch:427 0.7148  0.9223  0.7547  0.5513  0.5751  0.7280  0.6880  0.7611  0.7611  0.5631  0.6301  0.7725  6.0035  0.000040
epoch:428 0.7166  0.9283  0.7610  0.5893  0.5704  0.7386  0.6903  0.7653  0.7653  0.6000  0.6321  0.7917  6.1173  0.000040
epoch:429 0.7169  0.9215  0.7750  0.5599  0.5719  0.7327  0.6908  0.7634  0.7634  0.5714  0.6258  0.7781  5.8951  0.000040
epoch:430 0.7097  0.9220  0.7518  0.5460  0.5676  0.7342  0.6937  0.7613  0.7613  0.5619  0.6258  0.7895  6.0572  0.000040
epoch:431 0.7274  0.9394  0.7670  0.5883  0.5695  0.7599  0.6994  0.7711  0.7711  0.6000  0.6119  0.8093  6.0096  0.000040
epoch:432 0.7114  0.9272  0.7572  0.6008  0.5652  0.7318  0.6856  0.7610  0.7610  0.6083  0.6258  0.7842  6.0249  0.000040
epoch:433 0.7247  0.9282  0.7770  0.5794  0.5464  0.7510  0.6938  0.7685  0.7685  0.5905  0.5924  0.8045  6.0093  0.000040
epoch:434 0.7233  0.9277  0.7658  0.5543  0.5741  0.7497  0.6930  0.7676  0.7676  0.5619  0.6305  0.7947  5.9745  0.000040
epoch:435 0.7230  0.9284  0.7718  0.5599  0.5567  0.7451  0.6956  0.7673  0.7673  0.5714  0.6151  0.7857  5.7761  0.000040
epoch:436 0.7127  0.9214  0.7768  0.5751  0.5807  0.7358  0.6911  0.7583  0.7583  0.5869  0.6262  0.7827  6.0359  0.000040
epoch:437 0.7172  0.9257  0.7712  0.5368  0.5668  0.7462  0.6893  0.7625  0.7625  0.5488  0.6238  0.7948  6.1203  0.000040
epoch:438 0.7308  0.9394  0.7635  0.5969  0.5514  0.7625  0.7040  0.7770  0.7770  0.6036  0.5949  0.8195  5.8129  0.000040
epoch:439 0.7172  0.9280  0.7727  0.5632  0.5550  0.7490  0.6910  0.7660  0.7660  0.5750  0.5984  0.8090  6.1383  0.000040
epoch:440 0.7142  0.9371  0.7447  0.5939  0.5457  0.7363  0.6920  0.7628  0.7628  0.6048  0.6028  0.7908  6.1990  0.000040
epoch:441 0.7230  0.9248  0.7636  0.5794  0.5751  0.7465  0.6971  0.7691  0.7691  0.5905  0.6174  0.7958  5.7412  0.000040
epoch:442 0.7077  0.9218  0.7551  0.5701  0.5629  0.7331  0.6870  0.7584  0.7584  0.5821  0.6234  0.7880  5.9272  0.000040
epoch:443 0.7205  0.9248  0.7591  0.5933  0.5499  0.7409  0.6961  0.7678  0.7678  0.6048  0.6170  0.7775  5.7927  0.000040
epoch:444 0.7246  0.9273  0.7720  0.5500  0.5605  0.7599  0.6976  0.7732  0.7732  0.5619  0.6234  0.8171  5.9565  0.000040
epoch:445 0.7163  0.9245  0.7714  0.5550  0.5614  0.7409  0.6937  0.7654  0.7654  0.5667  0.6151  0.7918  5.9604  0.000040
epoch:446 0.7227  0.9233  0.7730  0.5847  0.5549  0.7478  0.6985  0.7696  0.7696  0.5964  0.6194  0.7958  5.9638  0.000040
epoch:447 0.7280  0.9276  0.7759  0.5883  0.5525  0.7561  0.6980  0.7715  0.7715  0.6000  0.6091  0.7994  6.1488  0.000040
epoch:448 0.7159  0.9250  0.7705  0.5467  0.5637  0.7361  0.6901  0.7627  0.7627  0.5583  0.6277  0.7800  5.9631  0.000040
epoch:449 0.7270  0.9385  0.7624  0.5969  0.5437  0.7628  0.7027  0.7741  0.7741  0.6036  0.5885  0.8209  5.8344  0.000040
epoch:450 0.7135  0.9220  0.7634  0.5800  0.5641  0.7408  0.6941  0.7652  0.7652  0.5917  0.6258  0.7988  6.0873  0.000040
epoch:451 0.7192  0.9212  0.7558  0.5556  0.5718  0.7358  0.6896  0.7633  0.7633  0.5714  0.6282  0.7747  6.2067  0.000040
epoch:452 0.7252  0.9385  0.7789  0.5976  0.5642  0.7465  0.6941  0.7670  0.7670  0.6083  0.6179  0.7844  6.0730  0.000040
epoch:453 0.7145  0.9231  0.7775  0.5632  0.5711  0.7386  0.6951  0.7648  0.7648  0.5750  0.6258  0.7885  5.9036  0.000040
epoch:454 0.7074  0.9223  0.7609  0.5507  0.5550  0.7381  0.6847  0.7584  0.7584  0.5667  0.6258  0.7941  6.0302  0.000040
epoch:455 0.7120  0.9193  0.7612  0.5889  0.5796  0.7233  0.6853  0.7558  0.7558  0.6048  0.6301  0.7655  6.0830  0.000040
epoch:456 0.7150  0.9274  0.7685  0.5800  0.5456  0.7393  0.6900  0.7629  0.7629  0.5917  0.6174  0.7807  5.8152  0.000040
epoch:457 0.7237  0.9284  0.7817  0.6058  0.5766  0.7493  0.7015  0.7732  0.7732  0.6131  0.6333  0.8033  6.0046  0.000040
epoch:458 0.7197  0.9384  0.7626  0.5794  0.5454  0.7574  0.6944  0.7682  0.7682  0.5905  0.5929  0.8159  5.8507  0.000040
epoch:459 0.7194  0.9233  0.7619  0.5794  0.5665  0.7459  0.6975  0.7681  0.7681  0.5952  0.6238  0.7950  5.8072  0.000040
epoch:460 0.7280  0.9282  0.7811  0.6042  0.5548  0.7497  0.6959  0.7688  0.7688  0.6119  0.5984  0.7886  5.9226  0.000040
epoch:461 0.7287  0.9388  0.7576  0.5969  0.5489  0.7488  0.6968  0.7692  0.7692  0.6036  0.5988  0.7862  6.1361  0.000040
epoch:462 0.7121  0.9230  0.7651  0.5800  0.5613  0.7379  0.6912  0.7612  0.7612  0.5917  0.6174  0.7869  5.8697  0.000040
epoch:463 0.7207  0.9248  0.7606  0.5808  0.5643  0.7428  0.6963  0.7664  0.7664  0.5964  0.6262  0.7898  6.0037  0.000040
epoch:464 0.7099  0.9248  0.7555  0.5467  0.5699  0.7255  0.6849  0.7553  0.7553  0.5583  0.6384  0.7655  5.7422  0.000040
epoch:465 0.7294  0.9385  0.7628  0.5833  0.5596  0.7561  0.7017  0.7731  0.7731  0.5952  0.6207  0.7942  6.0253  0.000040
epoch:466 0.7175  0.9244  0.7466  0.5510  0.5525  0.7325  0.6937  0.7639  0.7639  0.5619  0.6135  0.7762  6.0383  0.000040
epoch:467 0.7346  0.9389  0.7704  0.6019  0.5630  0.7690  0.7064  0.7796  0.7796  0.6083  0.6119  0.8182  5.9992  0.000040
epoch:468 0.7167  0.9257  0.7606  0.5685  0.5735  0.7398  0.6922  0.7637  0.7637  0.5750  0.6174  0.7917  5.9477  0.000040
epoch:469 0.7067  0.9222  0.7632  0.5500  0.5666  0.7202  0.6834  0.7536  0.7536  0.5619  0.6345  0.7637  5.9937  0.000040
epoch:470 0.7118  0.9218  0.7667  0.5467  0.5715  0.7403  0.6939  0.7647  0.7647  0.5583  0.6384  0.8001  5.7343  0.000040
epoch:471 0.7208  0.9231  0.7664  0.5939  0.5654  0.7357  0.6948  0.7683  0.7683  0.6048  0.6262  0.7905  6.0681  0.000040
epoch:472 0.7186  0.9228  0.7675  0.5847  0.5719  0.7438  0.6961  0.7663  0.7663  0.5964  0.6151  0.7971  5.8428  0.000040
epoch:473 0.7215  0.9255  0.7630  0.5811  0.5528  0.7471  0.6996  0.7707  0.7707  0.5917  0.6179  0.7976  5.7781  0.000040
epoch:474 0.7138  0.9218  0.7662  0.5972  0.5718  0.7344  0.6915  0.7633  0.7633  0.6131  0.6258  0.7880  5.8835  0.000040
epoch:475 0.7264  0.9244  0.7652  0.5886  0.5707  0.7542  0.6989  0.7739  0.7739  0.6036  0.6258  0.8042  5.9296  0.000040
epoch:476 0.7028  0.9221  0.7474  0.5507  0.5611  0.7141  0.6794  0.7519  0.7519  0.5667  0.6242  0.7616  5.7292  0.000040
epoch:477 0.7194  0.9234  0.7560  0.5969  0.5613  0.7366  0.6931  0.7652  0.7652  0.6036  0.6071  0.7815  5.9948  0.000040
epoch:478 0.7161  0.9234  0.7673  0.5417  0.5766  0.7396  0.6922  0.7630  0.7630  0.5536  0.6468  0.7847  5.8854  0.000040
epoch:479 0.7145  0.9235  0.7587  0.5976  0.5552  0.7338  0.6892  0.7628  0.7628  0.6048  0.5984  0.7841  5.9698  0.000040
epoch:480 0.7068  0.9149  0.7933  0.5454  0.5913  0.7242  0.6773  0.7510  0.7510  0.5607  0.6270  0.7719  5.9706  0.000040
epoch:481 0.7331  0.9384  0.7626  0.5969  0.5660  0.7600  0.7041  0.7771  0.7771  0.6036  0.6095  0.8118  5.8790  0.000040
epoch:482 0.7198  0.9244  0.7626  0.5517  0.5555  0.7470  0.6950  0.7682  0.7682  0.5631  0.6238  0.7952  6.0917  0.000040
epoch:483 0.7227  0.9260  0.7720  0.5550  0.5646  0.7507  0.6974  0.7683  0.7683  0.5667  0.6238  0.7937  6.1513  0.000040
epoch:484 0.7090  0.9198  0.7730  0.5794  0.5888  0.7262  0.6812  0.7517  0.7517  0.5952  0.6468  0.7643  5.8239  0.000040
epoch:485 0.7170  0.9238  0.7620  0.5368  0.5783  0.7328  0.6912  0.7628  0.7628  0.5488  0.6492  0.7742  5.9143  0.000040
epoch:486 0.7180  0.9237  0.7577  0.5417  0.5738  0.7423  0.6933  0.7675  0.7675  0.5536  0.6155  0.8040  5.9315  0.000040
epoch:487 0.7303  0.9395  0.7619  0.5883  0.5520  0.7672  0.7049  0.7778  0.7778  0.6000  0.6095  0.8185  5.9182  0.000040
epoch:488 0.7162  0.9245  0.7628  0.5751  0.5562  0.7392  0.6942  0.7641  0.7641  0.5869  0.6262  0.7812  6.0208  0.000040
epoch:489 0.7334  0.9385  0.7593  0.5969  0.5698  0.7619  0.7053  0.7771  0.7771  0.6036  0.6123  0.8061  5.9275  0.000040
epoch:490 0.7189  0.9253  0.7634  0.5368  0.5721  0.7375  0.6902  0.7641  0.7641  0.5488  0.6384  0.7791  5.9604  0.000040
epoch:491 0.7217  0.9366  0.7602  0.6019  0.5574  0.7581  0.6989  0.7730  0.7730  0.6083  0.6012  0.8223  5.9677  0.000040
epoch:492 0.7175  0.9248  0.7657  0.5450  0.5625  0.7409  0.6914  0.7637  0.7637  0.5571  0.6238  0.7820  5.8219  0.000040
epoch:493 0.7155  0.9227  0.7645  0.5450  0.5742  0.7454  0.6961  0.7645  0.7645  0.5571  0.6321  0.7935  5.7240  0.000040
epoch:494 0.7158  0.9274  0.7552  0.5794  0.5422  0.7365  0.6904  0.7621  0.7621  0.5905  0.6076  0.7760  6.1872  0.000040
epoch:495 0.7218  0.9250  0.7580  0.5510  0.5654  0.7512  0.6957  0.7683  0.7683  0.5619  0.6190  0.8021  6.1928  0.000040
epoch:496 0.7116  0.9233  0.7600  0.5513  0.5549  0.7279  0.6869  0.7600  0.7600  0.5631  0.6198  0.7758  5.7592  0.000040
epoch:497 0.7107  0.9247  0.7615  0.5893  0.5606  0.7461  0.6861  0.7605  0.7605  0.6000  0.6012  0.8033  6.0105  0.000040
epoch:498 0.7006  0.9212  0.7584  0.5744  0.5715  0.7135  0.6768  0.7491  0.7491  0.5905  0.6380  0.7545  5.7932  0.000040
epoch:499 0.7204  0.9226  0.7635  0.5804  0.5694  0.7459  0.6980  0.7695  0.7695  0.5952  0.6262  0.8030  6.1574  0.000040
epoch:500 0.7120  0.9226  0.7710  0.5368  0.5700  0.7320  0.6855  0.7560  0.7560  0.5488  0.6361  0.7735  6.2301  0.000040
