epoch:0 0.0409  0.0868  0.0177  0.0001  0.0698  0.0315  0.0504  0.0828  0.0892  0.0095  0.0922  0.0746  2.4435  0.004000
epoch:1 0.1522  0.4566  0.0790  0.1038  0.1535  0.1301  0.1945  0.2294  0.2383  0.2083  0.2186  0.1913  2.7228  0.004000
epoch:2 0.2972  0.6508  0.1697  0.2098  0.2372  0.2887  0.3045  0.3572  0.3575  0.3357  0.2751  0.3104  3.6485  0.004000
epoch:3 0.3589  0.7388  0.2856  0.3113  0.2884  0.3459  0.3582  0.4258  0.4267  0.4060  0.3385  0.3725  4.2356  0.004000
epoch:4 0.4326  0.7657  0.4774  0.3630  0.3638  0.3931  0.4845  0.5498  0.5498  0.4321  0.4366  0.4936  4.4698  0.004000
epoch:5 0.5102  0.8785  0.4462  0.3648  0.3983  0.4830  0.4782  0.5869  0.5875  0.3845  0.4940  0.5383  4.8410  0.004000
epoch:6 0.5238  0.8271  0.5651  0.4764  0.4546  0.4864  0.5810  0.6466  0.6466  0.4952  0.5023  0.5916  5.2359  0.004000
epoch:7 0.5676  0.8334  0.6086  0.4066  0.3804  0.5458  0.5451  0.6114  0.6114  0.4286  0.4588  0.5723  5.5953  0.004000
epoch:8 0.5114  0.7929  0.5490  0.4670  0.4241  0.4792  0.5655  0.6277  0.6277  0.4821  0.4882  0.5764  5.4270  0.004000
epoch:9 0.5821  0.9054  0.6157  0.3535  0.4639  0.5413  0.5525  0.6144  0.6144  0.4714  0.5028  0.5627  5.7035  0.004000
epoch:10 0.6074  0.8970  0.6325  0.4326  0.4682  0.5737  0.5770  0.6416  0.6416  0.4988  0.5273  0.5898  5.5739  0.004000
epoch:11 0.6006  0.9131  0.6645  0.4604  0.4507  0.5651  0.5663  0.6329  0.6329  0.5000  0.5131  0.5837  5.6393  0.004000
epoch:12 0.6101  0.9172  0.6612  0.4138  0.4762  0.5729  0.5778  0.6419  0.6419  0.5250  0.5401  0.5886  5.9697  0.004000
epoch:13 0.6325  0.9091  0.6639  0.4797  0.4574  0.6068  0.6019  0.6676  0.6676  0.5167  0.5274  0.6281  5.4857  0.004000
epoch:14 0.6265  0.9231  0.6844  0.4097  0.4838  0.6025  0.5927  0.6611  0.6611  0.4417  0.5539  0.6206  5.8304  0.004000
epoch:15 0.6214  0.9124  0.6525  0.3875  0.4688  0.6101  0.5864  0.6553  0.6553  0.4333  0.5313  0.6278  5.8426  0.004000
epoch:16 0.6377  0.9148  0.6762  0.4224  0.4729  0.6139  0.6005  0.6709  0.6709  0.4583  0.5468  0.6319  6.1137  0.000400
epoch:17 0.6316  0.9074  0.6650  0.4397  0.4697  0.6085  0.6005  0.6682  0.6682  0.4702  0.5424  0.6268  5.9898  0.000400
epoch:18 0.6458  0.9075  0.6517  0.4533  0.4646  0.6213  0.6109  0.6800  0.6800  0.4833  0.5468  0.6370  5.8796  0.000400
epoch:19 0.6378  0.9069  0.6398  0.4411  0.4743  0.6240  0.6073  0.6779  0.6779  0.4798  0.5419  0.6464  5.9808  0.000400
epoch:20 0.6354  0.9049  0.6585  0.4357  0.4942  0.6162  0.6067  0.6736  0.6736  0.4750  0.5340  0.6430  5.8586  0.000400
epoch:21 0.6315  0.9109  0.6414  0.4373  0.4619  0.6187  0.6062  0.6724  0.6724  0.4607  0.5459  0.6387  6.0237  0.000400
epoch:22 0.6464  0.9143  0.6461  0.4384  0.4697  0.6366  0.6124  0.6815  0.6815  0.4702  0.5376  0.6513  5.6730  0.000040
epoch:23 0.6362  0.9064  0.6471  0.4396  0.4779  0.6169  0.6078  0.6715  0.6715  0.4702  0.5361  0.6339  6.0034  0.000040
epoch:24 0.6415  0.9141  0.6534  0.4443  0.4787  0.6150  0.6044  0.6744  0.6744  0.4750  0.5439  0.6321  5.7414  0.000040
epoch:25 0.6335  0.9064  0.6509  0.4443  0.4707  0.6165  0.6039  0.6691  0.6691  0.4750  0.5419  0.6316  5.9465  0.000040
epoch:26 0.6371  0.9113  0.6263  0.4101  0.4619  0.6182  0.6049  0.6734  0.6734  0.4333  0.5419  0.6352  5.9502  0.000040
epoch:27 0.6321  0.9088  0.6452  0.4517  0.4814  0.6135  0.6036  0.6684  0.6684  0.4798  0.5361  0.6324  5.8443  0.000040
epoch:28 0.6512  0.9139  0.6633  0.4531  0.4714  0.6464  0.6157  0.6842  0.6842  0.4881  0.5361  0.6598  5.8363  0.000040
epoch:29 0.6396  0.9122  0.6503  0.4178  0.4735  0.6325  0.6033  0.6743  0.6743  0.4417  0.5396  0.6479  6.0890  0.000040
epoch:30 0.6478  0.9152  0.6708  0.4443  0.4891  0.6228  0.6123  0.6790  0.6790  0.4750  0.5273  0.6452  5.9643  0.000040
epoch:31 0.6527  0.9130  0.6743  0.4396  0.4781  0.6370  0.6115  0.6825  0.6825  0.4702  0.5419  0.6516  6.0005  0.000040
epoch:32 0.6483  0.9132  0.6355  0.4396  0.4739  0.6386  0.6161  0.6816  0.6816  0.4702  0.5400  0.6542  5.7954  0.000040
epoch:33 0.6337  0.9134  0.6322  0.4367  0.4603  0.6202  0.6040  0.6719  0.6719  0.4655  0.5459  0.6371  5.9568  0.000040
epoch:34 0.6395  0.9126  0.6633  0.4554  0.4606  0.6256  0.6062  0.6759  0.6759  0.4750  0.5356  0.6440  5.8311  0.000040
epoch:35 0.6373  0.9081  0.6516  0.4443  0.5035  0.6054  0.6085  0.6752  0.6752  0.4750  0.5403  0.6331  5.9536  0.000040
epoch:36 0.6486  0.9163  0.6727  0.4468  0.4590  0.6321  0.6121  0.6796  0.6796  0.4798  0.5249  0.6476  6.0294  0.000040
epoch:37 0.6377  0.9130  0.6387  0.4375  0.4727  0.6215  0.6038  0.6735  0.6735  0.4619  0.5419  0.6403  6.0789  0.000040
epoch:38 0.6429  0.9134  0.6592  0.4422  0.4764  0.6260  0.6077  0.6778  0.6778  0.4750  0.5380  0.6419  5.9862  0.000040
epoch:39 0.6434  0.9128  0.6789  0.4531  0.4731  0.6336  0.6077  0.6786  0.6786  0.4833  0.5396  0.6511  5.8488  0.000040
epoch:40 0.6439  0.9135  0.6340  0.4468  0.4665  0.6286  0.6097  0.6786  0.6786  0.4667  0.5404  0.6445  5.9848  0.000040
epoch:41 0.6308  0.9052  0.6339  0.4234  0.4706  0.6192  0.5972  0.6670  0.6670  0.4536  0.5400  0.6361  5.7609  0.000040
epoch:42 0.6500  0.9127  0.6710  0.4396  0.4734  0.6469  0.6113  0.6826  0.6826  0.4702  0.5439  0.6604  6.0448  0.000040
epoch:43 0.6362  0.9047  0.6442  0.4396  0.4649  0.6206  0.6091  0.6737  0.6737  0.4702  0.5356  0.6379  5.9417  0.000040
epoch:44 0.6373  0.9117  0.6467  0.4558  0.4587  0.6251  0.6084  0.6748  0.6748  0.4786  0.5459  0.6419  5.8050  0.000040
epoch:45 0.6359  0.9051  0.6483  0.4354  0.4673  0.6221  0.6082  0.6740  0.6740  0.4619  0.5419  0.6387  5.9733  0.000040
epoch:46 0.6407  0.9087  0.6422  0.4437  0.4752  0.6263  0.6089  0.6758  0.6758  0.4750  0.5340  0.6447  5.7504  0.000040
epoch:47 0.6432  0.9063  0.6528  0.4375  0.4844  0.6293  0.6127  0.6776  0.6776  0.4702  0.5467  0.6472  5.8948  0.000040
epoch:48 0.6445  0.9076  0.6541  0.4480  0.4953  0.6168  0.6111  0.6777  0.6777  0.4869  0.5321  0.6413  5.9153  0.000040
epoch:49 0.6485  0.9222  0.6774  0.4531  0.4778  0.6454  0.6164  0.6842  0.6842  0.4833  0.5507  0.6675  5.8548  0.000040
epoch:50 0.6317  0.9048  0.6542  0.4430  0.4708  0.6069  0.5979  0.6679  0.6679  0.4833  0.5376  0.6253  6.1570  0.000040
epoch:51 0.6446  0.9125  0.6585  0.4533  0.4716  0.6302  0.6073  0.6774  0.6774  0.4750  0.5400  0.6487  5.6535  0.000040
epoch:52 0.6391  0.9119  0.6584  0.4068  0.4761  0.6197  0.6038  0.6732  0.6732  0.4286  0.5400  0.6377  5.7954  0.000040
epoch:53 0.6274  0.9046  0.6412  0.4378  0.4662  0.6146  0.5969  0.6657  0.6657  0.4702  0.5380  0.6314  5.8121  0.000040
epoch:54 0.6282  0.9085  0.6569  0.4341  0.4996  0.6086  0.5984  0.6656  0.6656  0.4833  0.5317  0.6365  6.0462  0.000040
epoch:55 0.6416  0.9063  0.6472  0.4251  0.4700  0.6253  0.6101  0.6756  0.6756  0.4536  0.5419  0.6400  5.7311  0.000040
epoch:56 0.6298  0.9096  0.6522  0.3837  0.4546  0.6091  0.5995  0.6652  0.6652  0.4869  0.5440  0.6271  5.8394  0.000040
epoch:57 0.6404  0.9024  0.6473  0.4500  0.4633  0.6351  0.6085  0.6790  0.6790  0.4798  0.5444  0.6498  5.9718  0.000040
epoch:58 0.6382  0.9101  0.6438  0.4544  0.4612  0.6259  0.6101  0.6799  0.6799  0.4869  0.5459  0.6450  5.7816  0.000040
epoch:59 0.6500  0.9024  0.6848  0.4574  0.4890  0.6333  0.6178  0.6851  0.6851  0.4833  0.5610  0.6487  5.9386  0.000040
epoch:60 0.6478  0.9124  0.6636  0.4554  0.4750  0.6312  0.6125  0.6825  0.6825  0.4917  0.5424  0.6463  5.8502  0.000040
epoch:61 0.6233  0.9128  0.6446  0.4251  0.4788  0.6162  0.5947  0.6602  0.6602  0.4536  0.5396  0.6353  5.7837  0.000040
epoch:62 0.6346  0.9087  0.6559  0.4321  0.5106  0.6095  0.6041  0.6707  0.6707  0.4690  0.5360  0.6395  5.8044  0.000040
epoch:63 0.6344  0.9049  0.6609  0.4365  0.4747  0.6200  0.6042  0.6751  0.6751  0.4750  0.5507  0.6392  5.9792  0.000040
epoch:64 0.6421  0.9082  0.6544  0.4244  0.5150  0.6190  0.6139  0.6800  0.6800  0.4655  0.5424  0.6489  5.8276  0.000040
epoch:65 0.6218  0.9084  0.6761  0.4443  0.5124  0.5881  0.5899  0.6578  0.6578  0.4750  0.5424  0.6188  5.8776  0.000040
epoch:66 0.6422  0.9068  0.6489  0.4481  0.4772  0.6228  0.6091  0.6771  0.6771  0.4786  0.5443  0.6392  5.8030  0.000040
epoch:67 0.6522  0.9149  0.6808  0.4375  0.4790  0.6445  0.6182  0.6870  0.6870  0.4702  0.5483  0.6603  6.0271  0.000040
epoch:68 0.6332  0.9052  0.6521  0.4413  0.4692  0.6179  0.6029  0.6726  0.6726  0.4750  0.5419  0.6350  5.8073  0.000040
epoch:69 0.6480  0.9050  0.6560  0.4375  0.4749  0.6351  0.6152  0.6816  0.6816  0.4702  0.5384  0.6510  5.9993  0.000040
epoch:70 0.6399  0.9056  0.6639  0.4230  0.4852  0.6253  0.6071  0.6774  0.6774  0.4536  0.5586  0.6405  5.9435  0.000040
epoch:71 0.6354  0.9039  0.6598  0.4430  0.4747  0.6132  0.6067  0.6717  0.6717  0.4821  0.5467  0.6306  5.8087  0.000040
epoch:72 0.6346  0.9060  0.6534  0.4396  0.4992  0.6132  0.6066  0.6735  0.6735  0.4786  0.5360  0.6416  5.9821  0.000040
epoch:73 0.6429  0.9022  0.6698  0.4523  0.4965  0.6198  0.6133  0.6788  0.6788  0.4952  0.5527  0.6368  5.8934  0.000040
epoch:74 0.6423  0.9019  0.6436  0.4502  0.4731  0.6220  0.6091  0.6791  0.6791  0.4798  0.5419  0.6410  5.9075  0.000040
epoch:75 0.6408  0.9095  0.6877  0.4642  0.4785  0.6120  0.6053  0.6733  0.6733  0.4952  0.5483  0.6297  6.0702  0.000040
epoch:76 0.6455  0.9137  0.6689  0.4378  0.4864  0.6322  0.6102  0.6805  0.6805  0.4702  0.5439  0.6473  5.7854  0.000040
epoch:77 0.6486  0.9151  0.6512  0.4328  0.4756  0.6429  0.6157  0.6862  0.6862  0.4655  0.5443  0.6597  6.0998  0.000040
epoch:78 0.6358  0.9049  0.6603  0.4375  0.4902  0.6100  0.6047  0.6713  0.6713  0.4702  0.5375  0.6311  5.6754  0.000040
epoch:79 0.6320  0.9016  0.6510  0.4294  0.4881  0.6083  0.6068  0.6728  0.6728  0.4702  0.5459  0.6305  6.0254  0.000040
epoch:80 0.6228  0.9015  0.6485  0.4613  0.4568  0.6069  0.5971  0.6662  0.6662  0.4952  0.5376  0.6287  5.9420  0.000040
epoch:81 0.6220  0.9102  0.6464  0.4471  0.4531  0.6093  0.5983  0.6665  0.6665  0.4833  0.5289  0.6303  5.9970  0.000040
epoch:82 0.6364  0.9025  0.6528  0.4357  0.4816  0.6199  0.6030  0.6734  0.6734  0.4702  0.5380  0.6368  5.8711  0.000040
epoch:83 0.6435  0.9045  0.6405  0.4383  0.4762  0.6301  0.6093  0.6797  0.6797  0.4750  0.5463  0.6450  5.9734  0.000040
epoch:84 0.6397  0.9010  0.6469  0.4605  0.4702  0.6193  0.6082  0.6767  0.6767  0.4881  0.5361  0.6378  5.8483  0.000040
epoch:85 0.6337  0.8967  0.6574  0.4835  0.4993  0.5915  0.6036  0.6705  0.6705  0.5202  0.5321  0.6202  5.8703  0.000040
epoch:86 0.6473  0.9148  0.6737  0.4502  0.4777  0.6233  0.6168  0.6817  0.6817  0.4869  0.5404  0.6368  6.1139  0.000040
epoch:87 0.6429  0.9034  0.6616  0.4523  0.4928  0.6196  0.6132  0.6780  0.6780  0.4952  0.5340  0.6443  5.8280  0.000040
epoch:88 0.6449  0.9110  0.6719  0.4434  0.4826  0.6310  0.6121  0.6815  0.6815  0.4738  0.5419  0.6492  6.2217  0.000040
epoch:89 0.6439  0.9063  0.6613  0.4448  0.4768  0.6295  0.6143  0.6810  0.6810  0.4857  0.5463  0.6458  6.0330  0.000040
epoch:90 0.6458  0.9070  0.6547  0.4426  0.5014  0.6268  0.6163  0.6818  0.6818  0.4917  0.5340  0.6527  6.0927  0.000040
epoch:91 0.6284  0.9222  0.6368  0.4278  0.4938  0.6220  0.5988  0.6652  0.6652  0.4607  0.5321  0.6490  5.7414  0.000040
epoch:92 0.6223  0.9037  0.6414  0.4294  0.4902  0.6003  0.5983  0.6640  0.6640  0.4702  0.5499  0.6226  5.9386  0.000040
epoch:93 0.6413  0.9097  0.6500  0.4328  0.4821  0.6328  0.6126  0.6798  0.6798  0.4655  0.5400  0.6521  5.9979  0.000040
epoch:94 0.6292  0.9115  0.6791  0.4434  0.4810  0.6204  0.6041  0.6696  0.6696  0.4738  0.5527  0.6389  5.9183  0.000040
epoch:95 0.6385  0.9010  0.6599  0.4481  0.4670  0.6285  0.6101  0.6811  0.6811  0.4786  0.5443  0.6473  5.7496  0.000040
epoch:96 0.6371  0.9025  0.6622  0.4390  0.4756  0.6205  0.6082  0.6776  0.6776  0.4750  0.5503  0.6397  5.7125  0.000040
epoch:97 0.6287  0.9015  0.6484  0.4618  0.4855  0.6115  0.5992  0.6705  0.6705  0.5000  0.5415  0.6343  5.9366  0.000040
epoch:98 0.6438  0.9044  0.6575  0.4254  0.4713  0.6327  0.6090  0.6787  0.6787  0.4619  0.5404  0.6471  5.8132  0.000040
epoch:99 0.6348  0.9040  0.6440  0.4500  0.4649  0.6180  0.6030  0.6743  0.6743  0.4798  0.5424  0.6358  5.7723  0.000040
epoch:100 0.6425  0.9113  0.6701  0.4442  0.4857  0.6240  0.6145  0.6839  0.6839  0.4786  0.5336  0.6529  5.9697  0.000040
epoch:101 0.6421  0.9101  0.6555  0.4359  0.4635  0.6459  0.6155  0.6859  0.6859  0.4738  0.5404  0.6629  5.9742  0.000040
epoch:102 0.6302  0.9091  0.6884  0.4626  0.5127  0.5978  0.5982  0.6657  0.6657  0.4952  0.5467  0.6267  6.2064  0.000040
epoch:103 0.6418  0.9090  0.6699  0.4523  0.5105  0.6210  0.6147  0.6820  0.6820  0.4869  0.5467  0.6516  5.7859  0.000040
epoch:104 0.6394  0.9103  0.6716  0.4616  0.4716  0.6271  0.6130  0.6827  0.6827  0.5083  0.5404  0.6500  5.9512  0.000040
epoch:105 0.6334  0.9012  0.6329  0.4477  0.4625  0.6222  0.6061  0.6752  0.6752  0.4798  0.5356  0.6423  5.8626  0.000040
epoch:106 0.6447  0.9068  0.6942  0.4605  0.4848  0.6175  0.6107  0.6790  0.6790  0.4952  0.5550  0.6336  5.7364  0.000040
epoch:107 0.6364  0.8982  0.6725  0.4388  0.4742  0.6251  0.6055  0.6777  0.6777  0.4750  0.5567  0.6440  5.8215  0.000040
epoch:108 0.6307  0.9028  0.6700  0.4610  0.4723  0.6123  0.6063  0.6712  0.6712  0.4952  0.5404  0.6350  5.7641  0.000040
epoch:109 0.6394  0.9052  0.6721  0.4960  0.4632  0.6197  0.6121  0.6788  0.6788  0.5286  0.5364  0.6394  6.1247  0.000040
epoch:110 0.6406  0.9103  0.6496  0.4426  0.4656  0.6231  0.6087  0.6781  0.6781  0.4917  0.5400  0.6373  5.7559  0.000040
epoch:111 0.6320  0.9091  0.6331  0.4400  0.4575  0.6172  0.6051  0.6742  0.6742  0.4798  0.5337  0.6368  6.2156  0.000040
epoch:112 0.6395  0.9043  0.6895  0.4662  0.4845  0.6184  0.6115  0.6826  0.6826  0.4964  0.5570  0.6429  6.1849  0.000040
epoch:113 0.6460  0.9026  0.6837  0.4459  0.4791  0.6284  0.6180  0.6865  0.6865  0.4869  0.5531  0.6468  5.8780  0.000040
epoch:114 0.6185  0.9124  0.6846  0.4574  0.4593  0.6068  0.5914  0.6631  0.6631  0.4917  0.5360  0.6313  5.7617  0.000040
epoch:115 0.6476  0.9148  0.6788  0.4480  0.4727  0.6294  0.6179  0.6837  0.6837  0.4869  0.5439  0.6449  5.7895  0.000040
epoch:116 0.6396  0.9051  0.6769  0.4617  0.4858  0.6269  0.6149  0.6819  0.6819  0.4917  0.5511  0.6513  5.9825  0.000040
epoch:117 0.6295  0.9046  0.6753  0.4610  0.4819  0.5995  0.6043  0.6706  0.6706  0.4952  0.5566  0.6224  5.9073  0.000040
epoch:118 0.6435  0.9120  0.6822  0.4539  0.4595  0.6271  0.6170  0.6831  0.6831  0.4857  0.5356  0.6465  5.8305  0.000040
epoch:119 0.6471  0.9114  0.6853  0.4598  0.4881  0.6200  0.6184  0.6827  0.6827  0.4988  0.5273  0.6455  5.8423  0.000040
epoch:120 0.6361  0.9089  0.6890  0.4592  0.4840  0.6113  0.6096  0.6753  0.6753  0.4917  0.5459  0.6318  5.8983  0.000040
epoch:121 0.6429  0.9070  0.6634  0.4446  0.4709  0.6401  0.6149  0.6833  0.6833  0.4833  0.5404  0.6585  6.0665  0.000040
epoch:122 0.6464  0.9051  0.6850  0.4626  0.4933  0.6258  0.6161  0.6842  0.6842  0.4952  0.5566  0.6463  6.0830  0.000040
epoch:123 0.6427  0.9096  0.6826  0.4613  0.5126  0.6112  0.6111  0.6786  0.6786  0.5000  0.5467  0.6386  6.0565  0.000040
epoch:124 0.6351  0.9019  0.6623  0.4536  0.4632  0.6170  0.6097  0.6781  0.6781  0.4917  0.5424  0.6392  6.1463  0.000040
epoch:125 0.6307  0.9028  0.6345  0.4409  0.4734  0.6105  0.6064  0.6745  0.6745  0.4750  0.5447  0.6358  6.0845  0.000040
epoch:126 0.6296  0.9013  0.6425  0.4385  0.4742  0.6133  0.6069  0.6753  0.6753  0.4750  0.5503  0.6371  5.9837  0.000040
epoch:127 0.6416  0.8987  0.6596  0.4567  0.4667  0.6294  0.6139  0.6827  0.6827  0.4952  0.5404  0.6474  5.9174  0.000040
epoch:128 0.6348  0.9010  0.6531  0.4481  0.4655  0.6099  0.6090  0.6759  0.6759  0.4952  0.5424  0.6304  5.6395  0.000040
epoch:129 0.6305  0.9065  0.6429  0.4224  0.4589  0.6304  0.6089  0.6774  0.6774  0.4619  0.5384  0.6538  5.8652  0.000040
epoch:130 0.6376  0.9095  0.6458  0.4525  0.4626  0.6295  0.6122  0.6811  0.6811  0.4917  0.5404  0.6495  5.9118  0.000040
epoch:131 0.6370  0.9068  0.6391  0.4400  0.4647  0.6244  0.6096  0.6796  0.6796  0.4798  0.5419  0.6450  5.7027  0.000040
epoch:132 0.6435  0.9116  0.6831  0.4917  0.4736  0.6343  0.6178  0.6844  0.6844  0.5202  0.5428  0.6540  6.0898  0.000040
epoch:133 0.6308  0.9042  0.6681  0.4617  0.4799  0.6059  0.6045  0.6724  0.6724  0.4917  0.5459  0.6289  5.9115  0.000040
epoch:134 0.6405  0.9029  0.6729  0.4571  0.4675  0.6235  0.6134  0.6792  0.6792  0.4869  0.5428  0.6428  5.9238  0.000040
epoch:135 0.6388  0.9032  0.6506  0.4417  0.4746  0.6205  0.6125  0.6799  0.6799  0.4786  0.5507  0.6402  5.8327  0.000040
epoch:136 0.6422  0.9052  0.6700  0.4639  0.5093  0.6052  0.6134  0.6806  0.6806  0.5000  0.5443  0.6376  6.0080  0.000040
epoch:137 0.6447  0.9068  0.6881  0.4545  0.4638  0.6356  0.6144  0.6844  0.6844  0.4869  0.5404  0.6547  5.9298  0.000040
epoch:138 0.6448  0.9029  0.6810  0.5017  0.5130  0.6153  0.6185  0.6863  0.6863  0.5429  0.5447  0.6498  5.8202  0.000040
epoch:139 0.6302  0.9099  0.6551  0.4575  0.4602  0.6140  0.6060  0.6736  0.6736  0.4917  0.5396  0.6374  5.9525  0.000040
epoch:140 0.6443  0.9038  0.6935  0.4558  0.4760  0.6297  0.6185  0.6852  0.6852  0.4905  0.5503  0.6497  5.7391  0.000040
epoch:141 0.6290  0.9051  0.6731  0.4673  0.5099  0.5989  0.6020  0.6693  0.6693  0.5000  0.5443  0.6309  6.0219  0.000040
epoch:142 0.6438  0.9055  0.6794  0.4972  0.5093  0.6150  0.6148  0.6832  0.6832  0.5333  0.5443  0.6454  5.7352  0.000040
epoch:143 0.6394  0.9018  0.6393  0.4372  0.4704  0.6277  0.6103  0.6800  0.6800  0.4738  0.5443  0.6452  6.0134  0.000040
epoch:144 0.6419  0.9038  0.7012  0.4639  0.4667  0.6273  0.6107  0.6816  0.6816  0.5000  0.5483  0.6474  5.9587  0.000040
epoch:145 0.6315  0.8977  0.6572  0.4565  0.4704  0.6117  0.6045  0.6739  0.6739  0.4869  0.5443  0.6326  5.7025  0.000040
epoch:146 0.6435  0.8994  0.6530  0.4464  0.4706  0.6238  0.6167  0.6828  0.6828  0.4869  0.5463  0.6431  5.8846  0.000040
epoch:147 0.6446  0.8982  0.6780  0.4905  0.4740  0.6295  0.6195  0.6847  0.6847  0.5250  0.5448  0.6492  6.0404  0.000040
epoch:148 0.6435  0.9044  0.6745  0.4618  0.4785  0.6081  0.6143  0.6824  0.6824  0.5000  0.5443  0.6407  5.8163  0.000040
epoch:149 0.6462  0.9106  0.6934  0.4699  0.4764  0.6246  0.6148  0.6832  0.6832  0.4917  0.5483  0.6436  5.8796  0.000040
epoch:150 0.6377  0.9027  0.6631  0.4421  0.4988  0.6106  0.6121  0.6794  0.6794  0.4869  0.5443  0.6416  6.0401  0.000040
epoch:151 0.6451  0.9109  0.6663  0.4465  0.4814  0.6339  0.6165  0.6853  0.6853  0.4869  0.5527  0.6556  6.0714  0.000040
epoch:152 0.6404  0.9078  0.7042  0.4740  0.4809  0.6176  0.6126  0.6819  0.6819  0.5000  0.5503  0.6424  5.8401  0.000040
epoch:153 0.6481  0.9079  0.6907  0.4639  0.4785  0.6209  0.6169  0.6856  0.6856  0.5000  0.5503  0.6405  6.0833  0.000040
epoch:154 0.6309  0.9099  0.6332  0.4350  0.4616  0.6192  0.6054  0.6743  0.6743  0.4702  0.5400  0.6410  5.9588  0.000040
epoch:155 0.6445  0.9048  0.6715  0.4640  0.5031  0.6182  0.6159  0.6834  0.6834  0.4988  0.5364  0.6503  5.9395  0.000040
epoch:156 0.6436  0.9117  0.6731  0.4605  0.4807  0.6243  0.6142  0.6794  0.6794  0.4952  0.5404  0.6432  6.1333  0.000040
epoch:157 0.6488  0.8982  0.6889  0.4708  0.5132  0.6276  0.6209  0.6867  0.6867  0.5036  0.5439  0.6561  5.9900  0.000040
epoch:158 0.6408  0.9102  0.6735  0.4586  0.4727  0.6209  0.6117  0.6808  0.6808  0.4952  0.5459  0.6397  5.9271  0.000040
epoch:159 0.6401  0.9101  0.6935  0.4814  0.4674  0.6182  0.6098  0.6801  0.6801  0.5048  0.5400  0.6400  6.0187  0.000040
epoch:160 0.6414  0.9021  0.6782  0.4490  0.4903  0.6199  0.6139  0.6791  0.6791  0.4833  0.5464  0.6418  5.9174  0.000040
epoch:161 0.6412  0.9029  0.6490  0.4356  0.4781  0.6281  0.6155  0.6803  0.6803  0.4702  0.5464  0.6468  5.8476  0.000040
epoch:162 0.6246  0.9084  0.6457  0.4509  0.4460  0.6119  0.6006  0.6679  0.6679  0.4905  0.5333  0.6332  6.0131  0.000040
epoch:163 0.6386  0.9026  0.6738  0.4682  0.4760  0.6150  0.6088  0.6759  0.6759  0.4917  0.5400  0.6368  5.8581  0.000040
epoch:164 0.6453  0.9069  0.7167  0.4619  0.4799  0.6208  0.6180  0.6829  0.6829  0.4905  0.5487  0.6418  5.8139  0.000040
epoch:165 0.6323  0.9103  0.6635  0.4226  0.4705  0.6209  0.6072  0.6762  0.6762  0.4655  0.5439  0.6435  5.9181  0.000040
epoch:166 0.6412  0.9092  0.6715  0.4463  0.4676  0.6268  0.6132  0.6827  0.6827  0.4821  0.5444  0.6474  5.9239  0.000040
epoch:167 0.6398  0.9016  0.6694  0.4490  0.4852  0.6237  0.6081  0.6790  0.6790  0.4833  0.5542  0.6448  5.8528  0.000040
epoch:168 0.6315  0.9052  0.6766  0.4633  0.4428  0.6163  0.6110  0.6772  0.6772  0.4988  0.5416  0.6406  5.8402  0.000040
epoch:169 0.6493  0.9136  0.6852  0.4538  0.5124  0.6271  0.6171  0.6853  0.6853  0.4905  0.5404  0.6545  5.8528  0.000040
epoch:170 0.6545  0.9096  0.6895  0.4547  0.5142  0.6350  0.6247  0.6917  0.6917  0.4952  0.5447  0.6626  5.8956  0.000040
epoch:171 0.6431  0.9115  0.6500  0.4385  0.4716  0.6307  0.6140  0.6846  0.6846  0.4750  0.5464  0.6526  5.7367  0.000040
epoch:172 0.6448  0.9076  0.6663  0.4490  0.4720  0.6257  0.6122  0.6822  0.6822  0.4833  0.5400  0.6447  5.8977  0.000040
epoch:173 0.6337  0.9053  0.6969  0.4726  0.5046  0.6136  0.6028  0.6695  0.6695  0.5036  0.5361  0.6417  6.1217  0.000040
epoch:174 0.6430  0.9001  0.6559  0.4418  0.4837  0.6206  0.6146  0.6800  0.6800  0.4798  0.5487  0.6410  5.8714  0.000040
epoch:175 0.6250  0.9124  0.7014  0.4547  0.4810  0.6120  0.5955  0.6630  0.6630  0.4869  0.5507  0.6331  5.9736  0.000040
epoch:176 0.6400  0.9111  0.6762  0.4514  0.4829  0.6275  0.6150  0.6814  0.6814  0.4833  0.5550  0.6596  5.8519  0.000040
epoch:177 0.6425  0.9022  0.6589  0.4540  0.4836  0.6214  0.6121  0.6806  0.6806  0.4964  0.5503  0.6423  5.9238  0.000040
epoch:178 0.6343  0.9097  0.6661  0.4354  0.4765  0.6168  0.6098  0.6783  0.6783  0.4786  0.5483  0.6421  5.8499  0.000040
epoch:179 0.6500  0.9052  0.7067  0.4739  0.5045  0.6199  0.6213  0.6889  0.6889  0.5083  0.5419  0.6515  5.5936  0.000040
epoch:180 0.6464  0.9099  0.6831  0.4597  0.4647  0.6256  0.6172  0.6853  0.6853  0.4917  0.5384  0.6465  6.1187  0.000040
epoch:181 0.6494  0.9038  0.6994  0.4740  0.4834  0.6220  0.6174  0.6874  0.6874  0.5131  0.5527  0.6454  5.9645  0.000040
epoch:182 0.6499  0.9133  0.6860  0.4526  0.4738  0.6281  0.6176  0.6848  0.6848  0.4869  0.5419  0.6476  6.0036  0.000040
epoch:183 0.6498  0.9066  0.6980  0.4640  0.4713  0.6372  0.6151  0.6848  0.6848  0.4905  0.5384  0.6547  5.9871  0.000040
epoch:184 0.6445  0.9111  0.6671  0.4421  0.4822  0.6315  0.6158  0.6806  0.6806  0.4869  0.5464  0.6498  5.9263  0.000040
epoch:185 0.6522  0.9121  0.6872  0.4504  0.5106  0.6332  0.6240  0.6916  0.6916  0.4821  0.5447  0.6647  5.8813  0.000040
epoch:186 0.6485  0.9109  0.6986  0.4560  0.4854  0.6304  0.6186  0.6864  0.6864  0.4952  0.5527  0.6519  6.0125  0.000040
epoch:187 0.6431  0.9014  0.6749  0.4518  0.4797  0.6217  0.6121  0.6805  0.6805  0.4821  0.5503  0.6405  6.0819  0.000040
epoch:188 0.6461  0.9064  0.6764  0.4326  0.4614  0.6280  0.6154  0.6839  0.6839  0.4619  0.5361  0.6492  6.0723  0.000040
epoch:189 0.6563  0.9048  0.7173  0.4777  0.5132  0.6335  0.6246  0.6918  0.6918  0.5131  0.5443  0.6618  5.8883  0.000040
epoch:190 0.6358  0.9020  0.6574  0.4565  0.4785  0.6126  0.6107  0.6795  0.6795  0.4881  0.5595  0.6373  5.8878  0.000040
epoch:191 0.6430  0.9115  0.6687  0.4391  0.4744  0.6350  0.6151  0.6823  0.6823  0.4738  0.5459  0.6547  5.9054  0.000040
epoch:192 0.6453  0.9028  0.6960  0.4648  0.4783  0.6189  0.6140  0.6815  0.6815  0.4952  0.5483  0.6377  6.0651  0.000040
epoch:193 0.6459  0.9114  0.6826  0.4465  0.4732  0.6411  0.6183  0.6868  0.6868  0.4869  0.5424  0.6646  6.1169  0.000040
epoch:194 0.6486  0.9052  0.7106  0.4747  0.5076  0.6144  0.6163  0.6854  0.6854  0.5131  0.5356  0.6460  5.9958  0.000040
epoch:195 0.6413  0.9020  0.6849  0.4586  0.4752  0.6293  0.6147  0.6796  0.6796  0.4952  0.5376  0.6498  5.9819  0.000040
epoch:196 0.6385  0.9014  0.6755  0.4526  0.5062  0.6103  0.6122  0.6799  0.6799  0.4869  0.5443  0.6423  5.8739  0.000040
epoch:197 0.6432  0.8984  0.6744  0.4594  0.4911  0.6211  0.6149  0.6814  0.6814  0.4917  0.5483  0.6415  6.0540  0.000040
epoch:198 0.6420  0.9080  0.6567  0.4874  0.4821  0.6213  0.6142  0.6812  0.6812  0.5298  0.5467  0.6442  5.8795  0.000040
epoch:199 0.6366  0.9065  0.6609  0.4685  0.4713  0.6202  0.6131  0.6789  0.6789  0.4964  0.5404  0.6559  5.9439  0.000040
epoch:200 0.6450  0.9069  0.7074  0.4648  0.4820  0.6226  0.6176  0.6827  0.6827  0.4952  0.5507  0.6442  5.8041  0.000040
epoch:201 0.6240  0.8989  0.6785  0.4675  0.4928  0.6005  0.5988  0.6634  0.6634  0.5000  0.5345  0.6276  5.9676  0.000040
epoch:202 0.6368  0.9108  0.6665  0.4442  0.4808  0.6182  0.6080  0.6775  0.6775  0.4786  0.5487  0.6416  6.0592  0.000040
epoch:203 0.6397  0.9041  0.6646  0.4618  0.4616  0.6203  0.6112  0.6784  0.6784  0.4917  0.5321  0.6426  5.9501  0.000040
epoch:204 0.6444  0.9101  0.6654  0.4514  0.4631  0.6258  0.6175  0.6839  0.6839  0.4869  0.5384  0.6484  5.8837  0.000040
epoch:205 0.6268  0.9095  0.6639  0.4636  0.4724  0.6053  0.6021  0.6701  0.6701  0.5000  0.5527  0.6307  5.9543  0.000040
epoch:206 0.6473  0.9032  0.6935  0.4516  0.4820  0.6362  0.6198  0.6881  0.6881  0.4821  0.5507  0.6603  5.8907  0.000040
epoch:207 0.6473  0.9049  0.6828  0.4573  0.4703  0.6274  0.6153  0.6828  0.6828  0.4917  0.5380  0.6478  6.0516  0.000040
epoch:208 0.6498  0.9108  0.6842  0.4593  0.4928  0.6316  0.6206  0.6890  0.6890  0.5000  0.5340  0.6590  5.7312  0.000040
epoch:209 0.6487  0.9124  0.7042  0.4740  0.4921  0.6357  0.6176  0.6863  0.6863  0.5131  0.5507  0.6577  5.8216  0.000040
epoch:210 0.6530  0.9102  0.7123  0.4650  0.4826  0.6343  0.6208  0.6902  0.6902  0.4952  0.5507  0.6534  5.9038  0.000040
epoch:211 0.6444  0.9115  0.6791  0.4705  0.4675  0.6209  0.6141  0.6832  0.6832  0.4952  0.5424  0.6423  6.0437  0.000040
epoch:212 0.6439  0.9046  0.6964  0.4777  0.5137  0.6187  0.6161  0.6846  0.6846  0.5131  0.5491  0.6519  5.8265  0.000040
epoch:213 0.6426  0.9115  0.6848  0.4662  0.4644  0.6228  0.6135  0.6828  0.6828  0.4952  0.5415  0.6456  5.7974  0.000040
epoch:214 0.6322  0.9099  0.6551  0.4653  0.4676  0.6127  0.6050  0.6750  0.6750  0.4964  0.5507  0.6377  5.7814  0.000040
epoch:215 0.6483  0.8992  0.6783  0.4519  0.4849  0.6308  0.6161  0.6847  0.6847  0.4881  0.5546  0.6500  5.7899  0.000040
epoch:216 0.6403  0.9098  0.7150  0.4777  0.4735  0.6186  0.6096  0.6790  0.6790  0.5083  0.5468  0.6411  5.7876  0.000040
epoch:217 0.6474  0.9044  0.7023  0.4739  0.4793  0.6335  0.6157  0.6841  0.6841  0.5083  0.5380  0.6542  5.9125  0.000040
epoch:218 0.6405  0.9059  0.6925  0.4683  0.4709  0.6209  0.6147  0.6821  0.6821  0.5036  0.5508  0.6442  5.8336  0.000040
epoch:219 0.6414  0.9093  0.6514  0.4456  0.4687  0.6188  0.6131  0.6822  0.6822  0.4786  0.5447  0.6410  5.6701  0.000040
epoch:220 0.6542  0.9072  0.7000  0.4575  0.4824  0.6410  0.6231  0.6899  0.6899  0.4917  0.5507  0.6593  5.9182  0.000040
epoch:221 0.6451  0.9020  0.6783  0.4460  0.4831  0.6275  0.6172  0.6821  0.6821  0.4786  0.5487  0.6487  5.8277  0.000040
epoch:222 0.6279  0.9079  0.6715  0.4544  0.4653  0.6089  0.6035  0.6701  0.6701  0.4952  0.5361  0.6319  5.8585  0.000040
epoch:223 0.6508  0.9072  0.7134  0.4777  0.4793  0.6292  0.6187  0.6871  0.6871  0.5131  0.5507  0.6490  5.9802  0.000040
epoch:224 0.6487  0.9046  0.7021  0.4576  0.5119  0.6305  0.6203  0.6884  0.6884  0.5000  0.5419  0.6624  5.9359  0.000040
epoch:225 0.6388  0.9000  0.6845  0.4690  0.4774  0.6157  0.6123  0.6781  0.6781  0.4964  0.5443  0.6382  5.8588  0.000040
epoch:226 0.6424  0.9025  0.6716  0.4584  0.4776  0.6189  0.6122  0.6802  0.6802  0.4881  0.5464  0.6418  5.9215  0.000040
epoch:227 0.6357  0.9134  0.6943  0.4644  0.4841  0.6264  0.6030  0.6724  0.6724  0.5048  0.5218  0.6528  6.0559  0.000040
epoch:228 0.6395  0.9073  0.6900  0.4524  0.4752  0.6231  0.6142  0.6820  0.6820  0.4869  0.5444  0.6477  5.7783  0.000040
epoch:229 0.6465  0.9096  0.6763  0.4763  0.4663  0.6272  0.6167  0.6840  0.6840  0.5083  0.5345  0.6468  6.0805  0.000040
epoch:230 0.6342  0.9097  0.6670  0.4574  0.4661  0.6159  0.6101  0.6776  0.6776  0.4917  0.5424  0.6405  5.8065  0.000040
epoch:231 0.6411  0.9044  0.7074  0.4697  0.4760  0.6155  0.6117  0.6799  0.6799  0.5000  0.5459  0.6381  5.8835  0.000040
epoch:232 0.6480  0.9032  0.6956  0.4547  0.5032  0.6250  0.6193  0.6863  0.6863  0.4869  0.5428  0.6539  5.8680  0.000040
epoch:233 0.6440  0.9018  0.6727  0.4545  0.4820  0.6218  0.6147  0.6827  0.6827  0.4869  0.5507  0.6420  6.0944  0.000040
epoch:234 0.6362  0.9012  0.6531  0.4555  0.4783  0.6187  0.6097  0.6777  0.6777  0.4833  0.5483  0.6440  5.8257  0.000040
epoch:235 0.6468  0.9039  0.6905  0.4926  0.5084  0.6304  0.6184  0.6863  0.6863  0.5333  0.5380  0.6593  6.0691  0.000040
epoch:236 0.6417  0.9036  0.6968  0.4568  0.4790  0.6202  0.6132  0.6811  0.6811  0.4952  0.5443  0.6426  5.9412  0.000040
epoch:237 0.6485  0.9068  0.6787  0.4516  0.4820  0.6270  0.6157  0.6845  0.6845  0.4821  0.5487  0.6471  5.7090  0.000040
epoch:238 0.6459  0.9022  0.6895  0.4756  0.4795  0.6157  0.6144  0.6835  0.6835  0.5048  0.5511  0.6389  5.8371  0.000040
epoch:239 0.6482  0.9108  0.6982  0.4603  0.4693  0.6303  0.6166  0.6830  0.6830  0.4952  0.5380  0.6482  5.8568  0.000040
epoch:240 0.6548  0.9067  0.7094  0.4678  0.4783  0.6407  0.6234  0.6901  0.6901  0.5000  0.5483  0.6590  5.9343  0.000040
epoch:241 0.6399  0.9009  0.7013  0.4772  0.4751  0.6134  0.6106  0.6803  0.6803  0.5095  0.5507  0.6360  5.9427  0.000040
epoch:242 0.6428  0.9030  0.6878  0.4690  0.5027  0.6167  0.6153  0.6814  0.6814  0.4964  0.5428  0.6429  6.0923  0.000040
epoch:243 0.6494  0.9046  0.7014  0.4555  0.4675  0.6351  0.6203  0.6891  0.6891  0.4917  0.5415  0.6552  6.0724  0.000040
epoch:244 0.6523  0.9113  0.6896  0.4635  0.4679  0.6488  0.6241  0.6965  0.6965  0.5083  0.5447  0.6708  5.9140  0.000040
epoch:245 0.6495  0.9109  0.6992  0.4697  0.4729  0.6271  0.6186  0.6861  0.6861  0.5000  0.5424  0.6457  5.8948  0.000040
epoch:246 0.6523  0.9094  0.6891  0.4519  0.4836  0.6355  0.6207  0.6899  0.6899  0.4881  0.5527  0.6565  5.9502  0.000040
epoch:247 0.6378  0.9062  0.6788  0.4482  0.4722  0.6176  0.6095  0.6766  0.6766  0.4869  0.5444  0.6403  6.1178  0.000040
epoch:248 0.6391  0.9068  0.6812  0.4545  0.4584  0.6243  0.6105  0.6778  0.6778  0.4869  0.5356  0.6442  5.8421  0.000040
epoch:249 0.6468  0.9034  0.7157  0.4672  0.4888  0.6320  0.6152  0.6834  0.6834  0.5000  0.5464  0.6537  5.9003  0.000040
epoch:250 0.6490  0.9092  0.7023  0.4721  0.4799  0.6399  0.6203  0.6858  0.6858  0.5000  0.5483  0.6664  6.0234  0.000040
epoch:251 0.6481  0.9063  0.6845  0.4466  0.4942  0.6428  0.6195  0.6841  0.6841  0.4833  0.5464  0.6638  5.8384  0.000040
epoch:252 0.6510  0.9122  0.6907  0.4545  0.4991  0.6477  0.6207  0.6877  0.6877  0.4869  0.5483  0.6735  6.0678  0.000040
epoch:253 0.6371  0.9062  0.6718  0.4719  0.4643  0.6158  0.6118  0.6800  0.6800  0.5083  0.5483  0.6413  6.1354  0.000040
epoch:254 0.6421  0.9015  0.6648  0.4401  0.4719  0.6193  0.6096  0.6781  0.6781  0.4786  0.5464  0.6383  5.8540  0.000040
epoch:255 0.6448  0.9014  0.6738  0.4505  0.4708  0.6220  0.6159  0.6818  0.6818  0.4869  0.5424  0.6423  5.9111  0.000040
epoch:256 0.6531  0.9051  0.7052  0.4747  0.5025  0.6415  0.6259  0.6946  0.6946  0.5131  0.5380  0.6734  5.8774  0.000040
epoch:257 0.6460  0.9015  0.6841  0.4593  0.5112  0.6219  0.6172  0.6848  0.6848  0.5000  0.5404  0.6518  6.0022  0.000040
epoch:258 0.6448  0.9112  0.6892  0.4570  0.4618  0.6380  0.6168  0.6876  0.6876  0.4869  0.5396  0.6711  6.1114  0.000040
epoch:259 0.6496  0.9077  0.6638  0.4429  0.4905  0.6334  0.6190  0.6867  0.6867  0.4833  0.5487  0.6531  5.9546  0.000040
epoch:260 0.6484  0.9096  0.7087  0.4791  0.4863  0.6230  0.6164  0.6852  0.6852  0.5048  0.5507  0.6431  5.9090  0.000040
epoch:261 0.6507  0.9104  0.6871  0.4590  0.4798  0.6378  0.6201  0.6869  0.6869  0.5000  0.5400  0.6583  5.9703  0.000040
epoch:262 0.6492  0.9077  0.6949  0.4693  0.4900  0.6333  0.6208  0.6863  0.6863  0.5083  0.5483  0.6548  5.7633  0.000040
epoch:263 0.6527  0.9026  0.7127  0.4650  0.4904  0.6304  0.6199  0.6896  0.6896  0.4952  0.5546  0.6504  5.9752  0.000040
epoch:264 0.6451  0.9100  0.6658  0.4508  0.4673  0.6277  0.6154  0.6845  0.6845  0.4917  0.5404  0.6484  6.0420  0.000040
epoch:265 0.6480  0.9116  0.6696  0.4546  0.4936  0.6344  0.6198  0.6886  0.6886  0.4952  0.5317  0.6635  5.9768  0.000040
epoch:266 0.6535  0.9072  0.7067  0.4539  0.5016  0.6445  0.6214  0.6911  0.6911  0.4917  0.5550  0.6646  6.1369  0.000040
epoch:267 0.6537  0.9129  0.7157  0.4662  0.4910  0.6301  0.6239  0.6897  0.6897  0.4952  0.5527  0.6500  5.7868  0.000040
epoch:268 0.6499  0.9050  0.6941  0.4644  0.5023  0.6247  0.6213  0.6897  0.6897  0.5048  0.5424  0.6531  5.8158  0.000040
epoch:269 0.6475  0.9071  0.6778  0.4448  0.4943  0.6329  0.6193  0.6865  0.6865  0.4833  0.5487  0.6538  6.0368  0.000040
epoch:270 0.6546  0.9119  0.6997  0.4548  0.4911  0.6488  0.6220  0.6917  0.6917  0.4952  0.5483  0.6695  5.8657  0.000040
epoch:271 0.6502  0.9100  0.7004  0.4643  0.4775  0.6318  0.6159  0.6868  0.6868  0.4964  0.5487  0.6502  5.9122  0.000040
epoch:272 0.6495  0.9041  0.6962  0.4718  0.5173  0.6325  0.6188  0.6876  0.6876  0.5083  0.5487  0.6608  5.8879  0.000040
epoch:273 0.6418  0.9021  0.6746  0.4623  0.4787  0.6275  0.6127  0.6820  0.6820  0.5048  0.5424  0.6511  5.9493  0.000040
epoch:274 0.6482  0.9107  0.6686  0.4466  0.4741  0.6322  0.6189  0.6867  0.6867  0.4833  0.5464  0.6534  5.9747  0.000040
epoch:275 0.6353  0.9087  0.6555  0.4535  0.4767  0.6163  0.6110  0.6792  0.6792  0.4917  0.5443  0.6424  5.7331  0.000040
epoch:276 0.6436  0.9020  0.6718  0.4602  0.4874  0.6274  0.6158  0.6840  0.6840  0.5048  0.5424  0.6500  5.8798  0.000040
epoch:277 0.6422  0.9073  0.6978  0.4526  0.4853  0.6344  0.6166  0.6840  0.6840  0.4869  0.5527  0.6540  5.9224  0.000040
epoch:278 0.6485  0.9050  0.6975  0.4594  0.5131  0.6280  0.6202  0.6884  0.6884  0.5000  0.5491  0.6576  5.7021  0.000040
epoch:279 0.6563  0.9151  0.7151  0.4725  0.4819  0.6514  0.6279  0.6946  0.6946  0.5048  0.5507  0.6772  5.8934  0.000040
epoch:280 0.6480  0.9038  0.6926  0.4601  0.5040  0.6305  0.6223  0.6892  0.6892  0.4964  0.5424  0.6586  5.9385  0.000040
epoch:281 0.6389  0.9062  0.6980  0.4537  0.4675  0.6208  0.6131  0.6795  0.6795  0.4857  0.5464  0.6432  5.8963  0.000040
epoch:282 0.6428  0.9050  0.6745  0.4747  0.4882  0.6290  0.6164  0.6846  0.6846  0.5131  0.5297  0.6584  5.7201  0.000040
epoch:283 0.6504  0.9046  0.7030  0.4659  0.5028  0.6249  0.6231  0.6909  0.6909  0.4952  0.5447  0.6533  6.0717  0.000040
epoch:284 0.6490  0.9115  0.6926  0.4552  0.4820  0.6330  0.6169  0.6884  0.6884  0.4917  0.5440  0.6558  5.9964  0.000040
epoch:285 0.6529  0.9061  0.6954  0.4594  0.4669  0.6439  0.6209  0.6891  0.6891  0.4917  0.5428  0.6621  5.9842  0.000040
epoch:286 0.6486  0.9107  0.6782  0.4514  0.4724  0.6261  0.6183  0.6852  0.6852  0.4869  0.5384  0.6463  6.0057  0.000040
epoch:287 0.6568  0.9065  0.7228  0.4756  0.4893  0.6452  0.6213  0.6919  0.6919  0.5048  0.5527  0.6632  5.9704  0.000040
epoch:288 0.6479  0.9065  0.6797  0.4459  0.4589  0.6378  0.6194  0.6873  0.6873  0.4869  0.5356  0.6555  5.9780  0.000040
epoch:289 0.6522  0.9068  0.6974  0.4611  0.4932  0.6314  0.6182  0.6882  0.6882  0.4964  0.5550  0.6495  5.9798  0.000040
epoch:290 0.6437  0.9015  0.6827  0.4632  0.4577  0.6436  0.6185  0.6863  0.6863  0.4964  0.5297  0.6650  5.8681  0.000040
epoch:291 0.6423  0.9103  0.6748  0.4618  0.4825  0.6195  0.6147  0.6829  0.6829  0.5000  0.5550  0.6437  6.0364  0.000040
epoch:292 0.6433  0.9067  0.6813  0.4575  0.4870  0.6300  0.6190  0.6854  0.6854  0.4917  0.5492  0.6538  5.9360  0.000040
epoch:293 0.6482  0.9067  0.6926  0.4485  0.4738  0.6266  0.6193  0.6857  0.6857  0.4821  0.5468  0.6452  5.7868  0.000040
epoch:294 0.6451  0.9023  0.6848  0.4552  0.4771  0.6281  0.6179  0.6859  0.6859  0.4917  0.5507  0.6476  5.9472  0.000040
epoch:295 0.6536  0.9097  0.6660  0.4550  0.4833  0.6421  0.6233  0.6907  0.6907  0.4917  0.5404  0.6629  6.0260  0.000040
epoch:296 0.6449  0.9100  0.6923  0.4681  0.4656  0.6228  0.6171  0.6844  0.6844  0.5036  0.5420  0.6434  5.9339  0.000040
epoch:297 0.6402  0.9050  0.6841  0.4458  0.4754  0.6301  0.6140  0.6824  0.6824  0.4821  0.5527  0.6558  5.8845  0.000040
epoch:298 0.6242  0.8985  0.6490  0.4548  0.4672  0.5985  0.6037  0.6669  0.6669  0.4952  0.5361  0.6247  6.0058  0.000040
epoch:299 0.6509  0.9106  0.7059  0.4524  0.5028  0.6330  0.6220  0.6872  0.6872  0.4869  0.5404  0.6579  6.0878  0.000040
epoch:300 0.6356  0.9000  0.6760  0.4512  0.4715  0.6194  0.6110  0.6750  0.6750  0.4833  0.5444  0.6400  5.8020  0.000040
epoch:301 0.6382  0.8985  0.6816  0.4607  0.4649  0.6234  0.6142  0.6806  0.6806  0.4952  0.5440  0.6455  5.8094  0.000040
epoch:302 0.6480  0.9122  0.7222  0.4725  0.4758  0.6382  0.6174  0.6881  0.6881  0.5048  0.5419  0.6598  6.1365  0.000040
epoch:303 0.6410  0.9073  0.6516  0.4395  0.4589  0.6295  0.6148  0.6827  0.6827  0.4738  0.5321  0.6497  5.9421  0.000040
epoch:304 0.6413  0.9114  0.7011  0.4478  0.4728  0.6291  0.6171  0.6847  0.6847  0.4821  0.5507  0.6508  6.0418  0.000040
epoch:305 0.6506  0.9025  0.7040  0.4597  0.5093  0.6319  0.6199  0.6871  0.6871  0.4917  0.5424  0.6579  5.9166  0.000040
epoch:306 0.6359  0.9064  0.6511  0.4538  0.4592  0.6208  0.6121  0.6773  0.6773  0.4952  0.5420  0.6408  6.0047  0.000040
epoch:307 0.6276  0.9041  0.6560  0.4445  0.4701  0.6129  0.6024  0.6695  0.6695  0.4869  0.5519  0.6335  5.8225  0.000040
epoch:308 0.6351  0.9057  0.6665  0.4482  0.4802  0.6165  0.6128  0.6791  0.6791  0.4869  0.5464  0.6424  5.9264  0.000040
epoch:309 0.6356  0.9027  0.6904  0.4631  0.4893  0.6130  0.6102  0.6788  0.6788  0.4952  0.5336  0.6426  5.6867  0.000040
epoch:310 0.6446  0.9041  0.6891  0.4573  0.4654  0.6369  0.6196  0.6877  0.6877  0.4917  0.5400  0.6581  5.7745  0.000040
epoch:311 0.6367  0.8997  0.6751  0.4648  0.4621  0.6190  0.6118  0.6776  0.6776  0.4952  0.5297  0.6402  5.7590  0.000040
epoch:312 0.6447  0.9044  0.6992  0.4601  0.5032  0.6285  0.6184  0.6866  0.6866  0.4964  0.5404  0.6576  6.0243  0.000040
epoch:313 0.6350  0.8988  0.6905  0.4411  0.4978  0.6119  0.6076  0.6745  0.6745  0.4821  0.5550  0.6337  5.9921  0.000040
epoch:314 0.6436  0.9106  0.6570  0.4471  0.4634  0.6324  0.6186  0.6846  0.6846  0.4833  0.5424  0.6505  5.8824  0.000040
epoch:315 0.6536  0.9122  0.7197  0.4695  0.4970  0.6355  0.6227  0.6928  0.6928  0.5000  0.5531  0.6592  5.9589  0.000040
epoch:316 0.6484  0.9122  0.7034  0.4571  0.4962  0.6305  0.6212  0.6899  0.6899  0.4917  0.5531  0.6531  6.1364  0.000040
epoch:317 0.6493  0.9040  0.7061  0.4711  0.5004  0.6250  0.6195  0.6865  0.6865  0.5036  0.5321  0.6542  5.9919  0.000040
epoch:318 0.6469  0.9092  0.7012  0.4651  0.4763  0.6291  0.6144  0.6847  0.6847  0.4952  0.5443  0.6484  5.6751  0.000040
epoch:319 0.6464  0.9120  0.6994  0.4597  0.4731  0.6338  0.6189  0.6880  0.6880  0.4917  0.5419  0.6555  5.8325  0.000040
epoch:320 0.6529  0.9038  0.6960  0.4580  0.5036  0.6438  0.6263  0.6948  0.6948  0.4964  0.5384  0.6747  6.1907  0.000040
epoch:321 0.6514  0.9045  0.6941  0.4601  0.4784  0.6464  0.6249  0.6915  0.6915  0.4964  0.5380  0.6668  6.1740  0.000040
epoch:322 0.6500  0.9043  0.7116  0.4772  0.5050  0.6233  0.6226  0.6905  0.6905  0.5095  0.5424  0.6546  5.8900  0.000040
epoch:323 0.6492  0.9095  0.6963  0.4717  0.4829  0.6322  0.6175  0.6884  0.6884  0.5048  0.5467  0.6527  5.9131  0.000040
epoch:324 0.6487  0.9042  0.6954  0.4623  0.4755  0.6324  0.6223  0.6905  0.6905  0.5048  0.5503  0.6531  5.8629  0.000040
epoch:325 0.6588  0.9063  0.7183  0.4679  0.5088  0.6486  0.6273  0.6947  0.6947  0.5083  0.5503  0.6682  5.9760  0.000040
epoch:326 0.6428  0.8989  0.6845  0.4680  0.4734  0.6245  0.6182  0.6857  0.6857  0.4952  0.5527  0.6492  5.7278  0.000040
epoch:327 0.6504  0.9101  0.6804  0.4503  0.4858  0.6356  0.6205  0.6888  0.6888  0.4869  0.5459  0.6557  5.9158  0.000040
epoch:328 0.6593  0.9089  0.7175  0.4721  0.4922  0.6453  0.6235  0.6948  0.6948  0.5000  0.5483  0.6648  5.8173  0.000040
epoch:329 0.6450  0.9064  0.6764  0.4412  0.4732  0.6320  0.6164  0.6847  0.6847  0.4869  0.5361  0.6516  5.9578  0.000040
epoch:330 0.6455  0.9065  0.7154  0.4596  0.4680  0.6274  0.6174  0.6849  0.6849  0.4905  0.5464  0.6476  5.9216  0.000040
epoch:331 0.6451  0.9044  0.6945  0.4552  0.4775  0.6323  0.6181  0.6885  0.6885  0.4917  0.5479  0.6544  6.0460  0.000040
epoch:332 0.6392  0.9012  0.6903  0.4521  0.5041  0.6213  0.6161  0.6827  0.6827  0.4869  0.5443  0.6500  5.9383  0.000040
epoch:333 0.6422  0.9051  0.6660  0.4580  0.4800  0.6252  0.6179  0.6830  0.6830  0.4952  0.5464  0.6442  6.0229  0.000040
epoch:334 0.6455  0.9043  0.6753  0.4419  0.5068  0.6206  0.6205  0.6875  0.6875  0.4786  0.5428  0.6525  6.1248  0.000040
epoch:335 0.6570  0.9123  0.7080  0.4595  0.5085  0.6416  0.6254  0.6941  0.6941  0.4964  0.5380  0.6689  6.1042  0.000040
epoch:336 0.6443  0.9114  0.7104  0.4756  0.4815  0.6255  0.6159  0.6837  0.6837  0.5048  0.5459  0.6484  6.0452  0.000040
epoch:337 0.6436  0.9066  0.6622  0.4449  0.4778  0.6297  0.6162  0.6820  0.6820  0.4869  0.5356  0.6484  6.0151  0.000040
epoch:338 0.6537  0.9072  0.7068  0.4625  0.4998  0.6341  0.6190  0.6897  0.6897  0.4952  0.5507  0.6529  5.8857  0.000040
epoch:339 0.6540  0.9144  0.6912  0.4602  0.4882  0.6423  0.6228  0.6916  0.6916  0.5036  0.5408  0.6622  5.7619  0.000040
epoch:340 0.6463  0.9095  0.6635  0.4348  0.4750  0.6298  0.6171  0.6841  0.6841  0.4774  0.5400  0.6497  5.8342  0.000040
epoch:341 0.6303  0.9163  0.6604  0.4469  0.4935  0.6144  0.6069  0.6720  0.6720  0.4869  0.5503  0.6391  5.8885  0.000040
epoch:342 0.6443  0.9027  0.6680  0.4533  0.4717  0.6341  0.6196  0.6871  0.6871  0.4917  0.5380  0.6568  5.7627  0.000040
epoch:343 0.6490  0.9035  0.7012  0.4571  0.5057  0.6346  0.6213  0.6886  0.6886  0.4917  0.5424  0.6618  5.9276  0.000040
epoch:344 0.6517  0.9184  0.6543  0.4402  0.4776  0.6404  0.6193  0.6885  0.6885  0.4833  0.5380  0.6598  5.8449  0.000040
epoch:345 0.6460  0.9023  0.6967  0.4505  0.4954  0.6303  0.6187  0.6848  0.6848  0.4869  0.5503  0.6502  5.8245  0.000040
epoch:346 0.6480  0.9062  0.6862  0.4517  0.4830  0.6324  0.6181  0.6853  0.6853  0.4917  0.5424  0.6500  6.0557  0.000040
epoch:347 0.6474  0.8980  0.6978  0.4552  0.5084  0.6266  0.6221  0.6879  0.6879  0.4917  0.5467  0.6526  6.2447  0.000040
epoch:348 0.6397  0.9091  0.6378  0.4550  0.4866  0.6188  0.6130  0.6795  0.6795  0.4964  0.5468  0.6421  5.9237  0.000040
epoch:349 0.6479  0.9037  0.6935  0.4521  0.5045  0.6349  0.6239  0.6893  0.6893  0.4952  0.5408  0.6653  5.9215  0.000040
epoch:350 0.6537  0.9078  0.7081  0.4456  0.4971  0.6482  0.6234  0.6921  0.6921  0.4869  0.5483  0.6680  5.8140  0.000040
epoch:351 0.6509  0.9108  0.6809  0.4611  0.4746  0.6365  0.6183  0.6892  0.6892  0.4964  0.5396  0.6560  5.8081  0.000040
epoch:352 0.6538  0.9134  0.7043  0.4552  0.5088  0.6293  0.6270  0.6958  0.6958  0.4917  0.5467  0.6610  6.0621  0.000040
epoch:353 0.6524  0.8997  0.7150  0.4785  0.4925  0.6334  0.6189  0.6897  0.6897  0.5095  0.5507  0.6542  5.7764  0.000040
epoch:354 0.6518  0.9098  0.6881  0.4562  0.4966  0.6281  0.6200  0.6886  0.6886  0.4964  0.5507  0.6487  5.9222  0.000040
epoch:355 0.6519  0.9122  0.7128  0.4725  0.4801  0.6351  0.6244  0.6923  0.6923  0.5048  0.5459  0.6568  5.9783  0.000040
epoch:356 0.6287  0.9052  0.6626  0.4562  0.4966  0.6082  0.6046  0.6711  0.6711  0.4964  0.5483  0.6321  5.8910  0.000040
epoch:357 0.6484  0.9109  0.6841  0.4524  0.4822  0.6288  0.6182  0.6847  0.6847  0.4869  0.5380  0.6487  5.8539  0.000040
epoch:358 0.6529  0.9133  0.7230  0.4719  0.4829  0.6346  0.6250  0.6935  0.6935  0.5048  0.5487  0.6560  5.9880  0.000040
epoch:359 0.6505  0.9101  0.6987  0.4541  0.4946  0.6302  0.6202  0.6898  0.6898  0.4964  0.5527  0.6502  5.9842  0.000040
epoch:360 0.6450  0.9070  0.6819  0.4476  0.4992  0.6260  0.6125  0.6807  0.6807  0.4881  0.5464  0.6461  6.0240  0.000040
epoch:361 0.6455  0.9050  0.6775  0.4543  0.4991  0.6266  0.6158  0.6827  0.6827  0.4917  0.5483  0.6458  6.0436  0.000040
epoch:362 0.6400  0.9068  0.6772  0.4575  0.4791  0.6204  0.6126  0.6819  0.6819  0.4917  0.5550  0.6424  5.8854  0.000040
epoch:363 0.6416  0.9024  0.6800  0.4537  0.4759  0.6249  0.6157  0.6846  0.6846  0.4917  0.5546  0.6468  5.9177  0.000040
epoch:364 0.6408  0.9081  0.6614  0.4566  0.4986  0.6199  0.6115  0.6805  0.6805  0.4917  0.5487  0.6431  5.8765  0.000040
epoch:365 0.6490  0.9071  0.6919  0.4546  0.4746  0.6378  0.6220  0.6890  0.6890  0.4869  0.5487  0.6547  5.9402  0.000040
epoch:366 0.6497  0.9119  0.7104  0.4721  0.4753  0.6378  0.6212  0.6917  0.6917  0.5000  0.5459  0.6599  5.8793  0.000040
epoch:367 0.6446  0.9040  0.6839  0.4668  0.5062  0.6192  0.6222  0.6910  0.6910  0.5036  0.5428  0.6573  5.8372  0.000040
epoch:368 0.6448  0.9044  0.6593  0.4586  0.4838  0.6334  0.6199  0.6874  0.6874  0.4869  0.5297  0.6661  6.0903  0.000040
epoch:369 0.6477  0.9072  0.7118  0.4701  0.4751  0.6322  0.6230  0.6882  0.6882  0.5083  0.5487  0.6510  5.9012  0.000040
epoch:370 0.6442  0.9105  0.6936  0.4475  0.4836  0.6427  0.6166  0.6871  0.6871  0.4869  0.5440  0.6651  6.0881  0.000040
epoch:371 0.6405  0.9042  0.6760  0.4642  0.4770  0.6229  0.6103  0.6777  0.6777  0.5000  0.5333  0.6427  6.0604  0.000040
epoch:372 0.6442  0.9030  0.7018  0.4552  0.4746  0.6271  0.6178  0.6861  0.6861  0.4917  0.5467  0.6482  5.9776  0.000040
epoch:373 0.6390  0.9006  0.6900  0.4653  0.4688  0.6213  0.6131  0.6812  0.6812  0.5000  0.5487  0.6410  5.8850  0.000040
epoch:374 0.6487  0.9134  0.6957  0.4697  0.4809  0.6285  0.6207  0.6896  0.6896  0.5000  0.5503  0.6507  5.8874  0.000040
epoch:375 0.6458  0.9026  0.6719  0.4551  0.4977  0.6276  0.6182  0.6845  0.6845  0.4917  0.5550  0.6487  6.0295  0.000040
epoch:376 0.6410  0.9044  0.6935  0.4552  0.4799  0.6262  0.6169  0.6850  0.6850  0.4917  0.5483  0.6494  6.0172  0.000040
epoch:377 0.6571  0.9015  0.6993  0.4534  0.5096  0.6453  0.6258  0.6945  0.6945  0.4917  0.5574  0.6682  6.1047  0.000040
epoch:378 0.6432  0.9063  0.7103  0.4495  0.4843  0.6238  0.6143  0.6807  0.6807  0.4857  0.5479  0.6421  6.0942  0.000040
epoch:379 0.6435  0.9041  0.6922  0.4571  0.5043  0.6225  0.6150  0.6835  0.6835  0.4917  0.5380  0.6542  6.0857  0.000040
epoch:380 0.6501  0.9109  0.6933  0.4517  0.4809  0.6424  0.6214  0.6906  0.6906  0.4869  0.5503  0.6629  5.9595  0.000040
epoch:381 0.6412  0.9042  0.6742  0.4530  0.5027  0.6195  0.6158  0.6840  0.6840  0.4917  0.5400  0.6526  5.8066  0.000040
epoch:382 0.6500  0.9098  0.6837  0.4572  0.4770  0.6308  0.6184  0.6883  0.6883  0.4964  0.5443  0.6500  5.9504  0.000040
epoch:383 0.6505  0.9062  0.6988  0.4537  0.4849  0.6395  0.6208  0.6898  0.6898  0.4917  0.5507  0.6590  5.8826  0.000040
epoch:384 0.6512  0.9059  0.6949  0.4535  0.4903  0.6400  0.6229  0.6897  0.6897  0.4964  0.5468  0.6600  5.9952  0.000040
epoch:385 0.6563  0.9101  0.7044  0.4572  0.4979  0.6490  0.6250  0.6940  0.6940  0.4964  0.5527  0.6696  5.8322  0.000040
epoch:386 0.6467  0.9134  0.6989  0.4523  0.4734  0.6345  0.6203  0.6882  0.6882  0.4869  0.5443  0.6566  5.7922  0.000040
epoch:387 0.6538  0.9112  0.6981  0.4572  0.4789  0.6508  0.6251  0.6962  0.6962  0.4964  0.5527  0.6727  5.9446  0.000040
epoch:388 0.6444  0.9047  0.6862  0.4523  0.5097  0.6266  0.6190  0.6872  0.6872  0.4869  0.5463  0.6608  6.0230  0.000040
epoch:389 0.6566  0.9098  0.6976  0.4541  0.4945  0.6394  0.6282  0.6975  0.6975  0.4964  0.5550  0.6631  6.1172  0.000040
epoch:390 0.6466  0.9125  0.6763  0.4575  0.4934  0.6198  0.6190  0.6879  0.6879  0.4917  0.5364  0.6523  5.5664  0.000040
epoch:391 0.6551  0.9116  0.6906  0.4566  0.5071  0.6458  0.6275  0.6954  0.6954  0.4917  0.5447  0.6814  5.9201  0.000040
epoch:392 0.6361  0.9061  0.6593  0.4478  0.4589  0.6258  0.6134  0.6816  0.6816  0.4869  0.5419  0.6463  5.7281  0.000040
epoch:393 0.6264  0.9046  0.6401  0.4489  0.4530  0.6148  0.6076  0.6728  0.6728  0.4833  0.5440  0.6372  6.1578  0.000040
epoch:394 0.6464  0.9123  0.6781  0.4612  0.4596  0.6377  0.6199  0.6886  0.6886  0.4964  0.5273  0.6597  5.9863  0.000040
epoch:395 0.6445  0.9031  0.6897  0.4552  0.4691  0.6382  0.6193  0.6874  0.6874  0.4917  0.5431  0.6581  6.0719  0.000040
epoch:396 0.6420  0.9023  0.6884  0.4575  0.4742  0.6290  0.6167  0.6828  0.6828  0.4917  0.5440  0.6494  5.8314  0.000040
epoch:397 0.6451  0.9038  0.6873  0.4580  0.5064  0.6186  0.6205  0.6868  0.6868  0.4964  0.5404  0.6515  5.8775  0.000040
epoch:398 0.6465  0.9120  0.6858  0.4537  0.4664  0.6356  0.6197  0.6908  0.6908  0.4917  0.5483  0.6578  5.9422  0.000040
epoch:399 0.6422  0.9039  0.6922  0.4575  0.5044  0.6097  0.6166  0.6839  0.6839  0.4917  0.5447  0.6421  6.1279  0.000040
epoch:400 0.6398  0.9030  0.6724  0.4636  0.4944  0.6186  0.6120  0.6790  0.6790  0.5048  0.5503  0.6403  6.0274  0.000040
epoch:401 0.6509  0.9131  0.6924  0.4552  0.4810  0.6339  0.6222  0.6926  0.6926  0.4917  0.5507  0.6562  5.8818  0.000040
epoch:402 0.6447  0.9102  0.6845  0.4534  0.4959  0.6170  0.6159  0.6840  0.6840  0.4917  0.5507  0.6386  6.0504  0.000040
epoch:403 0.6458  0.9114  0.6794  0.4523  0.4794  0.6335  0.6178  0.6871  0.6871  0.4869  0.5440  0.6544  5.8563  0.000040
epoch:404 0.6481  0.9119  0.6919  0.4574  0.4791  0.6372  0.6206  0.6910  0.6910  0.4964  0.5483  0.6584  6.1211  0.000040
epoch:405 0.6508  0.9040  0.7024  0.4573  0.4769  0.6393  0.6231  0.6909  0.6909  0.4917  0.5400  0.6605  6.0009  0.000040
epoch:406 0.6484  0.9046  0.6950  0.4580  0.4769  0.6295  0.6198  0.6879  0.6879  0.4964  0.5443  0.6518  6.0268  0.000040
epoch:407 0.6509  0.9141  0.6903  0.4565  0.4761  0.6517  0.6260  0.6953  0.6953  0.4917  0.5550  0.6778  5.8626  0.000040
epoch:408 0.6450  0.9138  0.6798  0.4495  0.4695  0.6309  0.6207  0.6864  0.6864  0.4917  0.5507  0.6490  6.0766  0.000040
epoch:409 0.6472  0.9055  0.6992  0.4473  0.5094  0.6234  0.6154  0.6832  0.6832  0.4917  0.5574  0.6432  5.9773  0.000040
epoch:410 0.6486  0.9206  0.6790  0.4530  0.4778  0.6524  0.6235  0.6916  0.6916  0.4917  0.5464  0.6788  5.7839  0.000040
epoch:411 0.6434  0.9044  0.6954  0.4476  0.4644  0.6347  0.6186  0.6862  0.6862  0.4821  0.5400  0.6554  5.8402  0.000040
epoch:412 0.6490  0.9095  0.6750  0.4513  0.5119  0.6356  0.6210  0.6906  0.6906  0.4917  0.5503  0.6571  6.1375  0.000040
epoch:413 0.6509  0.9115  0.6624  0.4699  0.4685  0.6414  0.6212  0.6882  0.6882  0.4964  0.5297  0.6613  5.9397  0.000040
epoch:414 0.6495  0.9239  0.6748  0.4503  0.4883  0.6451  0.6197  0.6868  0.6868  0.4869  0.5447  0.6638  5.9529  0.000040
epoch:415 0.6537  0.9096  0.6927  0.4534  0.4994  0.6390  0.6223  0.6910  0.6910  0.4917  0.5459  0.6587  5.9644  0.000040
epoch:416 0.6471  0.9063  0.6943  0.4580  0.4874  0.6291  0.6152  0.6860  0.6860  0.4964  0.5550  0.6482  5.8259  0.000040
epoch:417 0.6384  0.9057  0.6777  0.4583  0.4850  0.6195  0.6147  0.6808  0.6808  0.4917  0.5527  0.6421  5.7639  0.000040
epoch:418 0.6412  0.9106  0.6597  0.4579  0.4689  0.6230  0.6171  0.6833  0.6833  0.5000  0.5400  0.6440  5.8261  0.000040
epoch:419 0.6497  0.9026  0.6940  0.4580  0.4776  0.6399  0.6216  0.6914  0.6914  0.4964  0.5471  0.6618  5.9276  0.000040
epoch:420 0.6443  0.9036  0.6996  0.4505  0.5054  0.6233  0.6186  0.6859  0.6859  0.4869  0.5424  0.6550  5.8722  0.000040
epoch:421 0.6499  0.9006  0.6983  0.4612  0.4830  0.6354  0.6223  0.6917  0.6917  0.4964  0.5550  0.6571  6.1601  0.000040
epoch:422 0.6508  0.9040  0.6783  0.4529  0.4937  0.6261  0.6252  0.6930  0.6930  0.4917  0.5345  0.6580  6.0185  0.000040
epoch:423 0.6456  0.9115  0.6971  0.4550  0.4825  0.6280  0.6167  0.6860  0.6860  0.4917  0.5487  0.6484  6.0406  0.000040
epoch:424 0.6473  0.9111  0.6996  0.4484  0.4816  0.6346  0.6203  0.6874  0.6874  0.4869  0.5507  0.6540  5.7361  0.000040
epoch:425 0.6434  0.9013  0.6946  0.4552  0.4660  0.6236  0.6170  0.6865  0.6865  0.4917  0.5380  0.6473  5.9786  0.000040
epoch:426 0.6445  0.9102  0.6770  0.4562  0.4699  0.6289  0.6201  0.6872  0.6872  0.4964  0.5483  0.6497  5.9343  0.000040
epoch:427 0.6473  0.9094  0.6864  0.4562  0.4762  0.6341  0.6201  0.6901  0.6901  0.4964  0.5511  0.6539  6.0035  0.000040
epoch:428 0.6516  0.9097  0.6963  0.4550  0.4830  0.6493  0.6261  0.6939  0.6939  0.4917  0.5483  0.6708  6.1173  0.000040
epoch:429 0.6343  0.8978  0.6576  0.4437  0.4798  0.6185  0.6116  0.6793  0.6793  0.4881  0.5312  0.6498  5.8951  0.000040
epoch:430 0.6371  0.9097  0.6748  0.4464  0.4662  0.6272  0.6162  0.6834  0.6834  0.4917  0.5483  0.6484  6.0572  0.000040
epoch:431 0.6456  0.9133  0.6924  0.4645  0.5044  0.6329  0.6206  0.6881  0.6881  0.4964  0.5424  0.6651  6.0096  0.000040
epoch:432 0.6524  0.9104  0.7011  0.4541  0.4903  0.6480  0.6226  0.6950  0.6950  0.4964  0.5550  0.6695  6.0249  0.000040
epoch:433 0.6575  0.9127  0.7089  0.4673  0.4734  0.6559  0.6306  0.6997  0.6997  0.5012  0.5447  0.6771  6.0093  0.000040
epoch:434 0.6542  0.9199  0.6756  0.4511  0.4744  0.6489  0.6229  0.6947  0.6947  0.4917  0.5404  0.6673  5.9745  0.000040
epoch:435 0.6418  0.9037  0.6845  0.4580  0.4685  0.6261  0.6153  0.6826  0.6826  0.4964  0.5376  0.6481  5.7761  0.000040
epoch:436 0.6466  0.9105  0.6808  0.4534  0.4980  0.6265  0.6217  0.6858  0.6858  0.4917  0.5468  0.6494  6.0359  0.000040
epoch:437 0.6480  0.9102  0.6901  0.4513  0.4841  0.6351  0.6200  0.6889  0.6889  0.4917  0.5483  0.6553  6.1203  0.000040
epoch:438 0.6454  0.9116  0.6603  0.4523  0.4845  0.6472  0.6220  0.6896  0.6896  0.4869  0.5293  0.6840  5.8129  0.000040
epoch:439 0.6475  0.9130  0.7007  0.4580  0.4879  0.6382  0.6206  0.6916  0.6916  0.4964  0.5531  0.6640  6.1383  0.000040
epoch:440 0.6426  0.9020  0.6922  0.4612  0.5104  0.6146  0.6179  0.6840  0.6840  0.4964  0.5471  0.6484  6.1990  0.000040
epoch:441 0.6451  0.9125  0.6883  0.4574  0.4828  0.6329  0.6168  0.6868  0.6868  0.4964  0.5483  0.6542  5.7412  0.000040
epoch:442 0.6427  0.9062  0.6904  0.4508  0.4725  0.6303  0.6200  0.6871  0.6871  0.4869  0.5527  0.6508  5.9272  0.000040
epoch:443 0.6428  0.9032  0.6890  0.4563  0.4570  0.6253  0.6227  0.6894  0.6894  0.4964  0.5400  0.6485  5.7927  0.000040
epoch:444 0.6475  0.9110  0.6647  0.4530  0.4773  0.6476  0.6210  0.6914  0.6914  0.4929  0.5440  0.6695  5.9565  0.000040
epoch:445 0.6459  0.9135  0.6858  0.4580  0.4767  0.6315  0.6188  0.6886  0.6886  0.4964  0.5464  0.6547  5.9604  0.000040
epoch:446 0.6390  0.9099  0.6598  0.4533  0.4682  0.6262  0.6144  0.6817  0.6817  0.4917  0.5424  0.6468  5.9638  0.000040
epoch:447 0.6486  0.9125  0.7004  0.4514  0.4639  0.6408  0.6237  0.6919  0.6919  0.4917  0.5356  0.6631  6.1488  0.000040
epoch:448 0.6493  0.9111  0.6733  0.4533  0.4627  0.6424  0.6251  0.6934  0.6934  0.4917  0.5380  0.6637  5.9631  0.000040
epoch:449 0.6533  0.9136  0.6917  0.4820  0.4809  0.6625  0.6282  0.6946  0.6946  0.5202  0.5428  0.6838  5.8344  0.000040
epoch:450 0.6408  0.9082  0.6789  0.4513  0.4715  0.6387  0.6170  0.6850  0.6850  0.4917  0.5527  0.6667  6.0873  0.000040
epoch:451 0.6493  0.9054  0.6932  0.4572  0.5034  0.6291  0.6193  0.6896  0.6896  0.4964  0.5658  0.6492  6.2067  0.000040
epoch:452 0.6512  0.9125  0.6913  0.4437  0.4954  0.6274  0.6264  0.6939  0.6939  0.4821  0.5364  0.6597  6.0730  0.000040
epoch:453 0.6458  0.9098  0.6839  0.4464  0.4618  0.6491  0.6252  0.6912  0.6912  0.4869  0.5400  0.6696  5.9036  0.000040
epoch:454 0.6468  0.9167  0.6754  0.4692  0.4739  0.6438  0.6196  0.6908  0.6908  0.5012  0.5614  0.6699  6.0302  0.000040
epoch:455 0.6439  0.8998  0.6569  0.4369  0.4920  0.6280  0.6161  0.6851  0.6851  0.4833  0.5527  0.6497  6.0830  0.000040
epoch:456 0.6484  0.9117  0.6960  0.4565  0.4819  0.6360  0.6228  0.6915  0.6915  0.4917  0.5527  0.6589  5.8152  0.000040
epoch:457 0.6546  0.9163  0.7022  0.4572  0.4981  0.6489  0.6281  0.6951  0.6951  0.4964  0.5555  0.6671  6.0046  0.000040
epoch:458 0.6455  0.9027  0.6925  0.4657  0.5019  0.6298  0.6198  0.6889  0.6889  0.5000  0.5400  0.6621  5.8507  0.000040
epoch:459 0.6512  0.9099  0.6879  0.4475  0.4719  0.6488  0.6283  0.6946  0.6946  0.4869  0.5507  0.6671  5.8072  0.000040
epoch:460 0.6445  0.9127  0.6954  0.4574  0.4825  0.6244  0.6164  0.6862  0.6862  0.4964  0.5483  0.6465  5.9226  0.000040
epoch:461 0.6445  0.9037  0.6851  0.4484  0.5067  0.6235  0.6183  0.6865  0.6865  0.4869  0.5404  0.6557  6.1361  0.000040
epoch:462 0.6493  0.9115  0.6891  0.4541  0.4762  0.6347  0.6218  0.6914  0.6914  0.4964  0.5483  0.6552  5.8697  0.000040
epoch:463 0.6441  0.9096  0.6861  0.4672  0.4573  0.6395  0.6197  0.6879  0.6879  0.5000  0.5356  0.6577  6.0037  0.000040
epoch:464 0.6439  0.9064  0.6718  0.4577  0.4609  0.6277  0.6174  0.6853  0.6853  0.5000  0.5380  0.6460  5.7422  0.000040
epoch:465 0.6392  0.9028  0.6733  0.4505  0.5101  0.6178  0.6159  0.6834  0.6834  0.4869  0.5467  0.6502  6.0253  0.000040
epoch:466 0.6406  0.9031  0.6807  0.4604  0.4599  0.6262  0.6162  0.6835  0.6835  0.4917  0.5400  0.6473  6.0383  0.000040
epoch:467 0.6538  0.9213  0.6918  0.4630  0.4851  0.6457  0.6275  0.6953  0.6953  0.4952  0.5297  0.6761  5.9992  0.000040
epoch:468 0.6492  0.9118  0.6808  0.4645  0.4630  0.6478  0.6260  0.6936  0.6936  0.4964  0.5424  0.6703  5.9477  0.000040
epoch:469 0.6412  0.9051  0.7085  0.4618  0.4665  0.6298  0.6169  0.6844  0.6844  0.5000  0.5459  0.6490  5.9937  0.000040
epoch:470 0.6478  0.9101  0.6897  0.4541  0.4611  0.6442  0.6245  0.6924  0.6924  0.4964  0.5419  0.6655  5.7343  0.000040
epoch:471 0.6447  0.9110  0.6898  0.4558  0.4691  0.6406  0.6212  0.6878  0.6878  0.4917  0.5459  0.6608  6.0681  0.000040
epoch:472 0.6450  0.9099  0.7075  0.4682  0.4809  0.6313  0.6182  0.6872  0.6872  0.5000  0.5503  0.6519  5.8428  0.000040
epoch:473 0.6556  0.9115  0.6954  0.4534  0.4765  0.6522  0.6332  0.7006  0.7006  0.4917  0.5507  0.6744  5.7781  0.000040
epoch:474 0.6483  0.9100  0.6903  0.4572  0.4713  0.6370  0.6217  0.6919  0.6919  0.4964  0.5507  0.6571  5.8835  0.000040
epoch:475 0.6492  0.9088  0.6705  0.4462  0.4753  0.6388  0.6229  0.6921  0.6921  0.4869  0.5448  0.6607  5.9296  0.000040
epoch:476 0.6357  0.9044  0.6540  0.4462  0.4754  0.6180  0.6107  0.6788  0.6788  0.4833  0.5531  0.6366  5.7292  0.000040
epoch:477 0.6431  0.9119  0.6926  0.4537  0.4594  0.6355  0.6194  0.6891  0.6891  0.4917  0.5419  0.6595  5.9948  0.000040
epoch:478 0.6448  0.9109  0.6836  0.4556  0.4767  0.6291  0.6187  0.6851  0.6851  0.4917  0.5511  0.6482  5.8854  0.000040
epoch:479 0.6423  0.9035  0.6961  0.4513  0.4632  0.6304  0.6176  0.6870  0.6870  0.4917  0.5443  0.6521  5.9698  0.000040
epoch:480 0.6484  0.9196  0.6949  0.4667  0.4938  0.6356  0.6196  0.6862  0.6862  0.5000  0.5483  0.6553  5.9706  0.000040
epoch:481 0.6556  0.9040  0.6879  0.4465  0.5087  0.6444  0.6291  0.6970  0.6970  0.4869  0.5404  0.6765  5.8790  0.000040
epoch:482 0.6539  0.9123  0.6967  0.4563  0.4794  0.6485  0.6298  0.6995  0.6995  0.4964  0.5531  0.6723  6.0917  0.000040
epoch:483 0.6508  0.9082  0.6848  0.4584  0.4665  0.6515  0.6257  0.6937  0.6937  0.4917  0.5404  0.6809  6.1513  0.000040
epoch:484 0.6430  0.9253  0.6604  0.4615  0.4929  0.6338  0.6157  0.6833  0.6833  0.5048  0.5567  0.6524  5.8239  0.000040
epoch:485 0.6507  0.9093  0.6862  0.4631  0.4698  0.6406  0.6215  0.6918  0.6918  0.4964  0.5464  0.6584  5.9143  0.000040
epoch:486 0.6469  0.9189  0.6806  0.4661  0.4531  0.6571  0.6205  0.6934  0.6934  0.5012  0.5297  0.6824  5.9315  0.000040
epoch:487 0.6506  0.9313  0.6846  0.4601  0.4954  0.6478  0.6255  0.6943  0.6943  0.4964  0.5364  0.6827  5.9182  0.000040
epoch:488 0.6549  0.9111  0.6942  0.4563  0.4818  0.6416  0.6279  0.6959  0.6959  0.4964  0.5531  0.6626  6.0208  0.000040
epoch:489 0.6398  0.9108  0.6479  0.4486  0.4818  0.6490  0.6186  0.6864  0.6864  0.4881  0.5254  0.6827  5.9275  0.000040
epoch:490 0.6488  0.9109  0.6909  0.4679  0.4624  0.6344  0.6228  0.6910  0.6910  0.5000  0.5384  0.6568  5.9604  0.000040
epoch:491 0.6490  0.9179  0.6793  0.4561  0.4676  0.6554  0.6266  0.6951  0.6951  0.4917  0.5404  0.6829  5.9677  0.000040
epoch:492 0.6483  0.9108  0.6734  0.4533  0.4642  0.6411  0.6221  0.6925  0.6925  0.4917  0.5380  0.6626  5.8219  0.000040
epoch:493 0.6486  0.9098  0.6781  0.4534  0.4589  0.6522  0.6242  0.6932  0.6932  0.4917  0.5380  0.6716  5.7240  0.000040
epoch:494 0.6532  0.9034  0.6715  0.4564  0.5070  0.6271  0.6274  0.6946  0.6946  0.4917  0.5408  0.6583  6.1872  0.000040
epoch:495 0.6468  0.9135  0.6941  0.4574  0.4728  0.6370  0.6186  0.6887  0.6887  0.4964  0.5440  0.6584  6.1928  0.000040
epoch:496 0.6522  0.9094  0.6972  0.4534  0.4852  0.6368  0.6248  0.6951  0.6951  0.4917  0.5555  0.6563  5.7592  0.000040
epoch:497 0.6481  0.9018  0.6908  0.4463  0.5055  0.6377  0.6254  0.6944  0.6944  0.4869  0.5428  0.6729  6.0105  0.000040
epoch:498 0.6394  0.9041  0.6459  0.4553  0.4580  0.6236  0.6192  0.6847  0.6847  0.4964  0.5507  0.6450  5.7932  0.000040
epoch:499 0.6533  0.9110  0.6895  0.4482  0.4783  0.6546  0.6290  0.6960  0.6960  0.4869  0.5468  0.6740  6.1574  0.000040
epoch:500 0.6438  0.9224  0.6634  0.4507  0.4609  0.6356  0.6217  0.6872  0.6872  0.4869  0.5404  0.6555  6.2301  0.000040
