epoch:0 0.0126  0.0565  0.0013  0.0011  0.0145  0.0113  0.0246  0.0587  0.0778  0.0714  0.1588  0.0492  2.3698  0.004000
epoch:1 0.2084  0.4200  0.1523  0.0850  0.1970  0.1753  0.2167  0.2592  0.2682  0.1238  0.2571  0.2250  1.5046  0.004000
epoch:2 0.2789  0.5009  0.2626  0.1098  0.2488  0.2435  0.3372  0.4175  0.4245  0.2012  0.3010  0.3718  1.0984  0.004000
epoch:3 0.3254  0.6134  0.3147  0.2552  0.2705  0.3005  0.4137  0.5084  0.5120  0.2976  0.3350  0.4606  0.8743  0.004000
epoch:4 0.4214  0.6738  0.4945  0.2427  0.2995  0.3992  0.4875  0.5671  0.5671  0.2988  0.3711  0.5124  0.7560  0.004000
epoch:5 0.5351  0.8221  0.5952  0.2919  0.3236  0.5105  0.5228  0.5888  0.5888  0.3119  0.4088  0.5342  0.6884  0.004000
epoch:6 0.4349  0.7073  0.4760  0.4384  0.3201  0.4090  0.5349  0.6072  0.6072  0.4560  0.4037  0.5496  0.6063  0.004000
epoch:7 0.5816  0.8941  0.5903  0.3710  0.4017  0.5497  0.5567  0.6346  0.6346  0.4333  0.4440  0.5868  0.5437  0.004000
epoch:8 0.5719  0.8663  0.6393  0.3433  0.3967  0.5467  0.5514  0.6213  0.6213  0.3524  0.4404  0.5808  0.5143  0.004000
epoch:9 0.6146  0.9263  0.6583  0.3347  0.4122  0.6233  0.5832  0.6544  0.6544  0.3440  0.4630  0.6486  0.4653  0.004000
epoch:10 0.6077  0.9228  0.6476  0.3688  0.4509  0.5730  0.5776  0.6482  0.6482  0.3869  0.5007  0.5942  0.4396  0.004000
epoch:11 0.6295  0.9262  0.6391  0.3522  0.4283  0.6203  0.6029  0.6719  0.6719  0.3798  0.4782  0.6445  0.4234  0.004000
epoch:12 0.5682  0.8522  0.5715  0.4075  0.4700  0.5510  0.6133  0.6874  0.6874  0.4750  0.5047  0.6653  0.3973  0.004000
epoch:13 0.6216  0.9348  0.6381  0.3680  0.4565  0.6069  0.5970  0.6634  0.6634  0.4857  0.4875  0.6317  0.3864  0.004000
epoch:14 0.6313  0.8876  0.6884  0.4044  0.4376  0.6031  0.6005  0.6663  0.6663  0.4643  0.4982  0.6255  0.3745  0.004000
epoch:15 0.6492  0.9430  0.6546  0.3704  0.4431  0.6568  0.6251  0.6915  0.6915  0.4905  0.5031  0.6737  0.3654  0.004000
epoch:16 0.5628  0.8602  0.5742  0.3662  0.4729  0.5605  0.6211  0.6900  0.6900  0.4905  0.5189  0.6687  0.3200  0.000400
epoch:17 0.6586  0.9439  0.6680  0.4075  0.4742  0.6650  0.6291  0.6960  0.6960  0.5155  0.5067  0.6846  0.3111  0.000400
epoch:18 0.5548  0.8606  0.5638  0.3846  0.4681  0.5459  0.6034  0.6716  0.6716  0.5071  0.5090  0.6473  0.3053  0.000400
epoch:19 0.6562  0.9446  0.6556  0.3710  0.4667  0.6696  0.6284  0.6948  0.6948  0.4810  0.5158  0.6917  0.2948  0.000400
epoch:20 0.6569  0.9447  0.6430  0.4358  0.4675  0.6603  0.6255  0.6925  0.6925  0.5274  0.5071  0.6798  0.2942  0.000400
epoch:21 0.6599  0.9453  0.6485  0.3766  0.4812  0.6671  0.6290  0.6960  0.6960  0.4940  0.5214  0.6893  0.2994  0.000400
epoch:22 0.5733  0.8610  0.5658  0.3896  0.4607  0.5899  0.6282  0.6951  0.6951  0.4893  0.5150  0.6928  0.2930  0.000040
epoch:23 0.5599  0.8606  0.5720  0.3768  0.4747  0.5707  0.6125  0.6756  0.6756  0.5060  0.5130  0.6689  0.2883  0.000040
epoch:24 0.6553  0.9443  0.6517  0.3830  0.4837  0.6589  0.6230  0.6904  0.6904  0.4988  0.5237  0.6809  0.2925  0.000040
epoch:25 0.5718  0.8607  0.5722  0.3886  0.4780  0.5684  0.6213  0.6889  0.6889  0.4988  0.5197  0.6706  0.2870  0.000040
epoch:26 0.6466  0.9438  0.6776  0.3751  0.4897  0.6581  0.6154  0.6821  0.6821  0.4940  0.5305  0.6774  0.2900  0.000040
epoch:27 0.5737  0.8611  0.5839  0.3754  0.4911  0.5784  0.6257  0.6923  0.6923  0.4976  0.5249  0.6825  0.2899  0.000040
epoch:28 0.5686  0.8557  0.5718  0.3433  0.4747  0.5853  0.6112  0.6797  0.6797  0.3655  0.5169  0.6808  0.2872  0.000040
epoch:29 0.6394  0.9443  0.6612  0.3783  0.4746  0.6456  0.6123  0.6787  0.6787  0.5274  0.5233  0.6655  0.2880  0.000040
epoch:30 0.6512  0.9393  0.6505  0.3521  0.4608  0.6596  0.6230  0.6894  0.6894  0.3643  0.5174  0.6785  0.2869  0.000040
epoch:31 0.6556  0.9446  0.6497  0.3866  0.4798  0.6589  0.6234  0.6899  0.6899  0.5274  0.5139  0.6793  0.2886  0.000040
epoch:32 0.5737  0.8616  0.5716  0.3909  0.4791  0.5845  0.6161  0.6849  0.6849  0.5036  0.5257  0.6800  0.2871  0.000040
epoch:33 0.5676  0.8610  0.5636  0.4066  0.4690  0.5716  0.6137  0.6804  0.6804  0.5024  0.5174  0.6678  0.2910  0.000040
epoch:34 0.5683  0.8604  0.5671  0.3799  0.4745  0.5754  0.6122  0.6799  0.6799  0.4988  0.5197  0.6711  0.2962  0.000040
epoch:35 0.5663  0.8557  0.5718  0.3584  0.4771  0.5711  0.6089  0.6759  0.6759  0.3690  0.5221  0.6677  0.2797  0.000040
epoch:36 0.5690  0.8619  0.5702  0.3960  0.4724  0.5755  0.6154  0.6826  0.6826  0.5024  0.5257  0.6718  0.2936  0.000040
epoch:37 0.5697  0.8614  0.5745  0.3972  0.4675  0.5795  0.6158  0.6814  0.6814  0.5071  0.5174  0.6732  0.2850  0.000040
epoch:38 0.5703  0.8601  0.5610  0.3762  0.4700  0.5837  0.6131  0.6810  0.6810  0.4940  0.5067  0.6800  0.2892  0.000040
epoch:39 0.5647  0.8615  0.5618  0.3809  0.4835  0.5662  0.6066  0.6723  0.6723  0.4940  0.5130  0.6614  0.2921  0.000040
epoch:40 0.6362  0.9452  0.6700  0.3677  0.4638  0.6532  0.6058  0.6734  0.6734  0.4857  0.5106  0.6714  0.2836  0.000040
epoch:41 0.6380  0.9391  0.6526  0.3679  0.4740  0.6433  0.6071  0.6732  0.6732  0.3738  0.5158  0.6668  0.2890  0.000040
epoch:42 0.5725  0.8621  0.5603  0.4073  0.4808  0.5775  0.6268  0.6911  0.6911  0.5155  0.5158  0.6798  0.2856  0.000040
epoch:43 0.5621  0.8606  0.5706  0.3742  0.4860  0.5593  0.6036  0.6712  0.6712  0.4988  0.5257  0.6558  0.2881  0.000040
epoch:44 0.5726  0.8614  0.5837  0.3750  0.4748  0.5716  0.6215  0.6879  0.6879  0.4893  0.5134  0.6759  0.2813  0.000040
epoch:45 0.5764  0.8607  0.5763  0.3831  0.4796  0.5832  0.6290  0.6969  0.6969  0.4940  0.5237  0.6893  0.2880  0.000040
epoch:46 0.5705  0.8559  0.5678  0.3697  0.4598  0.5801  0.6257  0.6923  0.6923  0.3821  0.5011  0.6880  0.2814  0.000040
epoch:47 0.5705  0.8557  0.5637  0.3661  0.4755  0.5852  0.6283  0.6920  0.6920  0.3738  0.5178  0.6933  0.2877  0.000040
epoch:48 0.6473  0.9438  0.6600  0.3838  0.4667  0.6607  0.6171  0.6832  0.6832  0.4988  0.5134  0.6803  0.2801  0.000040
epoch:49 0.6313  0.9394  0.6508  0.3442  0.4760  0.6407  0.5992  0.6656  0.6656  0.3571  0.5214  0.6627  0.2808  0.000040
epoch:50 0.5781  0.8568  0.5696  0.3717  0.4750  0.5810  0.6299  0.6942  0.6942  0.3786  0.5178  0.6840  0.2834  0.000040
epoch:51 0.5644  0.8559  0.5630  0.3300  0.4735  0.5748  0.6188  0.6845  0.6845  0.3524  0.5071  0.6801  0.2897  0.000040
epoch:52 0.6436  0.9440  0.6595  0.3989  0.4676  0.6558  0.6117  0.6790  0.6790  0.5119  0.5106  0.6766  0.2837  0.000040
epoch:53 0.5709  0.8615  0.5730  0.3680  0.4711  0.5858  0.6261  0.6922  0.6922  0.4905  0.5071  0.6901  0.2852  0.000040
epoch:54 0.6322  0.9400  0.6535  0.3493  0.4620  0.6470  0.6019  0.6693  0.6693  0.3607  0.5071  0.6709  0.2820  0.000040
epoch:55 0.6601  0.9455  0.6742  0.3897  0.4778  0.6653  0.6287  0.6946  0.6946  0.5238  0.5237  0.6846  0.2850  0.000040
epoch:56 0.5768  0.8611  0.5832  0.4027  0.4895  0.5811  0.6260  0.6936  0.6936  0.5119  0.5261  0.6844  0.2854  0.000040
epoch:57 0.6441  0.9451  0.6602  0.3980  0.4621  0.6602  0.6124  0.6782  0.6782  0.5321  0.5083  0.6782  0.2782  0.000040
epoch:58 0.5601  0.8560  0.5700  0.3411  0.4790  0.5694  0.6040  0.6705  0.6705  0.3607  0.5178  0.6690  0.2793  0.000040
epoch:59 0.5728  0.8567  0.5743  0.3496  0.4673  0.5886  0.6230  0.6896  0.6896  0.3690  0.5027  0.6919  0.2793  0.000040
epoch:60 0.5647  0.8614  0.5981  0.3890  0.4715  0.5687  0.6093  0.6760  0.6760  0.5107  0.5174  0.6629  0.2831  0.000040
epoch:61 0.5637  0.8552  0.5734  0.3368  0.4694  0.5783  0.6070  0.6728  0.6728  0.3524  0.5095  0.6740  0.2803  0.000040
epoch:62 0.5670  0.8615  0.5725  0.3799  0.4808  0.5788  0.6095  0.6759  0.6759  0.4940  0.5242  0.6717  0.2789  0.000040
epoch:63 0.5786  0.8615  0.5739  0.3944  0.4858  0.5797  0.6294  0.6976  0.6976  0.5071  0.5261  0.6872  0.2779  0.000040
epoch:64 0.6363  0.9394  0.6517  0.3594  0.4705  0.6525  0.6040  0.6703  0.6703  0.3655  0.5150  0.6748  0.2830  0.000040
epoch:65 0.5791  0.8623  0.6022  0.3924  0.4853  0.5903  0.6324  0.6979  0.6979  0.5024  0.5237  0.6933  0.2829  0.000040
epoch:66 0.5654  0.8561  0.5721  0.3403  0.4723  0.5803  0.6187  0.6856  0.6856  0.3571  0.5154  0.6857  0.2813  0.000040
epoch:67 0.5690  0.8554  0.5677  0.3541  0.4696  0.5832  0.6150  0.6804  0.6804  0.3690  0.5154  0.6803  0.2856  0.000040
epoch:68 0.5631  0.8559  0.5716  0.3485  0.4585  0.5808  0.6095  0.6768  0.6768  0.3690  0.5095  0.6771  0.2769  0.000040
epoch:69 0.5647  0.8561  0.5801  0.3458  0.4810  0.5795  0.6063  0.6739  0.6739  0.3560  0.5300  0.6730  0.2770  0.000040
epoch:70 0.6617  0.9449  0.6528  0.3866  0.4789  0.6701  0.6292  0.6948  0.6948  0.4940  0.5218  0.6899  0.2777  0.000040
epoch:71 0.5741  0.8610  0.5805  0.3778  0.4762  0.5816  0.6184  0.6854  0.6854  0.5310  0.5218  0.6763  0.2793  0.000040
epoch:72 0.5601  0.8558  0.5714  0.3527  0.4737  0.5706  0.6091  0.6728  0.6728  0.3690  0.5169  0.6695  0.2793  0.000040
epoch:73 0.5702  0.8560  0.5741  0.3498  0.4784  0.5804  0.6126  0.6784  0.6784  0.3607  0.5242  0.6752  0.2763  0.000040
epoch:74 0.5608  0.8560  0.5689  0.3498  0.4745  0.5806  0.6036  0.6693  0.6693  0.3607  0.5194  0.6748  0.2784  0.000040
epoch:75 0.5614  0.8617  0.5725  0.3885  0.4634  0.5662  0.6116  0.6756  0.6756  0.5107  0.5110  0.6658  0.2842  0.000040
epoch:76 0.6559  0.9452  0.6554  0.3991  0.4651  0.6728  0.6276  0.6919  0.6919  0.5107  0.5130  0.6917  0.2740  0.000040
epoch:77 0.6418  0.9450  0.6668  0.3740  0.4786  0.6511  0.6104  0.6774  0.6774  0.5226  0.5214  0.6717  0.2774  0.000040
epoch:78 0.5590  0.8566  0.5747  0.3557  0.4728  0.5692  0.6050  0.6696  0.6696  0.3738  0.5225  0.6627  0.2763  0.000040
epoch:79 0.5629  0.8563  0.5664  0.3623  0.4715  0.5704  0.6106  0.6761  0.6761  0.3774  0.5178  0.6676  0.2766  0.000040
epoch:80 0.5742  0.8612  0.5728  0.3775  0.4807  0.5858  0.6246  0.6920  0.6920  0.4940  0.5218  0.6889  0.2774  0.000040
epoch:81 0.5742  0.8624  0.5790  0.3962  0.4741  0.5903  0.6225  0.6866  0.6866  0.5226  0.5214  0.6861  0.2702  0.000040
epoch:82 0.5656  0.8621  0.5743  0.4237  0.4795  0.5718  0.6063  0.6727  0.6727  0.5452  0.5190  0.6656  0.2734  0.000040
epoch:83 0.5560  0.8559  0.5726  0.3558  0.4761  0.5699  0.6040  0.6686  0.6686  0.3738  0.5186  0.6656  0.2775  0.000040
epoch:84 0.5624  0.8619  0.5938  0.3932  0.4820  0.5667  0.6087  0.6742  0.6742  0.5321  0.5265  0.6627  0.2790  0.000040
epoch:85 0.5660  0.8560  0.5693  0.3523  0.4597  0.5807  0.6113  0.6753  0.6753  0.3655  0.4987  0.6763  0.2792  0.000040
epoch:86 0.5600  0.8566  0.5651  0.3545  0.4770  0.5741  0.6028  0.6677  0.6677  0.3643  0.5091  0.6685  0.2729  0.000040
epoch:87 0.6448  0.9459  0.6675  0.3909  0.4784  0.6638  0.6166  0.6806  0.6806  0.5036  0.5214  0.6830  0.2749  0.000040
epoch:88 0.5856  0.8562  0.5761  0.3623  0.4813  0.6021  0.6353  0.7009  0.7009  0.3702  0.5237  0.7059  0.2785  0.000040
epoch:89 0.5723  0.8618  0.5852  0.4108  0.4920  0.5778  0.6255  0.6904  0.6904  0.5321  0.5281  0.6815  0.2881  0.000040
epoch:90 0.5585  0.8560  0.5672  0.3609  0.4621  0.5620  0.6058  0.6715  0.6715  0.3774  0.5090  0.6605  0.2843  0.000040
epoch:91 0.5705  0.8615  0.6032  0.3984  0.4783  0.5808  0.6155  0.6809  0.6809  0.5369  0.5194  0.6774  0.2762  0.000040
epoch:92 0.6634  0.9459  0.6821  0.4021  0.4684  0.6806  0.6342  0.6994  0.6994  0.5036  0.5182  0.7001  0.2752  0.000040
epoch:93 0.5758  0.8559  0.5731  0.3580  0.4742  0.5859  0.6305  0.6939  0.6939  0.3738  0.5158  0.6906  0.2717  0.000040
epoch:94 0.6320  0.9395  0.6611  0.3515  0.4593  0.6484  0.6049  0.6716  0.6716  0.3738  0.5095  0.6703  0.2754  0.000040
epoch:95 0.6622  0.9444  0.6936  0.3924  0.4721  0.6804  0.6342  0.6973  0.6973  0.5321  0.5174  0.6996  0.2725  0.000040
epoch:96 0.5668  0.8560  0.5699  0.3520  0.4859  0.5782  0.6111  0.6779  0.6779  0.3655  0.5309  0.6740  0.2786  0.000040
epoch:97 0.5632  0.8561  0.5876  0.3470  0.4980  0.5738  0.6080  0.6723  0.6723  0.3571  0.5364  0.6693  0.2740  0.000040
epoch:98 0.5594  0.8554  0.5709  0.3484  0.4803  0.5673  0.6050  0.6705  0.6705  0.3607  0.5300  0.6638  0.2803  0.000040
epoch:99 0.5701  0.8612  0.5985  0.3658  0.4748  0.5840  0.6137  0.6792  0.6792  0.4905  0.5154  0.6785  0.2791  0.000040
epoch:100 0.5611  0.8560  0.5781  0.3571  0.4798  0.5626  0.6094  0.6746  0.6746  0.3738  0.5245  0.6634  0.2779  0.000040
epoch:101 0.5700  0.8558  0.5808  0.3640  0.4815  0.5739  0.6224  0.6867  0.6867  0.3786  0.5217  0.6770  0.2716  0.000040
epoch:102 0.5608  0.8562  0.5725  0.3436  0.4767  0.5786  0.6082  0.6737  0.6737  0.3560  0.5198  0.6782  0.2809  0.000040
epoch:103 0.5590  0.8561  0.5735  0.3511  0.4664  0.5743  0.6045  0.6700  0.6700  0.3690  0.5095  0.6688  0.2756  0.000040
epoch:104 0.5549  0.8559  0.5895  0.3480  0.4771  0.5647  0.6051  0.6685  0.6685  0.3690  0.5242  0.6613  0.2783  0.000040
epoch:105 0.6629  0.9459  0.6761  0.3878  0.4815  0.6783  0.6316  0.6971  0.6971  0.4988  0.5257  0.6970  0.2760  0.000040
epoch:106 0.5703  0.8562  0.5679  0.3573  0.4713  0.5785  0.6243  0.6898  0.6898  0.3726  0.5111  0.6853  0.2750  0.000040
epoch:107 0.5663  0.8621  0.5710  0.3875  0.4762  0.5813  0.6105  0.6770  0.6770  0.5333  0.5154  0.6788  0.2797  0.000040
epoch:108 0.6388  0.9395  0.6537  0.3436  0.4817  0.6574  0.6117  0.6775  0.6775  0.3560  0.5257  0.6822  0.2728  0.000040
epoch:109 0.5681  0.8568  0.5724  0.3470  0.4656  0.5778  0.6205  0.6879  0.6879  0.3690  0.5071  0.6819  0.2702  0.000040
epoch:110 0.5819  0.8625  0.5841  0.3809  0.4794  0.5923  0.6337  0.6989  0.6989  0.4940  0.5194  0.6956  0.2720  0.000040
epoch:111 0.5606  0.8632  0.5652  0.3837  0.4827  0.5717  0.6052  0.6692  0.6692  0.4857  0.5126  0.6669  0.2740  0.000040
epoch:112 0.5677  0.8561  0.5645  0.3358  0.4719  0.5828  0.6181  0.6845  0.6845  0.3524  0.5106  0.6883  0.2727  0.000040
epoch:113 0.6431  0.9396  0.6648  0.3428  0.4678  0.6594  0.6127  0.6770  0.6770  0.3571  0.5130  0.6792  0.2718  0.000040
epoch:114 0.5565  0.8557  0.5714  0.3564  0.4626  0.5686  0.6056  0.6687  0.6687  0.3738  0.5071  0.6674  0.2787  0.000040
epoch:115 0.6513  0.9456  0.6425  0.3728  0.4774  0.6610  0.6216  0.6871  0.6871  0.5143  0.5190  0.6833  0.2727  0.000040
epoch:116 0.5553  0.8560  0.5695  0.3558  0.4761  0.5666  0.6050  0.6684  0.6684  0.3738  0.5158  0.6685  0.2725  0.000040
epoch:117 0.5597  0.8560  0.5643  0.3520  0.4730  0.5732  0.6029  0.6693  0.6693  0.3655  0.5130  0.6703  0.2662  0.000040
epoch:118 0.5773  0.8626  0.5740  0.4267  0.4735  0.5895  0.6347  0.7003  0.7003  0.5488  0.5150  0.6972  0.2673  0.000040
epoch:119 0.6397  0.9385  0.6753  0.3300  0.4785  0.6556  0.6120  0.6775  0.6775  0.3607  0.5197  0.6780  0.2708  0.000040
epoch:120 0.6553  0.9450  0.6660  0.3769  0.4588  0.6770  0.6277  0.6932  0.6932  0.5226  0.5106  0.6979  0.2713  0.000040
epoch:121 0.5703  0.8563  0.5698  0.3487  0.4789  0.5793  0.6232  0.6892  0.6892  0.3607  0.5218  0.6854  0.2689  0.000040
epoch:122 0.5624  0.8560  0.5728  0.3566  0.4741  0.5732  0.6109  0.6737  0.6737  0.3738  0.5139  0.6700  0.2649  0.000040
epoch:123 0.5665  0.8560  0.5730  0.3605  0.4788  0.5776  0.6117  0.6781  0.6781  0.3690  0.5202  0.6761  0.2734  0.000040
epoch:124 0.6554  0.9396  0.6472  0.3340  0.4619  0.6732  0.6279  0.6937  0.6937  0.3560  0.5111  0.6959  0.2730  0.000040
epoch:125 0.5582  0.8562  0.5607  0.3352  0.4651  0.5795  0.6066  0.6720  0.6720  0.3476  0.5047  0.6798  0.2742  0.000040
epoch:126 0.5678  0.8622  0.5844  0.4024  0.4740  0.5861  0.6119  0.6796  0.6796  0.5036  0.5154  0.6836  0.2721  0.000040
epoch:127 0.5673  0.8623  0.5681  0.3864  0.4779  0.5830  0.6280  0.6914  0.6914  0.5274  0.5214  0.6905  0.2761  0.000040
epoch:128 0.6360  0.9458  0.6648  0.3781  0.4760  0.6576  0.6129  0.6776  0.6776  0.4988  0.5214  0.6809  0.2662  0.000040
epoch:129 0.5614  0.8614  0.5655  0.3868  0.4715  0.5761  0.6088  0.6731  0.6731  0.5226  0.5106  0.6730  0.2722  0.000040
epoch:130 0.5589  0.8559  0.5726  0.3530  0.4682  0.5761  0.6042  0.6702  0.6702  0.3738  0.5130  0.6740  0.2679  0.000040
epoch:131 0.5729  0.8622  0.5670  0.4042  0.4712  0.5910  0.6302  0.6945  0.6945  0.5274  0.5134  0.6968  0.2721  0.000040
epoch:132 0.5600  0.8554  0.5635  0.3520  0.4684  0.5781  0.6029  0.6708  0.6708  0.3655  0.5102  0.6754  0.2694  0.000040
epoch:133 0.5658  0.8621  0.5637  0.3915  0.4776  0.5816  0.6153  0.6805  0.6805  0.5024  0.5198  0.6809  0.2746  0.000040
epoch:134 0.5600  0.8560  0.5682  0.3608  0.4754  0.5643  0.6084  0.6720  0.6720  0.3786  0.5158  0.6621  0.2748  0.000040
epoch:135 0.5667  0.8618  0.5648  0.3989  0.4788  0.5774  0.6093  0.6760  0.6760  0.4988  0.5190  0.6746  0.2660  0.000040
epoch:136 0.5756  0.8613  0.5634  0.3770  0.4647  0.5954  0.6325  0.6969  0.6969  0.5190  0.5091  0.7017  0.2669  0.000040
epoch:137 0.5715  0.8562  0.5721  0.3466  0.4701  0.5880  0.6231  0.6889  0.6889  0.3607  0.5115  0.6910  0.2681  0.000040
epoch:138 0.5691  0.8564  0.5647  0.3325  0.4657  0.5855  0.6235  0.6884  0.6884  0.3476  0.5111  0.6915  0.2685  0.000040
epoch:139 0.5782  0.8624  0.5780  0.4029  0.4784  0.5968  0.6348  0.6998  0.6998  0.5083  0.5194  0.7031  0.2781  0.000040
epoch:140 0.5736  0.8556  0.5616  0.3404  0.4623  0.5929  0.6292  0.6942  0.6942  0.3571  0.5087  0.7007  0.2717  0.000040
epoch:141 0.6561  0.9391  0.6491  0.3323  0.4761  0.6711  0.6272  0.6891  0.6891  0.3476  0.5174  0.6917  0.2668  0.000040
epoch:142 0.5703  0.8627  0.5615  0.4100  0.4808  0.5754  0.6223  0.6899  0.6899  0.5369  0.5190  0.6820  0.2722  0.000040
epoch:143 0.5741  0.8615  0.5821  0.3963  0.4701  0.5961  0.6254  0.6914  0.6914  0.4952  0.5106  0.6978  0.2645  0.000040
epoch:144 0.5727  0.8562  0.5699  0.3535  0.4849  0.5906  0.6190  0.6859  0.6859  0.3655  0.5281  0.6916  0.2678  0.000040
epoch:145 0.5607  0.8555  0.5660  0.3513  0.4873  0.5696  0.6089  0.6726  0.6726  0.3607  0.5261  0.6711  0.2663  0.000040
epoch:146 0.5678  0.8554  0.5713  0.3482  0.4761  0.5803  0.6240  0.6877  0.6877  0.3607  0.5158  0.6886  0.2675  0.000040
epoch:147 0.5548  0.8568  0.5723  0.3572  0.4670  0.5694  0.6008  0.6679  0.6679  0.3738  0.5110  0.6656  0.2690  0.000040
epoch:148 0.5599  0.8555  0.5634  0.3572  0.4641  0.5801  0.6094  0.6734  0.6734  0.3738  0.5095  0.6783  0.2734  0.000040
epoch:149 0.5667  0.8561  0.5629  0.3461  0.4774  0.5831  0.6096  0.6762  0.6762  0.3571  0.5194  0.6795  0.2643  0.000040
epoch:150 0.5596  0.8564  0.5701  0.3499  0.4766  0.5751  0.6102  0.6736  0.6736  0.3690  0.5178  0.6767  0.2814  0.000040
epoch:151 0.5772  0.8563  0.5621  0.3399  0.4809  0.5956  0.6322  0.6980  0.6980  0.3571  0.5257  0.7033  0.2724  0.000040
epoch:152 0.5678  0.8563  0.5657  0.3482  0.4770  0.5893  0.6115  0.6785  0.6785  0.3607  0.5174  0.6869  0.2641  0.000040
epoch:153 0.5659  0.8562  0.5677  0.3592  0.4568  0.5816  0.6193  0.6854  0.6854  0.3655  0.5008  0.6889  0.2681  0.000040
epoch:154 0.6341  0.9389  0.6499  0.3507  0.4768  0.6527  0.6079  0.6707  0.6707  0.3655  0.5162  0.6772  0.2728  0.000040
epoch:155 0.6632  0.9463  0.6709  0.4013  0.4623  0.6864  0.6343  0.7011  0.7011  0.5274  0.5091  0.7078  0.2719  0.000040
epoch:156 0.5729  0.8563  0.5680  0.3401  0.4765  0.5948  0.6303  0.6928  0.6928  0.3524  0.5174  0.7005  0.2628  0.000040
epoch:157 0.5678  0.8615  0.5850  0.4062  0.4684  0.5883  0.6122  0.6780  0.6780  0.5274  0.5130  0.6817  0.2700  0.000040
epoch:158 0.5752  0.8620  0.5667  0.3943  0.4692  0.5915  0.6310  0.6984  0.6984  0.5226  0.5106  0.6994  0.2675  0.000040
epoch:159 0.5700  0.8552  0.5597  0.3544  0.4806  0.5899  0.6281  0.6918  0.6918  0.3655  0.5237  0.6991  0.2755  0.000040
epoch:160 0.6625  0.9459  0.6690  0.3919  0.4702  0.6840  0.6345  0.7006  0.7006  0.4940  0.5178  0.7049  0.2734  0.000040
epoch:161 0.6467  0.9449  0.6655  0.4349  0.4726  0.6614  0.6167  0.6819  0.6819  0.5155  0.5154  0.6811  0.2689  0.000040
epoch:162 0.5581  0.8568  0.5618  0.3525  0.4748  0.5714  0.6095  0.6735  0.6735  0.3702  0.5178  0.6750  0.2690  0.000040
epoch:163 0.6443  0.9393  0.6674  0.3544  0.4842  0.6653  0.6150  0.6791  0.6791  0.3655  0.5218  0.6891  0.2652  0.000040
epoch:164 0.5683  0.8560  0.5805  0.3564  0.4793  0.5876  0.6158  0.6801  0.6801  0.3738  0.5178  0.6856  0.2642  0.000040
epoch:165 0.6568  0.9458  0.6567  0.3872  0.4704  0.6703  0.6310  0.6944  0.6944  0.4940  0.5130  0.6936  0.2671  0.000040
epoch:166 0.5533  0.8558  0.5772  0.3580  0.4706  0.5635  0.6030  0.6669  0.6669  0.3738  0.5178  0.6606  0.2615  0.000040
epoch:167 0.5695  0.8618  0.5653  0.3775  0.4766  0.5744  0.6249  0.6907  0.6907  0.5262  0.5154  0.6814  0.2632  0.000040
epoch:168 0.5703  0.8564  0.5718  0.3689  0.4800  0.5864  0.6151  0.6806  0.6806  0.3786  0.5242  0.6833  0.2629  0.000040
epoch:169 0.5616  0.8563  0.5905  0.3463  0.4857  0.5748  0.6091  0.6725  0.6725  0.3643  0.5261  0.6740  0.2657  0.000040
epoch:170 0.6611  0.9397  0.6549  0.3653  0.4687  0.6763  0.6305  0.6970  0.6970  0.3750  0.5115  0.6988  0.2668  0.000040
epoch:171 0.5757  0.8564  0.5701  0.3482  0.4734  0.5953  0.6299  0.6939  0.6939  0.3607  0.5158  0.6996  0.2650  0.000040
epoch:172 0.6633  0.9463  0.6672  0.3913  0.4695  0.6831  0.6336  0.6973  0.6973  0.5226  0.5106  0.7020  0.2595  0.000040
epoch:173 0.5736  0.8566  0.5703  0.3558  0.4683  0.5958  0.6280  0.6926  0.6926  0.3667  0.5111  0.7012  0.2661  0.000040
epoch:174 0.5594  0.8563  0.5845  0.3470  0.4687  0.5790  0.6040  0.6716  0.6716  0.3607  0.5126  0.6764  0.2598  0.000040
epoch:175 0.5675  0.8561  0.5861  0.3511  0.4857  0.5863  0.6162  0.6793  0.6793  0.3690  0.5261  0.6859  0.2692  0.000040
epoch:176 0.5733  0.8563  0.5685  0.3579  0.4841  0.5853  0.6255  0.6922  0.6922  0.3702  0.5242  0.6925  0.2656  0.000040
epoch:177 0.5756  0.8617  0.5796  0.3876  0.4734  0.5962  0.6288  0.6942  0.6942  0.4940  0.5150  0.6981  0.2605  0.000040
epoch:178 0.5712  0.8567  0.5820  0.3572  0.4802  0.5794  0.6259  0.6905  0.6905  0.3738  0.5233  0.6862  0.2676  0.000040
epoch:179 0.6629  0.9396  0.6769  0.3392  0.4824  0.6834  0.6340  0.6995  0.6995  0.3524  0.5242  0.7067  0.2697  0.000040
epoch:180 0.5684  0.8562  0.5706  0.3531  0.4699  0.5855  0.6143  0.6801  0.6801  0.3655  0.5134  0.6829  0.2595  0.000040
epoch:181 0.5655  0.8562  0.5662  0.3482  0.4847  0.5745  0.6163  0.6797  0.6797  0.3607  0.5242  0.6776  0.2673  0.000040
epoch:182 0.5588  0.8554  0.5610  0.3479  0.4784  0.5795  0.6085  0.6722  0.6722  0.3607  0.5174  0.6817  0.2603  0.000040
epoch:183 0.5561  0.8564  0.5776  0.3224  0.4699  0.5825  0.6057  0.6709  0.6709  0.3524  0.5111  0.6809  0.2614  0.000040
epoch:184 0.5729  0.8556  0.5828  0.3353  0.4708  0.5997  0.6269  0.6907  0.6907  0.3524  0.5130  0.7040  0.2663  0.000040
epoch:185 0.5718  0.8627  0.5670  0.3874  0.4724  0.5921  0.6281  0.6948  0.6948  0.5369  0.5154  0.6966  0.2603  0.000040
epoch:186 0.5631  0.8563  0.5902  0.3430  0.4704  0.5866  0.6077  0.6741  0.6741  0.3571  0.5154  0.6833  0.2610  0.000040
epoch:187 0.6679  0.9459  0.6772  0.3731  0.4677  0.6871  0.6412  0.7054  0.7054  0.4810  0.5139  0.7088  0.2598  0.000040
epoch:188 0.5713  0.8623  0.5723  0.3868  0.4757  0.5804  0.6293  0.6924  0.6924  0.5226  0.5158  0.6878  0.2590  0.000040
epoch:189 0.6694  0.9464  0.6696  0.4156  0.4696  0.6888  0.6396  0.7043  0.7043  0.5179  0.5130  0.7101  0.2575  0.000040
epoch:190 0.5658  0.8561  0.5686  0.3518  0.4830  0.5816  0.6117  0.6751  0.6751  0.3655  0.5237  0.6780  0.2607  0.000040
epoch:191 0.5723  0.8621  0.5709  0.4021  0.4793  0.5905  0.6267  0.6919  0.6919  0.4893  0.5190  0.6955  0.2601  0.000040
epoch:192 0.6671  0.9398  0.6860  0.3562  0.4710  0.6885  0.6376  0.7026  0.7026  0.3702  0.5158  0.7099  0.2610  0.000040
epoch:193 0.6614  0.9459  0.6714  0.3756  0.4734  0.6821  0.6337  0.6995  0.6995  0.5226  0.5174  0.7020  0.2633  0.000040
epoch:194 0.5779  0.8556  0.5689  0.3553  0.4775  0.5981  0.6313  0.6957  0.6957  0.3655  0.5214  0.7023  0.2602  0.000040
epoch:195 0.5742  0.8556  0.5862  0.3662  0.4809  0.5858  0.6305  0.6942  0.6942  0.3750  0.5206  0.6952  0.2630  0.000040
epoch:196 0.5738  0.8622  0.5678  0.4044  0.4783  0.5787  0.6314  0.6950  0.6950  0.5238  0.5158  0.6906  0.2612  0.000040
epoch:197 0.6625  0.9396  0.6656  0.3395  0.4721  0.6841  0.6344  0.6990  0.6990  0.3571  0.5194  0.7041  0.2658  0.000040
epoch:198 0.5671  0.8554  0.5718  0.3544  0.4892  0.5857  0.6130  0.6795  0.6795  0.3655  0.5285  0.6864  0.2676  0.000040
epoch:199 0.5716  0.8564  0.5707  0.3573  0.4683  0.5943  0.6265  0.6905  0.6905  0.3655  0.5154  0.7008  0.2727  0.000040
epoch:200 0.5708  0.8615  0.5802  0.4206  0.4730  0.5919  0.6292  0.6936  0.6936  0.5190  0.5130  0.6989  0.2562  0.000040
epoch:201 0.5704  0.8624  0.5816  0.3796  0.4587  0.5964  0.6308  0.6946  0.6946  0.4988  0.5091  0.7013  0.2599  0.000040
epoch:202 0.5733  0.8563  0.5686  0.3506  0.4816  0.5937  0.6254  0.6921  0.6921  0.3655  0.5214  0.6992  0.2585  0.000040
epoch:203 0.5693  0.8629  0.5653  0.4034  0.4851  0.5858  0.6153  0.6800  0.6800  0.5274  0.5214  0.6836  0.2576  0.000040
epoch:204 0.5690  0.8623  0.5724  0.3972  0.4693  0.5861  0.6169  0.6797  0.6797  0.5226  0.5106  0.6835  0.2635  0.000040
epoch:205 0.5670  0.8561  0.5684  0.3604  0.4747  0.5870  0.6224  0.6888  0.6888  0.3702  0.5154  0.6976  0.2599  0.000040
epoch:206 0.5748  0.8562  0.5933  0.3197  0.4751  0.5978  0.6299  0.6957  0.6957  0.3524  0.5197  0.7018  0.2624  0.000040
epoch:207 0.5689  0.8624  0.5678  0.3737  0.4687  0.5857  0.6270  0.6919  0.6919  0.5238  0.5126  0.6926  0.2667  0.000040
epoch:208 0.6497  0.9459  0.6583  0.3843  0.4750  0.6712  0.6199  0.6864  0.6864  0.5321  0.5190  0.6895  0.2598  0.000040
epoch:209 0.5702  0.8566  0.6018  0.3482  0.4864  0.5860  0.6153  0.6784  0.6784  0.3607  0.5281  0.6817  0.2600  0.000040
epoch:210 0.6519  0.9390  0.6474  0.3479  0.4866  0.6680  0.6245  0.6907  0.6907  0.3607  0.5237  0.6960  0.2596  0.000040
epoch:211 0.5618  0.8554  0.5677  0.3448  0.4706  0.5869  0.6088  0.6725  0.6725  0.3607  0.5174  0.6823  0.2540  0.000040
epoch:212 0.5776  0.8567  0.5754  0.3504  0.4800  0.5951  0.6335  0.6966  0.6966  0.3619  0.5242  0.7033  0.2556  0.000040
epoch:213 0.5738  0.8563  0.5684  0.3417  0.4851  0.5971  0.6288  0.6920  0.6920  0.3560  0.5218  0.7034  0.2629  0.000040
epoch:214 0.5685  0.8563  0.5657  0.3482  0.4764  0.5868  0.6237  0.6877  0.6877  0.3607  0.5154  0.6973  0.2616  0.000040
epoch:215 0.6621  0.9463  0.6615  0.4130  0.4652  0.6848  0.6357  0.7004  0.7004  0.5321  0.5130  0.7049  0.2591  0.000040
epoch:216 0.5568  0.8561  0.5693  0.3058  0.4804  0.5793  0.6062  0.6708  0.6708  0.3429  0.5214  0.6780  0.2582  0.000040
epoch:217 0.5704  0.8557  0.5910  0.3303  0.4717  0.5956  0.6287  0.6924  0.6924  0.3476  0.5154  0.7029  0.2621  0.000040
epoch:218 0.5725  0.8625  0.5688  0.3578  0.4727  0.5970  0.6317  0.6972  0.6972  0.4857  0.5151  0.7047  0.2625  0.000040
epoch:219 0.5587  0.8556  0.5696  0.3483  0.4780  0.5749  0.6094  0.6737  0.6737  0.3655  0.5178  0.6788  0.2629  0.000040
epoch:220 0.5506  0.8554  0.5748  0.3456  0.4587  0.5740  0.6055  0.6692  0.6692  0.3619  0.5095  0.6775  0.2542  0.000040
epoch:221 0.6552  0.9391  0.6464  0.3180  0.4810  0.6820  0.6306  0.6949  0.6949  0.3524  0.5233  0.7065  0.2513  0.000040
epoch:222 0.5697  0.8566  0.5815  0.3501  0.4691  0.5912  0.6224  0.6890  0.6890  0.3655  0.5106  0.6976  0.2593  0.000040
epoch:223 0.6542  0.9450  0.6767  0.4250  0.4864  0.6668  0.6284  0.6918  0.6918  0.5226  0.5237  0.6912  0.2572  0.000040
epoch:224 0.5635  0.8617  0.5784  0.3983  0.4725  0.5822  0.6095  0.6775  0.6775  0.4988  0.5130  0.6825  0.2571  0.000040
epoch:225 0.5656  0.8557  0.5838  0.3508  0.4772  0.5878  0.6127  0.6767  0.6767  0.3655  0.5182  0.6865  0.2632  0.000040
epoch:226 0.6424  0.9391  0.6581  0.3479  0.4837  0.6595  0.6152  0.6780  0.6780  0.3607  0.5285  0.6803  0.2585  0.000040
epoch:227 0.5588  0.8570  0.5750  0.3579  0.4692  0.5801  0.6088  0.6719  0.6719  0.3702  0.5178  0.6783  0.2577  0.000040
epoch:228 0.6493  0.9395  0.6477  0.3479  0.4696  0.6732  0.6253  0.6878  0.6878  0.3607  0.5154  0.6963  0.2540  0.000040
epoch:229 0.6675  0.9464  0.6667  0.4299  0.4606  0.6874  0.6388  0.7026  0.7026  0.5274  0.5111  0.7073  0.2582  0.000040
epoch:230 0.5644  0.8564  0.5679  0.3279  0.4748  0.5855  0.6132  0.6754  0.6754  0.3476  0.5222  0.6809  0.2576  0.000040
epoch:231 0.5587  0.8555  0.5731  0.3491  0.4823  0.5753  0.6032  0.6693  0.6693  0.3655  0.5190  0.6749  0.2578  0.000040
epoch:232 0.5655  0.8556  0.5733  0.3479  0.4713  0.5842  0.6103  0.6728  0.6728  0.3607  0.5063  0.6811  0.2621  0.000040
epoch:233 0.6354  0.9389  0.6593  0.3517  0.4680  0.6567  0.6082  0.6752  0.6752  0.3655  0.5197  0.6807  0.2574  0.000040
epoch:234 0.5602  0.8563  0.5970  0.3542  0.4777  0.5831  0.6095  0.6745  0.6745  0.3655  0.5242  0.6822  0.2588  0.000040
epoch:235 0.6458  0.9457  0.6629  0.3626  0.4762  0.6657  0.6169  0.6827  0.6827  0.5238  0.5214  0.6856  0.2596  0.000040
epoch:236 0.6521  0.9457  0.6734  0.3806  0.4701  0.6757  0.6316  0.6960  0.6960  0.5036  0.5214  0.6997  0.2589  0.000040
epoch:237 0.5583  0.8553  0.5659  0.3448  0.4832  0.5793  0.6086  0.6744  0.6744  0.3607  0.5261  0.6828  0.2592  0.000040
epoch:238 0.6407  0.9398  0.6517  0.3476  0.4613  0.6633  0.6136  0.6776  0.6776  0.3607  0.5134  0.6840  0.2582  0.000040
epoch:239 0.5784  0.8627  0.5832  0.3812  0.4635  0.6012  0.6344  0.6972  0.6972  0.5095  0.5102  0.7047  0.2576  0.000040
epoch:240 0.5785  0.8562  0.5688  0.3404  0.4769  0.5985  0.6282  0.6946  0.6946  0.3571  0.5154  0.7020  0.2532  0.000040
epoch:241 0.6390  0.9396  0.6537  0.3566  0.4836  0.6611  0.6128  0.6765  0.6765  0.3702  0.5242  0.6854  0.2571  0.000040
epoch:242 0.6626  0.9398  0.6693  0.3479  0.4780  0.6829  0.6297  0.6955  0.6955  0.3607  0.5237  0.7028  0.2674  0.000040
epoch:243 0.5819  0.8561  0.5889  0.3407  0.4944  0.6017  0.6359  0.6990  0.6990  0.3560  0.5301  0.7075  0.2579  0.000040
epoch:244 0.5779  0.8563  0.5729  0.3386  0.4601  0.6012  0.6331  0.6950  0.6950  0.3512  0.5087  0.7038  0.2569  0.000040
epoch:245 0.5695  0.8563  0.5662  0.3479  0.4826  0.5966  0.6272  0.6907  0.6907  0.3607  0.5170  0.7076  0.2615  0.000040
epoch:246 0.5637  0.8616  0.5763  0.4099  0.4729  0.5827  0.6139  0.6777  0.6777  0.4893  0.5154  0.6854  0.2540  0.000040
epoch:247 0.5619  0.8623  0.5689  0.4211  0.4675  0.5851  0.6128  0.6772  0.6772  0.5036  0.5134  0.6841  0.2532  0.000040
epoch:248 0.6631  0.9458  0.6669  0.3884  0.4624  0.6841  0.6338  0.6973  0.6973  0.4940  0.5087  0.7031  0.2569  0.000040
epoch:249 0.5781  0.8564  0.5913  0.3486  0.4936  0.5994  0.6221  0.6852  0.6852  0.3607  0.5345  0.6932  0.2534  0.000040
epoch:250 0.5635  0.8555  0.5785  0.3214  0.4655  0.5943  0.6146  0.6768  0.6768  0.3560  0.5087  0.6920  0.2544  0.000040
epoch:251 0.5774  0.8617  0.5943  0.3691  0.4788  0.6064  0.6230  0.6895  0.6895  0.4905  0.5261  0.7015  0.2553  0.000040
epoch:252 0.5536  0.8558  0.5740  0.3539  0.4676  0.5627  0.6029  0.6679  0.6679  0.3607  0.5130  0.6637  0.2523  0.000040
epoch:253 0.5695  0.8558  0.5885  0.3483  0.4930  0.5954  0.6184  0.6824  0.6824  0.3655  0.5345  0.6949  0.2557  0.000040
epoch:254 0.6452  0.9397  0.6531  0.3225  0.4756  0.6718  0.6163  0.6817  0.6817  0.3571  0.5242  0.6911  0.2494  0.000040
epoch:255 0.5548  0.8567  0.5706  0.3411  0.4613  0.5776  0.6062  0.6696  0.6696  0.3571  0.5071  0.6799  0.2505  0.000040
epoch:256 0.5741  0.8631  0.5759  0.4050  0.4684  0.5947  0.6302  0.6933  0.6933  0.5226  0.5130  0.7002  0.2554  0.000040
epoch:257 0.5635  0.8557  0.5967  0.3333  0.5007  0.5836  0.6113  0.6778  0.6778  0.3655  0.5368  0.6844  0.2583  0.000040
epoch:258 0.5737  0.8564  0.5824  0.3553  0.4713  0.5967  0.6190  0.6840  0.6840  0.3702  0.5134  0.6951  0.2574  0.000040
epoch:259 0.5725  0.8564  0.5697  0.3479  0.4725  0.6029  0.6323  0.6948  0.6948  0.3655  0.5198  0.7106  0.2549  0.000040
epoch:260 0.5737  0.8627  0.5774  0.3779  0.4606  0.5985  0.6359  0.7002  0.7002  0.5036  0.5154  0.7047  0.2550  0.000040
epoch:261 0.5681  0.8554  0.5701  0.3476  0.4766  0.5941  0.6136  0.6801  0.6801  0.3607  0.5237  0.6909  0.2516  0.000040
epoch:262 0.5764  0.8629  0.5819  0.4145  0.4573  0.6036  0.6374  0.7014  0.7014  0.5357  0.5111  0.7100  0.2563  0.000040
epoch:263 0.6688  0.9453  0.6670  0.3610  0.4770  0.6954  0.6429  0.7070  0.7070  0.4893  0.5257  0.7154  0.2605  0.000040
epoch:264 0.5871  0.8628  0.5803  0.4267  0.4703  0.6072  0.6419  0.7062  0.7062  0.5405  0.5150  0.7099  0.2559  0.000040
epoch:265 0.5728  0.8564  0.5655  0.3522  0.4699  0.5981  0.6298  0.6956  0.6956  0.3655  0.5158  0.7054  0.2517  0.000040
epoch:266 0.5675  0.8562  0.5928  0.3579  0.4735  0.5886  0.6145  0.6779  0.6779  0.3655  0.5202  0.6846  0.2591  0.000040
epoch:267 0.5666  0.8569  0.5782  0.3443  0.4639  0.5789  0.6232  0.6869  0.6869  0.3524  0.5067  0.6888  0.2593  0.000040
epoch:268 0.5564  0.8563  0.5885  0.3579  0.4845  0.5710  0.6082  0.6716  0.6716  0.3702  0.5237  0.6775  0.2502  0.000040
epoch:269 0.6534  0.9457  0.6629  0.3643  0.4726  0.6784  0.6300  0.6940  0.6940  0.4845  0.5194  0.7018  0.2482  0.000040
epoch:270 0.6511  0.9398  0.6620  0.3498  0.4722  0.6749  0.6256  0.6895  0.6895  0.3607  0.5154  0.6994  0.2554  0.000040
epoch:271 0.5571  0.8570  0.5798  0.3512  0.4510  0.5817  0.6055  0.6699  0.6699  0.3607  0.5008  0.6825  0.2488  0.000040
epoch:272 0.5723  0.8558  0.6074  0.3499  0.4854  0.5917  0.6176  0.6807  0.6807  0.3655  0.5265  0.6885  0.2576  0.000040
epoch:273 0.6590  0.9382  0.6484  0.3490  0.4687  0.6854  0.6305  0.6953  0.6953  0.3607  0.5194  0.7065  0.2530  0.000040
epoch:274 0.6544  0.9396  0.6568  0.3486  0.4784  0.6818  0.6281  0.6916  0.6916  0.3607  0.5218  0.7061  0.2522  0.000040
epoch:275 0.5791  0.8627  0.5799  0.3752  0.4777  0.5989  0.6323  0.6977  0.6977  0.5190  0.5214  0.7012  0.2485  0.000040
epoch:276 0.6501  0.9393  0.6507  0.3517  0.4645  0.6774  0.6268  0.6921  0.6921  0.3655  0.5154  0.7037  0.2504  0.000040
epoch:277 0.5776  0.8557  0.5764  0.3197  0.4713  0.6154  0.6350  0.7003  0.7003  0.3524  0.5222  0.7179  0.2525  0.000040
epoch:278 0.5819  0.8625  0.5823  0.3952  0.4635  0.6009  0.6451  0.7085  0.7085  0.5286  0.5154  0.7117  0.2531  0.000040
epoch:279 0.6388  0.9389  0.6762  0.3466  0.4719  0.6705  0.6110  0.6757  0.6757  0.3524  0.5154  0.6944  0.2481  0.000040
epoch:280 0.6594  0.9398  0.6543  0.3431  0.4695  0.6819  0.6311  0.6951  0.6951  0.3607  0.5154  0.7026  0.2500  0.000040
epoch:281 0.5693  0.8562  0.5773  0.3272  0.4656  0.5996  0.6284  0.6948  0.6948  0.3655  0.5174  0.7069  0.2504  0.000040
epoch:282 0.5764  0.8558  0.5922  0.3152  0.4777  0.6040  0.6307  0.6956  0.6956  0.3476  0.5178  0.7073  0.2594  0.000040
epoch:283 0.5721  0.8558  0.5652  0.3499  0.4661  0.5965  0.6329  0.6972  0.6972  0.3655  0.5178  0.7078  0.2519  0.000040
epoch:284 0.5614  0.8626  0.5820  0.3832  0.4739  0.5787  0.6106  0.6752  0.6752  0.4810  0.5237  0.6770  0.2534  0.000040
epoch:285 0.5800  0.8557  0.5968  0.3227  0.4823  0.6070  0.6368  0.6993  0.6993  0.3571  0.5242  0.7110  0.2488  0.000040
epoch:286 0.5760  0.8559  0.5710  0.3282  0.4715  0.6081  0.6328  0.6969  0.6969  0.3524  0.5150  0.7121  0.2489  0.000040
epoch:287 0.6500  0.9392  0.6665  0.3400  0.4868  0.6694  0.6259  0.6893  0.6893  0.3524  0.5297  0.6989  0.2571  0.000040
epoch:288 0.5679  0.8562  0.5967  0.3431  0.4832  0.5890  0.6274  0.6911  0.6911  0.3607  0.5285  0.6971  0.2492  0.000040
epoch:289 0.5727  0.8621  0.6015  0.3672  0.4791  0.5926  0.6343  0.6965  0.6965  0.4905  0.5222  0.7000  0.2514  0.000040
epoch:290 0.5679  0.8562  0.5854  0.3642  0.4731  0.5840  0.6274  0.6914  0.6914  0.3750  0.5206  0.6928  0.2435  0.000040
epoch:291 0.5677  0.8553  0.5702  0.3448  0.4808  0.5924  0.6153  0.6790  0.6790  0.3607  0.5237  0.6888  0.2568  0.000040
epoch:292 0.5553  0.8560  0.5956  0.3608  0.4802  0.5739  0.6075  0.6705  0.6705  0.3738  0.5281  0.6728  0.2577  0.000040
epoch:293 0.6643  0.9454  0.6707  0.3824  0.4741  0.6881  0.6426  0.7051  0.7051  0.5036  0.5218  0.7115  0.2451  0.000040
epoch:294 0.5580  0.8554  0.5700  0.3495  0.4595  0.5846  0.6062  0.6714  0.6714  0.3607  0.5087  0.6841  0.2493  0.000040
epoch:295 0.6522  0.9399  0.6685  0.3628  0.4735  0.6687  0.6267  0.6910  0.6910  0.3702  0.5202  0.6944  0.2512  0.000040
epoch:296 0.6518  0.9395  0.6679  0.3486  0.4799  0.6761  0.6246  0.6895  0.6895  0.3607  0.5265  0.6977  0.2526  0.000040
epoch:297 0.5625  0.8562  0.5985  0.3579  0.4779  0.5790  0.6112  0.6751  0.6751  0.3655  0.5237  0.6771  0.2543  0.000040
epoch:298 0.5683  0.8558  0.5821  0.3561  0.4629  0.5962  0.6291  0.6922  0.6922  0.3655  0.5154  0.7039  0.2473  0.000040
epoch:299 0.5646  0.8557  0.5743  0.3666  0.4609  0.5917  0.6139  0.6780  0.6780  0.3702  0.5111  0.6906  0.2503  0.000040
epoch:300 0.5658  0.8561  0.5945  0.3578  0.4828  0.5850  0.6118  0.6749  0.6749  0.3702  0.5214  0.6857  0.2518  0.000040
epoch:301 0.6592  0.9397  0.6732  0.3444  0.4745  0.6830  0.6328  0.6953  0.6953  0.3607  0.5237  0.7042  0.2529  0.000040
epoch:302 0.6484  0.9392  0.6563  0.3256  0.4611  0.6755  0.6258  0.6892  0.6892  0.3619  0.5126  0.6981  0.2502  0.000040
epoch:303 0.6505  0.9390  0.6541  0.3390  0.4673  0.6740  0.6289  0.6917  0.6917  0.3560  0.5174  0.7029  0.2481  0.000040
epoch:304 0.6658  0.9453  0.6682  0.4072  0.4682  0.6966  0.6416  0.7041  0.7041  0.5321  0.5151  0.7176  0.2452  0.000040
epoch:305 0.5794  0.8558  0.5935  0.3548  0.4866  0.6049  0.6344  0.6969  0.6969  0.3607  0.5321  0.7092  0.2545  0.000040
epoch:306 0.6405  0.9390  0.6514  0.3405  0.4800  0.6640  0.6137  0.6765  0.6765  0.3607  0.5214  0.6859  0.2434  0.000040
epoch:307 0.6674  0.9458  0.6722  0.4058  0.4735  0.6923  0.6421  0.7055  0.7055  0.5238  0.5218  0.7133  0.2464  0.000040
epoch:308 0.5594  0.8556  0.5906  0.3370  0.4809  0.5832  0.6094  0.6735  0.6735  0.3560  0.5237  0.6833  0.2500  0.000040
epoch:309 0.6593  0.9451  0.6627  0.4112  0.4642  0.6939  0.6364  0.7032  0.7032  0.5286  0.5174  0.7168  0.2488  0.000040
epoch:310 0.5721  0.8627  0.5723  0.3907  0.4709  0.5939  0.6305  0.6933  0.6933  0.4893  0.5154  0.7002  0.2521  0.000040
epoch:311 0.6589  0.9397  0.6694  0.3483  0.4767  0.6776  0.6287  0.6936  0.6936  0.3560  0.5237  0.6983  0.2503  0.000040
epoch:312 0.5725  0.8564  0.5726  0.3452  0.4727  0.5985  0.6311  0.6942  0.6942  0.3560  0.5194  0.7057  0.2518  0.000040
epoch:313 0.5707  0.8557  0.5713  0.3478  0.4753  0.5857  0.6252  0.6916  0.6916  0.3571  0.5214  0.6933  0.2483  0.000040
epoch:314 0.6314  0.9384  0.6485  0.3338  0.4700  0.6539  0.6085  0.6707  0.6707  0.3524  0.5170  0.6783  0.2453  0.000040
epoch:315 0.5663  0.8619  0.5794  0.3742  0.4608  0.5960  0.6179  0.6818  0.6818  0.4952  0.5126  0.6928  0.2485  0.000040
epoch:316 0.6604  0.9450  0.6642  0.3635  0.4700  0.6940  0.6376  0.7007  0.7007  0.4952  0.5214  0.7142  0.2450  0.000040
epoch:317 0.5783  0.8626  0.5877  0.3698  0.4681  0.5995  0.6345  0.6993  0.6993  0.4857  0.5134  0.7052  0.2452  0.000040
epoch:318 0.5671  0.8563  0.5739  0.3594  0.4797  0.5891  0.6254  0.6882  0.6882  0.3655  0.5194  0.6976  0.2420  0.000040
epoch:319 0.6374  0.9399  0.6712  0.3474  0.4865  0.6600  0.6132  0.6766  0.6766  0.3655  0.5321  0.6849  0.2508  0.000040
epoch:320 0.6592  0.9461  0.6802  0.4090  0.4714  0.6793  0.6361  0.6989  0.6989  0.5036  0.5194  0.7020  0.2495  0.000040
epoch:321 0.5602  0.8549  0.5841  0.3493  0.4907  0.5772  0.6083  0.6730  0.6730  0.3607  0.5257  0.6807  0.2486  0.000040
epoch:322 0.5773  0.8619  0.5696  0.4028  0.4617  0.6066  0.6368  0.7006  0.7006  0.4988  0.5111  0.7145  0.2489  0.000040
epoch:323 0.5701  0.8557  0.5826  0.3423  0.4762  0.5984  0.6179  0.6837  0.6837  0.3702  0.5281  0.6936  0.2489  0.000040
epoch:324 0.6388  0.9459  0.6534  0.4281  0.4721  0.6608  0.6145  0.6776  0.6776  0.5036  0.5170  0.6852  0.2467  0.000040
epoch:325 0.5786  0.8558  0.5864  0.3282  0.4789  0.6100  0.6347  0.6972  0.6972  0.3524  0.5237  0.7134  0.2462  0.000040
epoch:326 0.5782  0.8557  0.5910  0.3432  0.4804  0.6067  0.6330  0.6958  0.6958  0.3560  0.5214  0.7118  0.2463  0.000040
epoch:327 0.6603  0.9393  0.6527  0.3579  0.4596  0.6883  0.6330  0.6958  0.6958  0.3655  0.5106  0.7092  0.2461  0.000040
epoch:328 0.6595  0.9390  0.6517  0.3391  0.4742  0.6893  0.6367  0.7001  0.7001  0.3560  0.5237  0.7139  0.2492  0.000040
epoch:329 0.5621  0.8556  0.5790  0.3479  0.4691  0.5868  0.6131  0.6762  0.6762  0.3560  0.5154  0.6862  0.2440  0.000040
epoch:330 0.5752  0.8616  0.5775  0.3633  0.4726  0.5982  0.6325  0.6990  0.6990  0.5190  0.5190  0.7047  0.2486  0.000040
epoch:331 0.5699  0.8556  0.5890  0.3494  0.4748  0.5952  0.6279  0.6914  0.6914  0.3560  0.5214  0.7034  0.2482  0.000040
epoch:332 0.5840  0.8621  0.6016  0.3757  0.4799  0.6075  0.6419  0.7071  0.7071  0.4905  0.5277  0.7151  0.2437  0.000040
epoch:333 0.5788  0.8628  0.5805  0.4126  0.4555  0.6060  0.6408  0.7039  0.7039  0.4940  0.5106  0.7149  0.2442  0.000040
epoch:334 0.6653  0.9461  0.6835  0.3923  0.4733  0.6885  0.6388  0.7019  0.7019  0.4940  0.5214  0.7113  0.2399  0.000040
epoch:335 0.5711  0.8613  0.5888  0.3723  0.4721  0.6003  0.6315  0.6960  0.6960  0.4952  0.5134  0.7093  0.2411  0.000040
epoch:336 0.6685  0.9453  0.6791  0.3854  0.4747  0.6938  0.6391  0.7062  0.7062  0.5000  0.5237  0.7149  0.2445  0.000040
epoch:337 0.5787  0.8565  0.5865  0.3282  0.4736  0.6031  0.6357  0.6989  0.6989  0.3524  0.5218  0.7073  0.2422  0.000040
epoch:338 0.6620  0.9400  0.6654  0.3477  0.4542  0.6930  0.6358  0.7001  0.7001  0.3738  0.5087  0.7144  0.2427  0.000040
epoch:339 0.5751  0.8622  0.5855  0.3923  0.4563  0.5978  0.6347  0.6985  0.6985  0.5036  0.5087  0.7055  0.2487  0.000040
epoch:340 0.5778  0.8623  0.5824  0.4090  0.4771  0.5958  0.6341  0.6976  0.6976  0.4845  0.5214  0.7012  0.2519  0.000040
epoch:341 0.6601  0.9459  0.6850  0.3726  0.4807  0.6802  0.6371  0.6990  0.6990  0.4857  0.5258  0.7039  0.2454  0.000040
epoch:342 0.5790  0.8628  0.5694  0.4207  0.4695  0.5986  0.6327  0.6975  0.6975  0.4940  0.5146  0.7033  0.2401  0.000040
epoch:343 0.5610  0.8557  0.5955  0.3452  0.4786  0.5835  0.6125  0.6750  0.6750  0.3607  0.5218  0.6857  0.2425  0.000040
epoch:344 0.5758  0.8560  0.6059  0.3230  0.4710  0.6088  0.6338  0.6969  0.6969  0.3571  0.5214  0.7142  0.2398  0.000040
epoch:345 0.5793  0.8565  0.5831  0.3548  0.4749  0.6059  0.6327  0.6968  0.6968  0.3607  0.5174  0.7105  0.2475  0.000040
epoch:346 0.6555  0.9383  0.6517  0.3312  0.4693  0.6832  0.6289  0.6941  0.6941  0.3571  0.5218  0.7044  0.2441  0.000040
epoch:347 0.5786  0.8630  0.5911  0.4172  0.4721  0.5994  0.6353  0.6984  0.6984  0.4940  0.5194  0.7052  0.2453  0.000040
epoch:348 0.5633  0.8613  0.5796  0.4071  0.4654  0.5808  0.6167  0.6814  0.6814  0.5286  0.5197  0.6811  0.2388  0.000040
epoch:349 0.6631  0.9458  0.6633  0.4170  0.4548  0.6911  0.6389  0.7033  0.7033  0.5321  0.5126  0.7118  0.2410  0.000040
epoch:350 0.5658  0.8561  0.5924  0.3571  0.4721  0.5773  0.6128  0.6756  0.6756  0.3655  0.5194  0.6782  0.2463  0.000040
epoch:351 0.6590  0.9462  0.6651  0.4145  0.4519  0.6832  0.6342  0.6983  0.6983  0.4940  0.5106  0.7049  0.2407  0.000040
epoch:352 0.6614  0.9461  0.6674  0.3972  0.4715  0.6817  0.6400  0.7034  0.7034  0.5369  0.5218  0.7062  0.2493  0.000040
epoch:353 0.6611  0.9393  0.6841  0.3446  0.4869  0.6799  0.6325  0.6965  0.6965  0.3571  0.5345  0.7018  0.2433  0.000040
epoch:354 0.5703  0.8559  0.5917  0.3385  0.4913  0.5876  0.6207  0.6844  0.6844  0.3560  0.5368  0.6906  0.2457  0.000040
epoch:355 0.5730  0.8628  0.5834  0.4056  0.4719  0.5950  0.6324  0.6955  0.6955  0.5190  0.5214  0.6992  0.2430  0.000040
epoch:356 0.6652  0.9459  0.6689  0.4231  0.4618  0.6859  0.6400  0.7044  0.7044  0.5321  0.5174  0.7073  0.2459  0.000040
epoch:357 0.5858  0.8622  0.5958  0.4186  0.4665  0.6052  0.6441  0.7082  0.7082  0.4988  0.5154  0.7122  0.2425  0.000040
epoch:358 0.5655  0.8549  0.5787  0.3530  0.4772  0.5874  0.6151  0.6792  0.6792  0.3655  0.5182  0.6883  0.2472  0.000040
epoch:359 0.5819  0.8625  0.5814  0.3590  0.4639  0.6142  0.6396  0.7034  0.7034  0.5190  0.5130  0.7176  0.2420  0.000040
epoch:360 0.5556  0.8557  0.5671  0.3394  0.4602  0.5819  0.6092  0.6717  0.6717  0.3524  0.5111  0.6849  0.2454  0.000040
epoch:361 0.5695  0.8563  0.6042  0.3515  0.4767  0.5860  0.6269  0.6900  0.6900  0.3655  0.5237  0.6942  0.2450  0.000040
epoch:362 0.5679  0.8558  0.5733  0.3353  0.4749  0.5938  0.6248  0.6894  0.6894  0.3476  0.5214  0.7016  0.2392  0.000040
epoch:363 0.5838  0.8615  0.5965  0.3670  0.4683  0.6100  0.6424  0.7064  0.7064  0.4988  0.5197  0.7141  0.2434  0.000040
epoch:364 0.6624  0.9458  0.6873  0.3734  0.4717  0.6851  0.6399  0.7024  0.7024  0.4893  0.5218  0.7086  0.2441  0.000040
epoch:365 0.5721  0.8623  0.5750  0.3639  0.4676  0.5927  0.6341  0.6975  0.6975  0.4857  0.5150  0.7031  0.2404  0.000040
epoch:366 0.6489  0.9446  0.6856  0.3892  0.4668  0.6754  0.6228  0.6859  0.6859  0.5036  0.5178  0.6978  0.2414  0.000040
epoch:367 0.5666  0.8565  0.5862  0.3488  0.4664  0.5917  0.6251  0.6894  0.6894  0.3607  0.5174  0.6994  0.2410  0.000040
epoch:368 0.6582  0.9391  0.6761  0.3411  0.4786  0.6787  0.6298  0.6926  0.6926  0.3560  0.5214  0.7020  0.2430  0.000040
epoch:369 0.5744  0.8633  0.5784  0.4003  0.4787  0.5892  0.6348  0.6985  0.6985  0.4988  0.5257  0.6989  0.2412  0.000040
epoch:370 0.5826  0.8622  0.5930  0.4100  0.4726  0.6136  0.6369  0.7036  0.7036  0.5238  0.5209  0.7176  0.2422  0.000040
epoch:371 0.6605  0.9457  0.6759  0.3845  0.4530  0.6930  0.6387  0.7021  0.7021  0.4988  0.5154  0.7150  0.2406  0.000040
epoch:372 0.5718  0.8563  0.5735  0.3336  0.4622  0.6059  0.6201  0.6836  0.6836  0.3655  0.5111  0.7012  0.2387  0.000040
epoch:373 0.5733  0.8566  0.6019  0.3395  0.4779  0.5933  0.6321  0.6962  0.6962  0.3655  0.5285  0.6994  0.2469  0.000040
epoch:374 0.5834  0.8633  0.5859  0.4003  0.4644  0.6085  0.6415  0.7046  0.7046  0.4988  0.5154  0.7131  0.2438  0.000040
epoch:375 0.5773  0.8622  0.5901  0.4093  0.4583  0.6026  0.6353  0.6975  0.6975  0.4857  0.5111  0.7073  0.2357  0.000040
epoch:376 0.5794  0.8628  0.5835  0.4226  0.4629  0.6052  0.6389  0.7023  0.7023  0.5321  0.5154  0.7105  0.2444  0.000040
epoch:377 0.5746  0.8564  0.5756  0.3367  0.4633  0.6074  0.6311  0.6939  0.6939  0.3476  0.5154  0.7110  0.2463  0.000040
epoch:378 0.5748  0.8629  0.6003  0.3954  0.4679  0.6064  0.6372  0.7006  0.7006  0.4988  0.5194  0.7142  0.2390  0.000040
epoch:379 0.5843  0.8624  0.5816  0.3812  0.4647  0.6144  0.6413  0.7047  0.7047  0.5036  0.5150  0.7184  0.2476  0.000040
epoch:380 0.6380  0.9385  0.6750  0.3307  0.4869  0.6688  0.6148  0.6789  0.6789  0.3702  0.5321  0.6926  0.2437  0.000040
epoch:381 0.6591  0.9452  0.6629  0.4361  0.4666  0.6856  0.6375  0.7006  0.7006  0.5321  0.5197  0.7089  0.2425  0.000040
epoch:382 0.5690  0.8555  0.5902  0.3385  0.4769  0.5908  0.6289  0.6923  0.6923  0.3607  0.5197  0.6994  0.2437  0.000040
epoch:383 0.5861  0.8611  0.6115  0.3907  0.4737  0.6156  0.6429  0.7073  0.7073  0.5333  0.5214  0.7202  0.2448  0.000040
epoch:384 0.6593  0.9391  0.6867  0.3453  0.4753  0.6926  0.6345  0.6967  0.6967  0.3560  0.5261  0.7140  0.2468  0.000040
epoch:385 0.6699  0.9455  0.6808  0.3809  0.4794  0.6987  0.6479  0.7104  0.7104  0.4940  0.5277  0.7230  0.2380  0.000040
epoch:386 0.5777  0.8628  0.5909  0.4239  0.4648  0.5979  0.6367  0.7014  0.7014  0.5083  0.5154  0.7049  0.2445  0.000040
epoch:387 0.5673  0.8557  0.5879  0.3320  0.4860  0.5911  0.6269  0.6891  0.6891  0.3476  0.5297  0.6992  0.2439  0.000040
epoch:388 0.5882  0.8616  0.6072  0.3943  0.4731  0.6148  0.6433  0.7071  0.7071  0.5036  0.5218  0.7197  0.2399  0.000040
epoch:389 0.5638  0.8550  0.5977  0.3523  0.4860  0.5859  0.6129  0.6773  0.6773  0.3655  0.5321  0.6862  0.2349  0.000040
epoch:390 0.5683  0.8558  0.5956  0.3474  0.4873  0.5900  0.6160  0.6791  0.6791  0.3655  0.5321  0.6867  0.2409  0.000040
epoch:391 0.5694  0.8623  0.5799  0.4140  0.4762  0.5913  0.6176  0.6814  0.6814  0.4940  0.5214  0.6888  0.2420  0.000040
epoch:392 0.6645  0.9460  0.6810  0.3934  0.4677  0.6951  0.6414  0.7039  0.7039  0.4905  0.5198  0.7165  0.2458  0.000040
epoch:393 0.5755  0.8558  0.6091  0.3336  0.4682  0.6024  0.6360  0.6988  0.6988  0.3655  0.5261  0.7084  0.2431  0.000040
epoch:394 0.6625  0.9391  0.6846  0.3548  0.4854  0.6900  0.6343  0.6981  0.6981  0.3607  0.5321  0.7121  0.2382  0.000040
epoch:395 0.5804  0.8628  0.6026  0.3894  0.4566  0.6012  0.6409  0.7031  0.7031  0.4940  0.5115  0.7081  0.2400  0.000040
epoch:396 0.5566  0.8556  0.5725  0.3468  0.4772  0.5845  0.6070  0.6707  0.6707  0.3619  0.5190  0.6849  0.2389  0.000040
epoch:397 0.6647  0.9392  0.6924  0.3267  0.4712  0.6940  0.6378  0.7016  0.7016  0.3571  0.5214  0.7160  0.2409  0.000040
epoch:398 0.6707  0.9455  0.6848  0.4106  0.4760  0.6946  0.6473  0.7104  0.7104  0.5036  0.5277  0.7183  0.2401  0.000040
epoch:399 0.5707  0.8563  0.5774  0.3546  0.4681  0.5938  0.6277  0.6914  0.6914  0.3667  0.5190  0.7018  0.2351  0.000040
epoch:400 0.6664  0.9460  0.6605  0.3936  0.4620  0.6847  0.6390  0.7022  0.7022  0.4940  0.5111  0.7075  0.2369  0.000040
epoch:401 0.5822  0.8624  0.5859  0.4059  0.4624  0.6069  0.6400  0.7034  0.7034  0.4988  0.5154  0.7115  0.2447  0.000040
epoch:402 0.5735  0.8556  0.5818  0.3267  0.4626  0.5984  0.6302  0.6964  0.6964  0.3571  0.5158  0.7049  0.2394  0.000040
epoch:403 0.5804  0.8622  0.5896  0.3825  0.4582  0.6079  0.6411  0.7046  0.7046  0.5238  0.5154  0.7131  0.2442  0.000040
epoch:404 0.5763  0.8620  0.5907  0.3738  0.4674  0.6018  0.6363  0.6982  0.6982  0.4726  0.5218  0.7081  0.2359  0.000040
epoch:405 0.5798  0.8619  0.6008  0.3847  0.4795  0.6064  0.6374  0.7001  0.7001  0.4857  0.5297  0.7126  0.2378  0.000040
epoch:406 0.6530  0.9396  0.6498  0.3579  0.4761  0.6756  0.6270  0.6901  0.6901  0.3655  0.5154  0.6995  0.2386  0.000040
epoch:407 0.5812  0.8633  0.6121  0.4003  0.4870  0.5995  0.6388  0.7026  0.7026  0.4988  0.5325  0.7049  0.2413  0.000040
epoch:408 0.5761  0.8563  0.5821  0.3481  0.4609  0.6030  0.6362  0.6998  0.6998  0.3607  0.5154  0.7115  0.2391  0.000040
epoch:409 0.5681  0.8564  0.6034  0.3372  0.4785  0.5905  0.6287  0.6921  0.6921  0.3560  0.5285  0.6994  0.2402  0.000040
epoch:410 0.5821  0.8616  0.5852  0.3769  0.4672  0.6111  0.6415  0.7047  0.7047  0.4905  0.5174  0.7160  0.2376  0.000040
epoch:411 0.5784  0.8611  0.6064  0.3600  0.4743  0.6093  0.6414  0.7036  0.7036  0.4905  0.5222  0.7179  0.2385  0.000040
epoch:412 0.5830  0.8624  0.5966  0.3763  0.4751  0.6078  0.6404  0.7048  0.7048  0.5036  0.5233  0.7128  0.2417  0.000040
epoch:413 0.5697  0.8550  0.5752  0.3194  0.4726  0.6012  0.6286  0.6948  0.6948  0.3524  0.5214  0.7113  0.2429  0.000040
epoch:414 0.5784  0.8629  0.5780  0.3838  0.4592  0.6093  0.6365  0.7005  0.7005  0.4857  0.5102  0.7139  0.2441  0.000040
epoch:415 0.5858  0.8629  0.5938  0.4111  0.4616  0.6047  0.6421  0.7062  0.7062  0.5036  0.5158  0.7104  0.2393  0.000040
epoch:416 0.5734  0.8558  0.5750  0.3287  0.4770  0.6032  0.6354  0.6989  0.6989  0.3655  0.5242  0.7137  0.2397  0.000040
epoch:417 0.6582  0.9399  0.6873  0.3422  0.4763  0.6909  0.6322  0.6957  0.6957  0.3571  0.5261  0.7142  0.2383  0.000040
epoch:418 0.5775  0.8620  0.5763  0.4054  0.4694  0.5985  0.6352  0.6986  0.6986  0.5036  0.5214  0.7055  0.2389  0.000040
epoch:419 0.5745  0.8619  0.6006  0.3919  0.4663  0.5975  0.6372  0.6997  0.6997  0.4988  0.5182  0.7044  0.2370  0.000040
epoch:420 0.5770  0.8620  0.5936  0.4011  0.4706  0.5972  0.6370  0.7013  0.7013  0.5000  0.5242  0.7044  0.2361  0.000040
epoch:421 0.5638  0.8624  0.5774  0.4027  0.4772  0.5911  0.6169  0.6801  0.6801  0.4845  0.5261  0.6915  0.2392  0.000040
epoch:422 0.5846  0.8630  0.6070  0.4003  0.4807  0.6029  0.6424  0.7061  0.7061  0.4988  0.5301  0.7083  0.2347  0.000040
epoch:423 0.5701  0.8621  0.5640  0.3693  0.4619  0.6004  0.6337  0.6984  0.6984  0.4952  0.5130  0.7118  0.2368  0.000040
epoch:424 0.5748  0.8635  0.5937  0.4110  0.4682  0.5898  0.6351  0.6983  0.6983  0.4940  0.5182  0.6994  0.2399  0.000040
epoch:425 0.5756  0.8621  0.5820  0.4020  0.4596  0.5974  0.6338  0.6982  0.6982  0.4952  0.5111  0.7044  0.2358  0.000040
epoch:426 0.5800  0.8628  0.6127  0.4156  0.4662  0.6015  0.6410  0.7038  0.7038  0.4988  0.5178  0.7104  0.2428  0.000040
epoch:427 0.5814  0.8566  0.5845  0.3287  0.4642  0.6067  0.6415  0.7043  0.7043  0.3655  0.5202  0.7122  0.2389  0.000040
epoch:428 0.5752  0.8616  0.5678  0.4069  0.4738  0.6017  0.6358  0.6993  0.6993  0.4905  0.5218  0.7118  0.2371  0.000040
epoch:429 0.5924  0.8634  0.6207  0.4101  0.4731  0.6150  0.6530  0.7158  0.7158  0.5071  0.5242  0.7219  0.2422  0.000040
epoch:430 0.5596  0.8557  0.5989  0.3426  0.4915  0.5760  0.6121  0.6749  0.6749  0.3607  0.5364  0.6807  0.2417  0.000040
epoch:431 0.6670  0.9456  0.6766  0.4108  0.4782  0.6971  0.6431  0.7062  0.7062  0.5333  0.5254  0.7192  0.2406  0.000040
epoch:432 0.5757  0.8563  0.5826  0.3433  0.4641  0.6053  0.6323  0.6964  0.6964  0.3619  0.5154  0.7126  0.2373  0.000040
epoch:433 0.5810  0.8633  0.5974  0.3985  0.4683  0.6116  0.6433  0.7068  0.7068  0.5036  0.5198  0.7197  0.2323  0.000040
epoch:434 0.5815  0.8624  0.5773  0.3934  0.4626  0.6046  0.6406  0.7044  0.7044  0.4988  0.5158  0.7120  0.2363  0.000040
epoch:435 0.5704  0.8623  0.5740  0.3974  0.4648  0.5918  0.6330  0.6952  0.6952  0.4810  0.5154  0.7020  0.2360  0.000040
epoch:436 0.5584  0.8613  0.6016  0.3671  0.4738  0.5810  0.6131  0.6762  0.6762  0.4726  0.5257  0.6846  0.2388  0.000040
epoch:437 0.5860  0.8628  0.6229  0.3827  0.4772  0.6085  0.6429  0.7063  0.7063  0.5036  0.5242  0.7133  0.2370  0.000040
epoch:438 0.5732  0.8550  0.5730  0.3249  0.4609  0.6010  0.6346  0.6990  0.6990  0.3619  0.5178  0.7096  0.2392  0.000040
epoch:439 0.5744  0.8624  0.6017  0.3635  0.4616  0.6019  0.6377  0.7012  0.7012  0.5238  0.5182  0.7081  0.2370  0.000040
epoch:440 0.6649  0.9456  0.6800  0.3764  0.4606  0.6963  0.6445  0.7073  0.7073  0.4940  0.5130  0.7212  0.2415  0.000040
epoch:441 0.5718  0.8553  0.5658  0.3362  0.4588  0.6039  0.6307  0.6938  0.6938  0.3571  0.5106  0.7123  0.2378  0.000040
epoch:442 0.5636  0.8552  0.5750  0.3331  0.4726  0.5940  0.6210  0.6838  0.6838  0.3524  0.5237  0.6998  0.2356  0.000040
epoch:443 0.5591  0.8557  0.6006  0.3349  0.4752  0.5880  0.6120  0.6755  0.6755  0.3560  0.5261  0.6886  0.2353  0.000040
epoch:444 0.5651  0.8550  0.5997  0.3392  0.4877  0.5804  0.6271  0.6915  0.6915  0.3571  0.5368  0.6973  0.2371  0.000040
epoch:445 0.5829  0.8626  0.5965  0.3811  0.4622  0.6094  0.6402  0.7036  0.7036  0.4857  0.5134  0.7141  0.2384  0.000040
epoch:446 0.5654  0.8548  0.5972  0.3320  0.4849  0.5853  0.6277  0.6909  0.6909  0.3524  0.5325  0.7029  0.2449  0.000040
epoch:447 0.6643  0.9452  0.6718  0.4112  0.4707  0.6871  0.6425  0.7056  0.7056  0.5036  0.5242  0.7120  0.2389  0.000040
epoch:448 0.5824  0.8631  0.5874  0.4223  0.4690  0.6034  0.6456  0.7093  0.7093  0.5083  0.5237  0.7151  0.2320  0.000040
epoch:449 0.5708  0.8618  0.5822  0.3905  0.4536  0.6021  0.6342  0.6983  0.6983  0.5321  0.5083  0.7097  0.2349  0.000040
epoch:450 0.5686  0.8557  0.6067  0.3415  0.4959  0.5909  0.6307  0.6938  0.6938  0.3571  0.5412  0.7040  0.2460  0.000040
epoch:451 0.5754  0.8557  0.5730  0.3433  0.4762  0.6030  0.6328  0.6965  0.6965  0.3619  0.5257  0.7110  0.2314  0.000040
epoch:452 0.5824  0.8616  0.6073  0.3663  0.4707  0.6134  0.6441  0.7069  0.7069  0.4905  0.5261  0.7186  0.2390  0.000040
epoch:453 0.5786  0.8556  0.5820  0.3249  0.4612  0.6064  0.6388  0.7026  0.7026  0.3619  0.5158  0.7117  0.2371  0.000040
epoch:454 0.5714  0.8551  0.5757  0.3164  0.4776  0.5984  0.6335  0.6973  0.6973  0.3524  0.5261  0.7086  0.2352  0.000040
epoch:455 0.5673  0.8621  0.5846  0.3872  0.4639  0.5963  0.6291  0.6928  0.6928  0.4905  0.5150  0.7055  0.2386  0.000040
epoch:456 0.5807  0.8627  0.6115  0.3932  0.4716  0.6160  0.6410  0.7054  0.7054  0.4952  0.5261  0.7213  0.2366  0.000040
epoch:457 0.6596  0.9458  0.6780  0.3653  0.4588  0.6917  0.6411  0.7036  0.7036  0.4857  0.5154  0.7173  0.2368  0.000040
epoch:458 0.5857  0.8624  0.6083  0.3837  0.4758  0.6128  0.6440  0.7065  0.7065  0.4988  0.5242  0.7173  0.2404  0.000040
epoch:459 0.5679  0.8553  0.5906  0.3418  0.4831  0.5889  0.6191  0.6835  0.6835  0.3607  0.5309  0.6920  0.2429  0.000040
epoch:460 0.5829  0.8614  0.5907  0.3663  0.4853  0.6077  0.6443  0.7077  0.7077  0.4905  0.5349  0.7141  0.2376  0.000040
epoch:461 0.5710  0.8611  0.5775  0.3847  0.4572  0.6010  0.6341  0.6969  0.6969  0.4905  0.5106  0.7113  0.2318  0.000040
epoch:462 0.5851  0.8621  0.5912  0.4070  0.4875  0.6053  0.6432  0.7060  0.7060  0.4940  0.5325  0.7120  0.2314  0.000040
epoch:463 0.5763  0.8566  0.5806  0.3443  0.4629  0.6009  0.6340  0.6978  0.6978  0.3607  0.5154  0.7083  0.2357  0.000040
epoch:464 0.5619  0.8551  0.5795  0.3433  0.4745  0.5873  0.6155  0.6786  0.6786  0.3619  0.5261  0.6909  0.2345  0.000040
epoch:465 0.5808  0.8618  0.5638  0.3888  0.4702  0.6059  0.6382  0.7020  0.7020  0.4940  0.5186  0.7123  0.2356  0.000040
epoch:466 0.5833  0.8621  0.5836  0.3847  0.4611  0.6148  0.6446  0.7084  0.7084  0.4905  0.5154  0.7236  0.2402  0.000040
epoch:467 0.5823  0.8628  0.6186  0.3700  0.4805  0.6113  0.6395  0.7036  0.7036  0.4905  0.5325  0.7155  0.2328  0.000040
epoch:468 0.5760  0.8611  0.6066  0.3621  0.4784  0.6057  0.6391  0.7022  0.7022  0.4988  0.5282  0.7142  0.2331  0.000040
epoch:469 0.5732  0.8621  0.5872  0.3732  0.4582  0.6032  0.6251  0.6891  0.6891  0.5000  0.5134  0.6998  0.2345  0.000040
epoch:470 0.5858  0.8618  0.6087  0.3732  0.4722  0.6173  0.6443  0.7089  0.7089  0.5000  0.5261  0.7221  0.2290  0.000040
epoch:471 0.5761  0.8558  0.5851  0.3449  0.4759  0.6111  0.6235  0.6879  0.6879  0.3619  0.5261  0.7086  0.2313  0.000040
epoch:472 0.5770  0.8619  0.6026  0.3712  0.4615  0.6124  0.6377  0.7002  0.7002  0.4905  0.5158  0.7174  0.2308  0.000040
epoch:473 0.5868  0.8618  0.5943  0.3674  0.4745  0.6164  0.6501  0.7135  0.7135  0.5286  0.5285  0.7233  0.2290  0.000040
epoch:474 0.5756  0.8611  0.5889  0.3663  0.4865  0.6018  0.6393  0.7021  0.7021  0.4905  0.5345  0.7116  0.2374  0.000040
epoch:475 0.5782  0.8624  0.5936  0.3551  0.4745  0.6106  0.6396  0.7021  0.7021  0.4905  0.5242  0.7152  0.2345  0.000040
epoch:476 0.5840  0.8558  0.6189  0.3244  0.4714  0.6169  0.6452  0.7086  0.7086  0.3619  0.5246  0.7241  0.2335  0.000040
epoch:477 0.5789  0.8618  0.5812  0.3732  0.4646  0.6008  0.6412  0.7047  0.7047  0.4988  0.5182  0.7110  0.2323  0.000040
epoch:478 0.5739  0.8617  0.6043  0.3551  0.4666  0.6087  0.6267  0.6904  0.6904  0.4905  0.5218  0.7054  0.2317  0.000040
epoch:479 0.5668  0.8558  0.6001  0.3497  0.4839  0.5793  0.6205  0.6841  0.6841  0.3655  0.5321  0.6863  0.2310  0.000040
epoch:480 0.5727  0.8622  0.5937  0.3491  0.4693  0.5994  0.6337  0.6979  0.6979  0.4762  0.5194  0.7081  0.2361  0.000040
epoch:481 0.5773  0.8553  0.6035  0.3497  0.4936  0.6000  0.6364  0.6998  0.6998  0.3655  0.5388  0.7108  0.2339  0.000040
epoch:482 0.5738  0.8550  0.5764  0.3249  0.4701  0.6076  0.6336  0.6970  0.6970  0.3619  0.5214  0.7142  0.2332  0.000040
epoch:483 0.5777  0.8618  0.5879  0.3693  0.4638  0.6085  0.6366  0.7013  0.7013  0.4952  0.5178  0.7140  0.2368  0.000040
epoch:484 0.5769  0.8620  0.5692  0.3972  0.4654  0.6048  0.6352  0.6987  0.6987  0.4988  0.5151  0.7129  0.2319  0.000040
epoch:485 0.5580  0.8551  0.5741  0.3405  0.4747  0.5874  0.6125  0.6763  0.6763  0.3571  0.5261  0.6915  0.2349  0.000040
epoch:486 0.5836  0.8615  0.6066  0.4123  0.4761  0.6078  0.6420  0.7051  0.7051  0.4952  0.5261  0.7155  0.2292  0.000040
epoch:487 0.5761  0.8624  0.5997  0.4079  0.4645  0.6067  0.6278  0.6919  0.6919  0.5083  0.5182  0.7035  0.2309  0.000040
epoch:488 0.5701  0.8564  0.5763  0.3392  0.4687  0.6009  0.6288  0.6929  0.6929  0.3571  0.5170  0.7107  0.2286  0.000040
epoch:489 0.5799  0.8622  0.5905  0.4041  0.4798  0.6103  0.6430  0.7055  0.7055  0.4857  0.5277  0.7234  0.2342  0.000040
epoch:490 0.5747  0.8559  0.5830  0.3218  0.4717  0.6050  0.6347  0.6991  0.6991  0.3571  0.5261  0.7108  0.2348  0.000040
epoch:491 0.5733  0.8613  0.5796  0.3693  0.4695  0.6059  0.6257  0.6895  0.6895  0.4952  0.5218  0.7030  0.2320  0.000040
epoch:492 0.5685  0.8551  0.5737  0.3503  0.4627  0.5867  0.6300  0.6934  0.6934  0.3702  0.5154  0.7020  0.2317  0.000040
epoch:493 0.5833  0.8632  0.5847  0.3892  0.4624  0.6056  0.6454  0.7083  0.7083  0.4940  0.5162  0.7151  0.2320  0.000040
epoch:494 0.5751  0.8564  0.5968  0.3178  0.4637  0.6042  0.6371  0.6999  0.6999  0.3524  0.5178  0.7118  0.2338  0.000040
epoch:495 0.5795  0.8560  0.5852  0.3475  0.4599  0.6085  0.6417  0.7045  0.7045  0.3607  0.5197  0.7188  0.2343  0.000040
epoch:496 0.5770  0.8614  0.5792  0.3686  0.4531  0.6094  0.6385  0.7023  0.7023  0.4905  0.5087  0.7152  0.2322  0.000040
epoch:497 0.5806  0.8629  0.5916  0.3822  0.4633  0.6119  0.6421  0.7058  0.7058  0.4905  0.5154  0.7210  0.2371  0.000040
epoch:498 0.5795  0.8618  0.5923  0.3653  0.4617  0.6104  0.6429  0.7060  0.7060  0.5286  0.5158  0.7178  0.2310  0.000040
epoch:499 0.5776  0.8565  0.5763  0.3173  0.4562  0.6151  0.6367  0.6996  0.6996  0.3524  0.5091  0.7197  0.2355  0.000040
epoch:500 0.5811  0.8557  0.5942  0.3194  0.4651  0.6176  0.6404  0.7036  0.7036  0.3524  0.5158  0.7223  0.2309  0.000040
epoch:501 0.5711  0.8550  0.6001  0.3593  0.4810  0.5952  0.6342  0.6973  0.6973  0.3702  0.5368  0.7105  0.2329  0.000040
epoch:502 0.6644  0.9465  0.7023  0.3994  0.4867  0.6834  0.6371  0.6990  0.6990  0.4810  0.5325  0.7049  0.2319  0.000040
epoch:503 0.5765  0.8622  0.5842  0.4012  0.4838  0.6006  0.6361  0.7005  0.7005  0.5286  0.5317  0.7105  0.2291  0.000040
epoch:504 0.5678  0.8553  0.5938  0.3249  0.4808  0.5879  0.6292  0.6927  0.6927  0.3440  0.5325  0.6975  0.2291  0.000040
epoch:505 0.5823  0.8558  0.6166  0.3202  0.4775  0.6132  0.6407  0.7038  0.7038  0.3571  0.5285  0.7181  0.2323  0.000040
epoch:506 0.5903  0.8627  0.6080  0.4058  0.4676  0.6184  0.6504  0.7145  0.7145  0.5369  0.5206  0.7254  0.2381  0.000040
epoch:507 0.5655  0.8565  0.5836  0.3472  0.4788  0.5905  0.6148  0.6789  0.6789  0.3655  0.5214  0.6944  0.2315  0.000040
epoch:508 0.5814  0.8614  0.6065  0.3907  0.4649  0.6132  0.6409  0.7052  0.7052  0.4952  0.5202  0.7227  0.2293  0.000040
epoch:509 0.5726  0.8625  0.5947  0.4079  0.4742  0.5922  0.6345  0.6978  0.6978  0.4905  0.5261  0.7028  0.2317  0.000040
epoch:510 0.5778  0.8618  0.5828  0.3818  0.4691  0.6108  0.6389  0.7027  0.7027  0.5036  0.5194  0.7168  0.2318  0.000040
epoch:511 0.5769  0.8631  0.5676  0.3917  0.4709  0.5969  0.6355  0.6990  0.6990  0.4952  0.5198  0.7073  0.2359  0.000040
epoch:512 0.5794  0.8553  0.6231  0.3374  0.4937  0.6104  0.6385  0.7010  0.7010  0.3524  0.5368  0.7197  0.2270  0.000040
epoch:513 0.5671  0.8614  0.5727  0.3947  0.4545  0.5986  0.6312  0.6950  0.6950  0.5036  0.5087  0.7135  0.2307  0.000040
epoch:514 0.5829  0.8620  0.6015  0.3818  0.4635  0.6121  0.6417  0.7046  0.7046  0.4857  0.5139  0.7186  0.2369  0.000040
epoch:515 0.5841  0.8625  0.6042  0.3878  0.4789  0.6130  0.6452  0.7090  0.7090  0.5321  0.5301  0.7202  0.2337  0.000040
epoch:516 0.5802  0.8621  0.5751  0.3577  0.4644  0.6155  0.6402  0.7034  0.7034  0.4810  0.5151  0.7202  0.2346  0.000040
epoch:517 0.5867  0.8614  0.6036  0.3819  0.4694  0.6175  0.6487  0.7121  0.7121  0.5036  0.5237  0.7254  0.2302  0.000040
epoch:518 0.5825  0.8550  0.5982  0.3257  0.4773  0.6132  0.6414  0.7052  0.7052  0.3619  0.5242  0.7202  0.2319  0.000040
epoch:519 0.5854  0.8624  0.6027  0.3663  0.4851  0.6125  0.6447  0.7072  0.7072  0.4905  0.5265  0.7181  0.2260  0.000040
epoch:520 0.5750  0.8625  0.5927  0.3824  0.4836  0.6012  0.6329  0.6973  0.6973  0.4857  0.5340  0.7092  0.2274  0.000040
epoch:521 0.5851  0.8620  0.6217  0.3830  0.4782  0.6098  0.6428  0.7062  0.7062  0.4905  0.5281  0.7168  0.2325  0.000040
epoch:522 0.5753  0.8631  0.5692  0.4110  0.4690  0.6024  0.6340  0.6974  0.6974  0.4940  0.5170  0.7105  0.2326  0.000040
epoch:523 0.5839  0.8620  0.5939  0.3746  0.4722  0.6075  0.6414  0.7049  0.7049  0.4905  0.5242  0.7123  0.2263  0.000040
epoch:524 0.5808  0.8629  0.5806  0.3616  0.4772  0.6134  0.6411  0.7043  0.7043  0.4857  0.5194  0.7192  0.2302  0.000040
epoch:525 0.5854  0.8620  0.6021  0.3469  0.4855  0.6158  0.6454  0.7092  0.7092  0.4821  0.5321  0.7225  0.2286  0.000040
epoch:526 0.5865  0.8624  0.5966  0.3801  0.4744  0.6156  0.6427  0.7059  0.7059  0.4857  0.5218  0.7205  0.2328  0.000040
epoch:527 0.5780  0.8551  0.6067  0.3225  0.4820  0.6140  0.6362  0.6996  0.6996  0.3571  0.5242  0.7200  0.2305  0.000040
epoch:528 0.5744  0.8552  0.6049  0.3415  0.5001  0.5986  0.6393  0.7024  0.7024  0.3571  0.5412  0.7165  0.2332  0.000040
epoch:529 0.5829  0.8625  0.5826  0.3618  0.4619  0.6116  0.6442  0.7074  0.7074  0.4857  0.5134  0.7183  0.2289  0.000040
epoch:530 0.5802  0.8622  0.5922  0.3663  0.4612  0.6116  0.6403  0.7028  0.7028  0.4905  0.5134  0.7165  0.2282  0.000040
epoch:531 0.5785  0.8557  0.5790  0.3402  0.4791  0.6073  0.6389  0.7017  0.7017  0.3571  0.5261  0.7205  0.2270  0.000040
epoch:532 0.6710  0.9392  0.7009  0.3194  0.4906  0.7021  0.6451  0.7076  0.7076  0.3524  0.5345  0.7265  0.2301  0.000040
epoch:533 0.5839  0.8624  0.6136  0.3924  0.4807  0.6084  0.6419  0.7057  0.7057  0.4952  0.5301  0.7139  0.2349  0.000040
epoch:534 0.5720  0.8620  0.5751  0.3916  0.4755  0.5950  0.6344  0.6966  0.6966  0.5190  0.5218  0.7055  0.2271  0.000040
epoch:535 0.5776  0.8622  0.5934  0.3913  0.4895  0.6002  0.6370  0.7005  0.7005  0.5190  0.5345  0.7086  0.2255  0.000040
epoch:536 0.5829  0.8622  0.5988  0.3668  0.4834  0.6089  0.6429  0.7064  0.7064  0.5107  0.5285  0.7136  0.2298  0.000040
epoch:537 0.5781  0.8618  0.5926  0.3847  0.4632  0.6086  0.6380  0.7015  0.7015  0.4905  0.5158  0.7161  0.2242  0.000040
epoch:538 0.5795  0.8626  0.5920  0.3874  0.4567  0.6070  0.6402  0.7040  0.7040  0.5036  0.5091  0.7141  0.2287  0.000040
epoch:539 0.5795  0.8559  0.5883  0.3257  0.4717  0.6075  0.6377  0.7005  0.7005  0.3619  0.5218  0.7123  0.2303  0.000040
epoch:540 0.5838  0.8623  0.6059  0.3893  0.4787  0.6103  0.6421  0.7056  0.7056  0.5321  0.5265  0.7153  0.2284  0.000040
epoch:541 0.5783  0.8621  0.6270  0.3657  0.4888  0.6039  0.6285  0.6910  0.6910  0.4905  0.5349  0.7012  0.2377  0.000040
epoch:542 0.5808  0.8630  0.5847  0.3618  0.4711  0.6023  0.6390  0.7025  0.7025  0.4857  0.5170  0.7099  0.2293  0.000040
epoch:543 0.5780  0.8622  0.5971  0.3684  0.4727  0.6130  0.6387  0.7009  0.7009  0.4905  0.5222  0.7174  0.2262  0.000040
epoch:544 0.5869  0.8629  0.5891  0.3842  0.4623  0.6151  0.6501  0.7120  0.7120  0.4893  0.5134  0.7251  0.2358  0.000040
epoch:545 0.5824  0.8613  0.5818  0.3683  0.4712  0.6149  0.6418  0.7053  0.7053  0.4952  0.5174  0.7205  0.2307  0.000040
epoch:546 0.5864  0.8623  0.6065  0.3870  0.4855  0.6036  0.6428  0.7069  0.7069  0.4940  0.5305  0.7088  0.2286  0.000040
epoch:547 0.5789  0.8615  0.5960  0.3596  0.4835  0.6056  0.6412  0.7034  0.7034  0.4774  0.5329  0.7133  0.2259  0.000040
epoch:548 0.5763  0.8617  0.5899  0.3764  0.4888  0.6011  0.6367  0.7008  0.7008  0.4857  0.5300  0.7118  0.2376  0.000040
epoch:549 0.5815  0.8620  0.6025  0.3671  0.4779  0.6119  0.6397  0.7038  0.7038  0.4905  0.5202  0.7174  0.2237  0.000040
epoch:550 0.5625  0.8564  0.5734  0.3344  0.4732  0.5811  0.6205  0.6825  0.6825  0.3524  0.5222  0.6900  0.2302  0.000040
epoch:551 0.5892  0.8620  0.6057  0.3870  0.4973  0.6181  0.6458  0.7102  0.7102  0.4905  0.5408  0.7247  0.2256  0.000040
epoch:552 0.5833  0.8624  0.5992  0.3657  0.4734  0.6130  0.6433  0.7061  0.7061  0.4905  0.5301  0.7184  0.2281  0.000040
epoch:553 0.6686  0.9459  0.6979  0.3670  0.4691  0.7031  0.6502  0.7137  0.7137  0.4905  0.5222  0.7304  0.2247  0.000040
epoch:554 0.5779  0.8559  0.5875  0.3286  0.4910  0.6065  0.6342  0.6974  0.6974  0.3476  0.5301  0.7137  0.2289  0.000040
epoch:555 0.5849  0.8618  0.6102  0.3813  0.4742  0.6143  0.6444  0.7072  0.7072  0.5286  0.5242  0.7189  0.2297  0.000040
epoch:556 0.6712  0.9468  0.7077  0.4010  0.4789  0.7059  0.6455  0.7107  0.7107  0.4988  0.5301  0.7286  0.2281  0.000040
epoch:557 0.5831  0.8618  0.6006  0.3779  0.4621  0.6138  0.6410  0.7054  0.7054  0.5048  0.5134  0.7189  0.2240  0.000040
epoch:558 0.5782  0.8619  0.5682  0.3727  0.4566  0.6105  0.6408  0.7037  0.7037  0.5190  0.5115  0.7176  0.2261  0.000040
epoch:559 0.5790  0.8614  0.6033  0.3789  0.4849  0.6101  0.6390  0.7025  0.7025  0.5190  0.5237  0.7161  0.2276  0.000040
epoch:560 0.5891  0.8625  0.6094  0.3788  0.4802  0.6118  0.6478  0.7116  0.7116  0.4988  0.5261  0.7188  0.2279  0.000040
epoch:561 0.5863  0.8616  0.6129  0.3569  0.4872  0.6214  0.6458  0.7090  0.7090  0.4857  0.5265  0.7266  0.2251  0.000040
epoch:562 0.5847  0.8630  0.6105  0.3885  0.4689  0.6045  0.6398  0.7059  0.7059  0.4905  0.5182  0.7112  0.2348  0.000040
epoch:563 0.5802  0.8558  0.6115  0.3220  0.4842  0.6162  0.6415  0.7040  0.7040  0.3571  0.5325  0.7234  0.2339  0.000040
epoch:564 0.5816  0.8549  0.6094  0.3287  0.4929  0.6066  0.6414  0.7039  0.7039  0.3655  0.5373  0.7141  0.2314  0.000040
epoch:565 0.5767  0.8557  0.5984  0.3249  0.4674  0.6048  0.6378  0.7019  0.7019  0.3619  0.5202  0.7133  0.2231  0.000040
epoch:566 0.5895  0.8624  0.6234  0.3743  0.4863  0.6118  0.6493  0.7128  0.7128  0.4940  0.5325  0.7196  0.2286  0.000040
epoch:567 0.5851  0.8623  0.6061  0.3764  0.4772  0.6128  0.6440  0.7065  0.7065  0.4940  0.5242  0.7178  0.2238  0.000040
epoch:568 0.5787  0.8557  0.5943  0.3288  0.4828  0.6086  0.6356  0.6990  0.6990  0.3667  0.5242  0.7139  0.2282  0.000040
epoch:569 0.5624  0.8558  0.5838  0.3330  0.4861  0.5904  0.6131  0.6756  0.6756  0.3476  0.5249  0.6920  0.2280  0.000040
epoch:570 0.6639  0.9456  0.6669  0.3725  0.4653  0.6905  0.6402  0.7033  0.7033  0.4952  0.5174  0.7128  0.2243  0.000040
epoch:571 0.6675  0.9466  0.6817  0.3983  0.4674  0.6911  0.6456  0.7078  0.7078  0.4988  0.5198  0.7146  0.2250  0.000040
epoch:572 0.5849  0.8550  0.6257  0.3288  0.4944  0.6167  0.6410  0.7051  0.7051  0.3667  0.5325  0.7250  0.2268  0.000040
epoch:573 0.5792  0.8557  0.5735  0.3217  0.4832  0.6024  0.6403  0.7032  0.7032  0.3560  0.5301  0.7130  0.2337  0.000040
epoch:574 0.5753  0.8551  0.5785  0.3244  0.4772  0.6079  0.6356  0.6975  0.6975  0.3429  0.5214  0.7184  0.2269  0.000040
epoch:575 0.5853  0.8549  0.5927  0.3257  0.4851  0.6130  0.6430  0.7058  0.7058  0.3619  0.5265  0.7188  0.2221  0.000040
epoch:576 0.5721  0.8551  0.5914  0.3420  0.4900  0.5880  0.6309  0.6953  0.6953  0.3619  0.5388  0.7010  0.2306  0.000040
epoch:577 0.5898  0.8622  0.6236  0.3825  0.4767  0.6247  0.6498  0.7133  0.7133  0.5238  0.5242  0.7310  0.2226  0.000040
epoch:578 0.5818  0.8626  0.5934  0.3772  0.4619  0.6067  0.6409  0.7041  0.7041  0.4810  0.5158  0.7131  0.2193  0.000040
epoch:579 0.5863  0.8626  0.5935  0.3725  0.4724  0.6243  0.6482  0.7120  0.7120  0.4940  0.5214  0.7313  0.2277  0.000040
epoch:580 0.6562  0.9386  0.6552  0.3225  0.4761  0.6870  0.6337  0.6972  0.6972  0.3571  0.5242  0.7123  0.2263  0.000040
epoch:581 0.5730  0.8549  0.5850  0.3272  0.4787  0.6029  0.6269  0.6888  0.6888  0.3476  0.5258  0.7079  0.2266  0.000040
epoch:582 0.5814  0.8550  0.6092  0.3249  0.4931  0.6108  0.6397  0.7035  0.7035  0.3619  0.5349  0.7170  0.2207  0.000040
epoch:583 0.5856  0.8617  0.5960  0.3946  0.4722  0.6130  0.6449  0.7083  0.7083  0.4988  0.5197  0.7199  0.2231  0.000040
epoch:584 0.5795  0.8558  0.6107  0.3226  0.4947  0.6097  0.6373  0.7001  0.7001  0.3571  0.5349  0.7179  0.2299  0.000040
epoch:585 0.5653  0.8550  0.5715  0.3322  0.4806  0.5835  0.6274  0.6902  0.6902  0.3488  0.5261  0.6981  0.2253  0.000040
epoch:586 0.5861  0.8626  0.5959  0.3710  0.4752  0.6100  0.6468  0.7096  0.7096  0.4905  0.5242  0.7175  0.2259  0.000040
epoch:587 0.5896  0.8624  0.6028  0.3788  0.4868  0.6165  0.6491  0.7131  0.7131  0.4988  0.5285  0.7239  0.2267  0.000040
epoch:588 0.5828  0.8629  0.6026  0.3924  0.4612  0.6197  0.6406  0.7047  0.7047  0.4952  0.5111  0.7250  0.2254  0.000040
epoch:589 0.5850  0.8624  0.6042  0.3748  0.4800  0.6073  0.6473  0.7101  0.7101  0.4952  0.5349  0.7151  0.2214  0.000040
epoch:590 0.5889  0.8619  0.6268  0.3859  0.4957  0.6131  0.6456  0.7084  0.7084  0.4905  0.5349  0.7223  0.2258  0.000040
epoch:591 0.5857  0.8621  0.5972  0.3702  0.4757  0.6103  0.6468  0.7102  0.7102  0.4952  0.5261  0.7175  0.2335  0.000040
epoch:592 0.5835  0.8627  0.6134  0.3682  0.4836  0.6051  0.6424  0.7049  0.7049  0.4857  0.5345  0.7104  0.2243  0.000040
epoch:593 0.5790  0.8610  0.5989  0.3571  0.4622  0.6126  0.6397  0.7025  0.7025  0.4810  0.5111  0.7189  0.2302  0.000040
epoch:594 0.5846  0.8619  0.5799  0.3911  0.4827  0.6104  0.6416  0.7062  0.7062  0.4952  0.5257  0.7181  0.2324  0.000040
epoch:595 0.6653  0.9398  0.6814  0.3251  0.4875  0.6907  0.6420  0.7042  0.7042  0.3440  0.5289  0.7170  0.2286  0.000040
epoch:596 0.5862  0.8563  0.5806  0.3384  0.4768  0.6155  0.6433  0.7077  0.7077  0.3524  0.5233  0.7246  0.2214  0.000040
epoch:597 0.5843  0.8620  0.5892  0.3734  0.4824  0.6129  0.6461  0.7083  0.7083  0.5190  0.5242  0.7191  0.2229  0.000040
epoch:598 0.5865  0.8628  0.6002  0.3743  0.4738  0.6149  0.6475  0.7097  0.7097  0.4940  0.5218  0.7220  0.2200  0.000040
epoch:599 0.5839  0.8639  0.6067  0.4121  0.4786  0.6103  0.6413  0.7044  0.7044  0.4988  0.5198  0.7165  0.2249  0.000040
epoch:600 0.5810  0.8566  0.6187  0.3357  0.4776  0.6123  0.6392  0.7033  0.7033  0.3524  0.5281  0.7234  0.2198  0.000040
epoch:601 0.5827  0.8620  0.6053  0.3816  0.4875  0.6077  0.6402  0.7034  0.7034  0.5060  0.5261  0.7147  0.2220  0.000040
epoch:602 0.5763  0.8621  0.5877  0.3752  0.4644  0.6068  0.6349  0.6984  0.6984  0.4726  0.5174  0.7168  0.2246  0.000040
epoch:603 0.5760  0.8614  0.5848  0.3957  0.4891  0.6023  0.6342  0.6992  0.6992  0.5000  0.5269  0.7150  0.2261  0.000040
epoch:604 0.5726  0.8620  0.5895  0.3592  0.4857  0.5987  0.6359  0.6991  0.6991  0.4810  0.5285  0.7092  0.2267  0.000040
epoch:605 0.5763  0.8557  0.5904  0.3280  0.4939  0.6041  0.6362  0.6993  0.6993  0.3571  0.5329  0.7126  0.2225  0.000040
epoch:606 0.5816  0.8627  0.5818  0.3840  0.4786  0.6115  0.6416  0.7038  0.7038  0.4857  0.5218  0.7170  0.2276  0.000040
epoch:607 0.5842  0.8614  0.6366  0.3722  0.4803  0.6154  0.6439  0.7080  0.7080  0.5000  0.5289  0.7218  0.2307  0.000040
epoch:608 0.5812  0.8617  0.5799  0.3841  0.4775  0.6134  0.6403  0.7041  0.7041  0.4869  0.5198  0.7189  0.2245  0.000040
epoch:609 0.5755  0.8620  0.5992  0.3970  0.4866  0.6066  0.6263  0.6900  0.6900  0.4810  0.5281  0.7067  0.2247  0.000040
epoch:610 0.5810  0.8620  0.5988  0.3842  0.4973  0.6004  0.6420  0.7048  0.7048  0.4893  0.5392  0.7107  0.2309  0.000040
epoch:611 0.5838  0.8634  0.5934  0.3885  0.4689  0.6105  0.6457  0.7092  0.7092  0.4905  0.5139  0.7186  0.2254  0.000040
epoch:612 0.5839  0.8565  0.5853  0.3273  0.4709  0.6089  0.6456  0.7078  0.7078  0.3476  0.5309  0.7198  0.2237  0.000040
epoch:613 0.5800  0.8619  0.5868  0.3841  0.4687  0.6138  0.6388  0.7019  0.7019  0.4869  0.5146  0.7194  0.2202  0.000040
epoch:614 0.5784  0.8552  0.5988  0.3312  0.4951  0.6039  0.6357  0.6997  0.6997  0.3405  0.5364  0.7128  0.2215  0.000040
epoch:615 0.5843  0.8625  0.6109  0.3670  0.4885  0.6153  0.6429  0.7073  0.7073  0.4905  0.5340  0.7202  0.2228  0.000040
epoch:616 0.5818  0.8621  0.6027  0.3946  0.4607  0.6124  0.6436  0.7070  0.7070  0.5238  0.5242  0.7223  0.2249  0.000040
epoch:617 0.5737  0.8570  0.5858  0.3315  0.4820  0.5932  0.6320  0.6945  0.6945  0.3476  0.5233  0.7046  0.2281  0.000040
epoch:618 0.5835  0.8630  0.6121  0.3741  0.4826  0.6117  0.6439  0.7077  0.7077  0.4952  0.5329  0.7178  0.2226  0.000040
epoch:619 0.5709  0.8558  0.5987  0.3132  0.4890  0.6041  0.6230  0.6862  0.6862  0.3476  0.5301  0.7035  0.2226  0.000040
epoch:620 0.5828  0.8615  0.5976  0.3703  0.4699  0.6155  0.6466  0.7101  0.7101  0.5238  0.5158  0.7231  0.2257  0.000040
epoch:621 0.5762  0.8550  0.5906  0.3366  0.4789  0.6019  0.6376  0.7004  0.7004  0.3524  0.5328  0.7152  0.2197  0.000040
epoch:622 0.5806  0.8637  0.6061  0.3974  0.4849  0.6028  0.6392  0.7035  0.7035  0.4940  0.5325  0.7099  0.2226  0.000040
epoch:623 0.5813  0.8622  0.5957  0.3670  0.4720  0.6200  0.6430  0.7068  0.7068  0.4905  0.5154  0.7266  0.2297  0.000040
epoch:624 0.5830  0.8559  0.6078  0.3196  0.4891  0.6142  0.6403  0.7037  0.7037  0.3524  0.5345  0.7192  0.2267  0.000040
epoch:625 0.5847  0.8557  0.5922  0.3374  0.4888  0.6157  0.6424  0.7059  0.7059  0.3524  0.5297  0.7236  0.2205  0.000040
epoch:626 0.5750  0.8558  0.6060  0.3405  0.4807  0.5990  0.6352  0.6992  0.6992  0.3571  0.5257  0.7094  0.2255  0.000040
epoch:627 0.5730  0.8549  0.5768  0.3473  0.4595  0.5968  0.6319  0.6960  0.6960  0.3619  0.5214  0.7049  0.2226  0.000040
epoch:628 0.5889  0.8624  0.6135  0.3988  0.4814  0.6112  0.6472  0.7109  0.7109  0.5238  0.5242  0.7183  0.2225  0.000040
epoch:629 0.5805  0.8549  0.5851  0.3226  0.4796  0.6145  0.6385  0.7019  0.7019  0.3571  0.5218  0.7199  0.2188  0.000040
epoch:630 0.5884  0.8636  0.6215  0.3974  0.4929  0.6144  0.6475  0.7110  0.7110  0.4940  0.5325  0.7223  0.2248  0.000040
epoch:631 0.5863  0.8622  0.6132  0.3768  0.4779  0.6110  0.6481  0.7119  0.7119  0.5238  0.5325  0.7183  0.2204  0.000040
epoch:632 0.6681  0.9469  0.7055  0.3922  0.4894  0.6940  0.6445  0.7073  0.7073  0.4905  0.5408  0.7163  0.2228  0.000040
epoch:633 0.5819  0.8620  0.5925  0.3571  0.4698  0.6099  0.6405  0.7036  0.7036  0.4810  0.5170  0.7157  0.2248  0.000040
epoch:634 0.5849  0.8622  0.6098  0.3748  0.4892  0.6147  0.6428  0.7069  0.7069  0.4952  0.5297  0.7205  0.2225  0.000040
epoch:635 0.5705  0.8559  0.5866  0.3132  0.4705  0.6067  0.6251  0.6874  0.6874  0.3476  0.5179  0.7059  0.2252  0.000040
epoch:636 0.6392  0.9385  0.6715  0.3334  0.4589  0.6738  0.6215  0.6840  0.6840  0.3524  0.5265  0.7012  0.2224  0.000040
epoch:637 0.5915  0.8620  0.6352  0.3891  0.5030  0.6164  0.6513  0.7151  0.7151  0.5321  0.5428  0.7239  0.2224  0.000040
epoch:638 0.5832  0.8623  0.6113  0.3623  0.4897  0.6134  0.6432  0.7064  0.7064  0.4857  0.5325  0.7184  0.2226  0.000040
epoch:639 0.5903  0.8621  0.6198  0.3774  0.4932  0.6178  0.6514  0.7146  0.7146  0.5238  0.5329  0.7252  0.2214  0.000040
epoch:640 0.5786  0.8622  0.5762  0.3869  0.4630  0.6156  0.6388  0.7019  0.7019  0.5107  0.5091  0.7223  0.2263  0.000040
epoch:641 0.5828  0.8618  0.5897  0.3813  0.4794  0.6127  0.6422  0.7060  0.7060  0.5286  0.5218  0.7184  0.2178  0.000040
epoch:642 0.6652  0.9392  0.6953  0.3132  0.4877  0.6920  0.6450  0.7066  0.7066  0.3476  0.5329  0.7170  0.2182  0.000040
epoch:643 0.5797  0.8617  0.6030  0.3576  0.4781  0.6122  0.6460  0.7079  0.7079  0.4810  0.5265  0.7220  0.2216  0.000040
epoch:644 0.5819  0.8631  0.5970  0.3875  0.4690  0.6180  0.6419  0.7060  0.7060  0.4857  0.5257  0.7231  0.2212  0.000040
epoch:645 0.5850  0.8617  0.6113  0.3627  0.4906  0.6151  0.6448  0.7086  0.7086  0.4821  0.5368  0.7207  0.2218  0.000040
epoch:646 0.5793  0.8611  0.6036  0.3892  0.4918  0.6088  0.6442  0.7067  0.7067  0.5190  0.5345  0.7237  0.2256  0.000040
epoch:647 0.5843  0.8631  0.6061  0.3975  0.4839  0.6113  0.6459  0.7084  0.7084  0.4810  0.5261  0.7241  0.2250  0.000040
epoch:648 0.5793  0.8623  0.6259  0.3662  0.4976  0.6032  0.6401  0.7023  0.7023  0.5060  0.5408  0.7086  0.2223  0.000040
epoch:649 0.5842  0.8623  0.6108  0.3561  0.4842  0.6143  0.6481  0.7103  0.7103  0.5060  0.5325  0.7220  0.2200  0.000040
epoch:650 0.5822  0.8612  0.5935  0.3886  0.4762  0.6047  0.6421  0.7043  0.7043  0.4940  0.5206  0.7128  0.2237  0.000040
epoch:651 0.5857  0.8630  0.6197  0.3594  0.4811  0.6171  0.6482  0.7114  0.7114  0.4810  0.5261  0.7246  0.2220  0.000040
epoch:652 0.5802  0.8626  0.5984  0.3639  0.4805  0.6092  0.6421  0.7053  0.7053  0.4857  0.5265  0.7165  0.2218  0.000040
epoch:653 0.5818  0.8635  0.6245  0.3983  0.4626  0.6153  0.6451  0.7074  0.7074  0.5143  0.5286  0.7202  0.2179  0.000040
epoch:654 0.5884  0.8626  0.6308  0.3781  0.4994  0.6145  0.6454  0.7092  0.7092  0.5238  0.5368  0.7192  0.2210  0.000040
epoch:655 0.5828  0.8611  0.6076  0.3670  0.4802  0.6160  0.6443  0.7078  0.7078  0.4905  0.5242  0.7247  0.2202  0.000040
epoch:656 0.5829  0.8618  0.5995  0.3623  0.4802  0.6162  0.6440  0.7071  0.7071  0.4857  0.5242  0.7210  0.2207  0.000040
epoch:657 0.5803  0.8618  0.6021  0.3745  0.4840  0.6140  0.6409  0.7037  0.7037  0.4774  0.5317  0.7244  0.2208  0.000040
epoch:658 0.5788  0.8622  0.6005  0.3657  0.4865  0.6080  0.6415  0.7046  0.7046  0.4905  0.5261  0.7157  0.2190  0.000040
epoch:659 0.5699  0.8551  0.5943  0.3274  0.4845  0.6002  0.6212  0.6846  0.6846  0.3440  0.5305  0.7030  0.2172  0.000040
epoch:660 0.5785  0.8557  0.5989  0.3269  0.4824  0.6095  0.6395  0.7023  0.7023  0.3571  0.5285  0.7160  0.2230  0.000040
epoch:661 0.5814  0.8616  0.5982  0.3557  0.4832  0.6132  0.6413  0.7047  0.7047  0.4774  0.5301  0.7189  0.2221  0.000040
epoch:662 0.5865  0.8626  0.6203  0.3993  0.4799  0.6163  0.6465  0.7099  0.7099  0.4821  0.5242  0.7239  0.2205  0.000040
epoch:663 0.5833  0.8620  0.6038  0.3535  0.4794  0.6167  0.6421  0.7049  0.7049  0.4774  0.5282  0.7192  0.2221  0.000040
epoch:664 0.5847  0.8629  0.6026  0.4008  0.4822  0.6129  0.6449  0.7074  0.7074  0.5202  0.5246  0.7186  0.2179  0.000040
epoch:665 0.5730  0.8562  0.5732  0.3344  0.4691  0.6014  0.6350  0.6972  0.6972  0.3524  0.5277  0.7155  0.2220  0.000040
epoch:666 0.5838  0.8622  0.6047  0.3571  0.4874  0.6150  0.6449  0.7074  0.7074  0.4810  0.5325  0.7202  0.2145  0.000040
epoch:667 0.5698  0.8556  0.5823  0.3273  0.4741  0.6004  0.6324  0.6943  0.6943  0.3476  0.5301  0.7124  0.2185  0.000040
epoch:668 0.5821  0.8631  0.6076  0.3802  0.4752  0.6154  0.6400  0.7038  0.7038  0.4821  0.5194  0.7202  0.2186  0.000040
epoch:669 0.5826  0.8624  0.6159  0.3556  0.4909  0.6082  0.6406  0.7038  0.7038  0.4774  0.5301  0.7133  0.2213  0.000040
epoch:670 0.5786  0.8560  0.6239  0.3203  0.4885  0.6038  0.6385  0.7004  0.7004  0.3393  0.5325  0.7112  0.2167  0.000040
epoch:671 0.5825  0.8624  0.6075  0.3594  0.4829  0.6061  0.6426  0.7048  0.7048  0.4810  0.5265  0.7115  0.2204  0.000040
epoch:672 0.5823  0.8623  0.6123  0.3702  0.4880  0.6126  0.6419  0.7060  0.7060  0.4952  0.5297  0.7194  0.2176  0.000040
epoch:673 0.5850  0.8633  0.6283  0.3830  0.4967  0.6135  0.6439  0.7077  0.7077  0.4905  0.5384  0.7194  0.2182  0.000040
epoch:674 0.5831  0.8629  0.5926  0.3680  0.4683  0.6168  0.6446  0.7089  0.7089  0.4869  0.5154  0.7244  0.2230  0.000040
epoch:675 0.5859  0.8622  0.6140  0.3687  0.4948  0.6146  0.6455  0.7090  0.7090  0.5190  0.5345  0.7202  0.2193  0.000040
epoch:676 0.5872  0.8627  0.6190  0.3848  0.4876  0.6149  0.6492  0.7111  0.7111  0.4845  0.5325  0.7228  0.2228  0.000040
epoch:677 0.5862  0.8618  0.6029  0.3671  0.4765  0.6192  0.6486  0.7120  0.7120  0.4905  0.5325  0.7286  0.2164  0.000040
epoch:678 0.5829  0.8620  0.5914  0.3670  0.4771  0.6129  0.6409  0.7047  0.7047  0.4905  0.5178  0.7178  0.2254  0.000040
epoch:679 0.5869  0.8631  0.6004  0.3883  0.4863  0.6180  0.6497  0.7127  0.7127  0.4857  0.5345  0.7291  0.2190  0.000040
epoch:680 0.5840  0.8620  0.6220  0.3829  0.4860  0.6147  0.6436  0.7065  0.7065  0.5226  0.5301  0.7218  0.2155  0.000040
epoch:681 0.5882  0.8621  0.6302  0.3680  0.4929  0.6206  0.6483  0.7124  0.7124  0.4952  0.5321  0.7299  0.2211  0.000040
epoch:682 0.5831  0.8623  0.6039  0.3877  0.4731  0.6175  0.6460  0.7085  0.7085  0.5274  0.5301  0.7229  0.2177  0.000040
epoch:683 0.5829  0.8615  0.6199  0.3578  0.4952  0.6125  0.6440  0.7072  0.7072  0.4810  0.5368  0.7221  0.2182  0.000040
epoch:684 0.5846  0.8627  0.6107  0.3558  0.4788  0.6182  0.6444  0.7082  0.7082  0.4774  0.5261  0.7234  0.2207  0.000040
epoch:685 0.5847  0.8623  0.6044  0.3655  0.4834  0.6151  0.6482  0.7107  0.7107  0.5107  0.5321  0.7228  0.2223  0.000040
epoch:686 0.5819  0.8621  0.6127  0.3551  0.4772  0.6136  0.6472  0.7094  0.7094  0.4726  0.5349  0.7249  0.2215  0.000040
epoch:687 0.5866  0.8625  0.5888  0.4031  0.4896  0.6089  0.6443  0.7083  0.7083  0.5083  0.5364  0.7165  0.2124  0.000040
epoch:688 0.5794  0.8629  0.5968  0.3671  0.4609  0.6061  0.6419  0.7057  0.7057  0.4905  0.5242  0.7131  0.2193  0.000040
epoch:689 0.5787  0.8633  0.5896  0.4134  0.4578  0.6064  0.6399  0.7034  0.7034  0.5107  0.5202  0.7136  0.2173  0.000040
epoch:690 0.5811  0.8623  0.6016  0.3760  0.4818  0.6197  0.6438  0.7067  0.7067  0.4964  0.5261  0.7250  0.2155  0.000040
epoch:691 0.5860  0.8623  0.6010  0.4300  0.4807  0.6169  0.6471  0.7106  0.7106  0.5274  0.5237  0.7252  0.2180  0.000040
epoch:692 0.5819  0.8626  0.6145  0.3590  0.4829  0.6122  0.6432  0.7057  0.7057  0.4810  0.5321  0.7173  0.2251  0.000040
epoch:693 0.5803  0.8613  0.5955  0.3688  0.4942  0.6064  0.6414  0.7036  0.7036  0.4762  0.5340  0.7141  0.2193  0.000040
epoch:694 0.5836  0.8500  0.5990  0.3663  0.4780  0.6165  0.6463  0.7101  0.7101  0.4905  0.5242  0.7268  0.2207  0.000040
epoch:695 0.5768  0.8614  0.5944  0.3545  0.4700  0.6120  0.6421  0.7053  0.7053  0.4810  0.5154  0.7242  0.2153  0.000040
epoch:696 0.5836  0.8625  0.5900  0.3941  0.4594  0.6141  0.6447  0.7072  0.7072  0.4774  0.5178  0.7212  0.2181  0.000040
epoch:697 0.5808  0.8618  0.6110  0.3853  0.4781  0.6126  0.6403  0.7034  0.7034  0.4905  0.5225  0.7187  0.2166  0.000040
epoch:698 0.5875  0.8631  0.6137  0.3920  0.4727  0.6200  0.6482  0.7117  0.7117  0.4857  0.5222  0.7257  0.2298  0.000040
epoch:699 0.5793  0.8616  0.5832  0.3639  0.4732  0.6107  0.6418  0.7047  0.7047  0.5060  0.5242  0.7178  0.2210  0.000040
epoch:700 0.5836  0.8628  0.6103  0.3558  0.4834  0.6148  0.6433  0.7065  0.7065  0.4810  0.5325  0.7184  0.2151  0.000040
epoch:701 0.5813  0.8633  0.5863  0.3793  0.4692  0.6151  0.6442  0.7071  0.7071  0.4810  0.5246  0.7202  0.2178  0.000040
epoch:702 0.5844  0.8618  0.6014  0.3661  0.4890  0.6106  0.6481  0.7113  0.7113  0.4893  0.5368  0.7196  0.2219  0.000040
epoch:703 0.5876  0.8623  0.6260  0.3713  0.5020  0.6127  0.6485  0.7122  0.7122  0.4905  0.5432  0.7210  0.2181  0.000040
epoch:704 0.5698  0.8562  0.5775  0.3284  0.4575  0.6071  0.6332  0.6966  0.6966  0.3357  0.5253  0.7143  0.2141  0.000040
epoch:705 0.5886  0.8622  0.6028  0.3669  0.4883  0.6148  0.6489  0.7114  0.7114  0.4857  0.5285  0.7223  0.2207  0.000040
epoch:706 0.5808  0.8616  0.5937  0.3780  0.4678  0.6127  0.6409  0.7050  0.7050  0.4988  0.5154  0.7181  0.2194  0.000040
epoch:707 0.5842  0.8619  0.6294  0.3623  0.4898  0.6253  0.6462  0.7099  0.7099  0.5060  0.5364  0.7308  0.2153  0.000040
epoch:708 0.5850  0.8629  0.5797  0.4101  0.4790  0.6108  0.6421  0.7062  0.7062  0.4905  0.5209  0.7191  0.2199  0.000040
epoch:709 0.5887  0.8624  0.6055  0.3725  0.4829  0.6174  0.6497  0.7134  0.7134  0.4905  0.5368  0.7244  0.2209  0.000040
epoch:710 0.5846  0.8624  0.6159  0.3748  0.4982  0.6105  0.6431  0.7072  0.7072  0.4952  0.5368  0.7165  0.2181  0.000040
epoch:711 0.5780  0.8619  0.5966  0.3526  0.4722  0.6111  0.6451  0.7076  0.7076  0.4774  0.5261  0.7246  0.2159  0.000040
epoch:712 0.5798  0.8638  0.6078  0.3906  0.4769  0.6014  0.6403  0.7041  0.7041  0.4905  0.5321  0.7110  0.2159  0.000040
epoch:713 0.5830  0.8637  0.5962  0.3949  0.4662  0.6037  0.6428  0.7069  0.7069  0.4774  0.5281  0.7143  0.2139  0.000040
epoch:714 0.5793  0.8630  0.5932  0.3695  0.4710  0.6099  0.6419  0.7048  0.7048  0.4940  0.5282  0.7160  0.2190  0.000040
epoch:715 0.5740  0.8634  0.5760  0.3765  0.4581  0.6016  0.6358  0.6999  0.6999  0.4738  0.5130  0.7120  0.2205  0.000040
epoch:716 0.5805  0.8627  0.6053  0.3757  0.4684  0.6181  0.6431  0.7063  0.7063  0.4774  0.5282  0.7247  0.2179  0.000040
epoch:717 0.5881  0.8628  0.5987  0.3967  0.4835  0.6173  0.6481  0.7112  0.7112  0.4952  0.5301  0.7236  0.2181  0.000040
epoch:718 0.5833  0.8625  0.5788  0.3901  0.4734  0.6140  0.6438  0.7079  0.7079  0.4952  0.5285  0.7189  0.2207  0.000040
epoch:719 0.5813  0.8626  0.6014  0.3879  0.4727  0.6122  0.6449  0.7090  0.7090  0.4905  0.5197  0.7210  0.2185  0.000040
epoch:720 0.5823  0.8626  0.6114  0.3574  0.4778  0.6050  0.6457  0.7082  0.7082  0.4821  0.5242  0.7159  0.2148  0.000040
epoch:721 0.5872  0.8637  0.6082  0.3734  0.4803  0.6223  0.6476  0.7126  0.7126  0.4726  0.5282  0.7293  0.2164  0.000040
epoch:722 0.5738  0.8622  0.5917  0.3487  0.4550  0.6054  0.6383  0.7012  0.7012  0.4774  0.5222  0.7113  0.2206  0.000040
epoch:723 0.5748  0.8631  0.5893  0.3809  0.4503  0.6122  0.6404  0.7048  0.7048  0.4821  0.5150  0.7236  0.2164  0.000040
epoch:724 0.5779  0.8619  0.5825  0.3485  0.4668  0.6153  0.6409  0.7041  0.7041  0.4762  0.5237  0.7181  0.2185  0.000040
epoch:725 0.5700  0.8623  0.5716  0.3651  0.4771  0.5995  0.6347  0.6982  0.6982  0.5107  0.5261  0.7081  0.2168  0.000040
epoch:726 0.5836  0.8627  0.6061  0.4085  0.4729  0.6111  0.6452  0.7093  0.7093  0.4940  0.5197  0.7201  0.2178  0.000040
epoch:727 0.5843  0.8628  0.6094  0.3620  0.4600  0.6232  0.6480  0.7124  0.7124  0.4821  0.5285  0.7299  0.2174  0.000040
epoch:728 0.5839  0.8629  0.5967  0.4177  0.4801  0.6085  0.6483  0.7105  0.7105  0.5190  0.5349  0.7183  0.2131  0.000040
epoch:729 0.5828  0.8633  0.6005  0.3811  0.4757  0.6142  0.6485  0.7116  0.7116  0.4821  0.5368  0.7220  0.2135  0.000040
epoch:730 0.5785  0.8613  0.5936  0.4081  0.4851  0.6095  0.6309  0.6953  0.6953  0.4905  0.5324  0.7133  0.2164  0.000040
epoch:731 0.5829  0.8616  0.5836  0.4020  0.4795  0.6135  0.6473  0.7108  0.7108  0.4905  0.5325  0.7262  0.2148  0.000040
epoch:732 0.5838  0.8623  0.5974  0.3625  0.4765  0.6150  0.6470  0.7107  0.7107  0.4857  0.5197  0.7241  0.2231  0.000040
epoch:733 0.5727  0.8555  0.5861  0.3390  0.4813  0.6037  0.6335  0.6988  0.6988  0.3714  0.5340  0.7123  0.2142  0.000040
epoch:734 0.5902  0.8639  0.6295  0.3994  0.4926  0.6219  0.6499  0.7134  0.7134  0.4988  0.5301  0.7297  0.2153  0.000040
epoch:735 0.5815  0.8615  0.6029  0.3733  0.4792  0.6168  0.6409  0.7041  0.7041  0.4821  0.5198  0.7234  0.2181  0.000040
epoch:736 0.5743  0.8632  0.5790  0.3590  0.4492  0.6129  0.6411  0.7040  0.7040  0.5060  0.5134  0.7186  0.2170  0.000040
epoch:737 0.5811  0.8630  0.5948  0.3579  0.4647  0.6144  0.6418  0.7062  0.7062  0.4821  0.5217  0.7200  0.2187  0.000040
epoch:738 0.5878  0.8633  0.6109  0.3967  0.4855  0.6170  0.6487  0.7128  0.7128  0.4905  0.5345  0.7249  0.2170  0.000040
epoch:739 0.5815  0.8633  0.6097  0.3689  0.4838  0.6129  0.6418  0.7059  0.7059  0.4738  0.5345  0.7186  0.2177  0.000040
epoch:740 0.5829  0.8624  0.5994  0.3608  0.4723  0.6151  0.6456  0.7096  0.7096  0.4905  0.5325  0.7218  0.2132  0.000040
epoch:741 0.5817  0.8622  0.6106  0.3687  0.4727  0.6128  0.6424  0.7062  0.7062  0.4952  0.5222  0.7186  0.2158  0.000040
epoch:742 0.5812  0.8630  0.5956  0.3529  0.4711  0.6148  0.6448  0.7086  0.7086  0.4738  0.5261  0.7225  0.2144  0.000040
epoch:743 0.5793  0.8617  0.5887  0.3899  0.4730  0.6123  0.6476  0.7101  0.7101  0.4905  0.5325  0.7249  0.2153  0.000040
epoch:744 0.5745  0.8617  0.5880  0.3875  0.4827  0.6025  0.6321  0.6956  0.6956  0.4857  0.5392  0.7051  0.2160  0.000040
epoch:745 0.5873  0.8500  0.6068  0.3483  0.4869  0.6189  0.6452  0.7090  0.7090  0.4738  0.5321  0.7233  0.2160  0.000040
epoch:746 0.5825  0.8502  0.6056  0.3645  0.4603  0.6226  0.6487  0.7119  0.7119  0.4893  0.5218  0.7304  0.2180  0.000040
epoch:747 0.5837  0.8626  0.5995  0.3580  0.4857  0.6161  0.6448  0.7086  0.7086  0.4821  0.5277  0.7236  0.2179  0.000040
epoch:748 0.5794  0.8627  0.6033  0.3556  0.4723  0.6170  0.6424  0.7059  0.7059  0.4774  0.5325  0.7231  0.2133  0.000040
epoch:749 0.5784  0.8621  0.6165  0.3584  0.4669  0.6112  0.6446  0.7078  0.7078  0.4810  0.5285  0.7197  0.2123  0.000040
epoch:750 0.5793  0.8613  0.6101  0.3556  0.4612  0.6171  0.6460  0.7095  0.7095  0.4774  0.5237  0.7291  0.2132  0.000040
epoch:751 0.5835  0.8625  0.6147  0.3524  0.4875  0.6137  0.6453  0.7072  0.7072  0.4774  0.5329  0.7191  0.2136  0.000040
epoch:752 0.5779  0.8550  0.5939  0.3175  0.4650  0.6147  0.6411  0.7052  0.7052  0.3536  0.5202  0.7223  0.2182  0.000040
epoch:753 0.5837  0.8627  0.5995  0.3745  0.4720  0.6164  0.6429  0.7067  0.7067  0.4905  0.5194  0.7223  0.2141  0.000040
epoch:754 0.5811  0.8493  0.6061  0.3748  0.4623  0.6152  0.6485  0.7117  0.7117  0.5143  0.5301  0.7238  0.2155  0.000040
epoch:755 0.5797  0.8612  0.5963  0.3610  0.4722  0.6150  0.6467  0.7098  0.7098  0.4857  0.5301  0.7268  0.2189  0.000040
epoch:756 0.5763  0.8616  0.5967  0.3593  0.4793  0.6159  0.6410  0.7047  0.7047  0.4821  0.5321  0.7247  0.2124  0.000040
epoch:757 0.5847  0.8623  0.6032  0.3599  0.4862  0.6139  0.6460  0.7082  0.7082  0.4774  0.5301  0.7217  0.2141  0.000040
epoch:758 0.5896  0.8634  0.6146  0.4004  0.4872  0.6150  0.6481  0.7115  0.7115  0.4988  0.5364  0.7201  0.2162  0.000040
epoch:759 0.5787  0.8617  0.6294  0.3646  0.4695  0.6169  0.6439  0.7074  0.7074  0.5060  0.5321  0.7252  0.2114  0.000040
epoch:760 0.5808  0.8639  0.6182  0.3696  0.4638  0.6243  0.6470  0.7086  0.7086  0.4726  0.5258  0.7291  0.2167  0.000040
epoch:761 0.5806  0.8500  0.5970  0.3574  0.4514  0.6195  0.6449  0.7081  0.7081  0.4821  0.5174  0.7244  0.2104  0.000040
epoch:762 0.5845  0.8626  0.5938  0.3938  0.4660  0.6202  0.6491  0.7129  0.7129  0.4988  0.5182  0.7289  0.2121  0.000040
epoch:763 0.5824  0.8622  0.6106  0.3877  0.4736  0.6146  0.6485  0.7113  0.7113  0.4905  0.5325  0.7270  0.2112  0.000040
epoch:764 0.5828  0.8623  0.6051  0.3757  0.4780  0.6151  0.6468  0.7103  0.7103  0.4774  0.5368  0.7210  0.2087  0.000040
epoch:765 0.5866  0.8632  0.6280  0.3757  0.4995  0.6168  0.6474  0.7112  0.7112  0.4774  0.5424  0.7236  0.2157  0.000040
epoch:766 0.5791  0.8634  0.5889  0.3529  0.4771  0.6106  0.6415  0.7037  0.7037  0.4774  0.5242  0.7170  0.2167  0.000040
epoch:767 0.5835  0.8627  0.6126  0.3665  0.4759  0.6209  0.6483  0.7120  0.7120  0.4857  0.5345  0.7286  0.2175  0.000040
epoch:768 0.5788  0.8630  0.5987  0.3704  0.4653  0.6109  0.6367  0.7005  0.7005  0.4774  0.5221  0.7137  0.2122  0.000040
epoch:769 0.5814  0.8626  0.6101  0.3661  0.4917  0.6054  0.6425  0.7059  0.7059  0.4869  0.5380  0.7156  0.2181  0.000040
epoch:770 0.5814  0.8616  0.5922  0.3716  0.4536  0.6189  0.6480  0.7115  0.7115  0.4905  0.5139  0.7273  0.2152  0.000040
epoch:771 0.5816  0.8633  0.5941  0.3926  0.4779  0.6096  0.6428  0.7063  0.7063  0.4774  0.5321  0.7175  0.2138  0.000040
epoch:772 0.5791  0.8620  0.6117  0.3741  0.4618  0.6189  0.6412  0.7046  0.7046  0.4774  0.5241  0.7277  0.2093  0.000040
epoch:773 0.5838  0.8630  0.6221  0.3574  0.4824  0.6170  0.6448  0.7085  0.7085  0.4821  0.5408  0.7205  0.2096  0.000040
epoch:774 0.5834  0.8629  0.6086  0.3612  0.4660  0.6174  0.6477  0.7115  0.7115  0.4857  0.5301  0.7246  0.2124  0.000040
epoch:775 0.5778  0.8621  0.5962  0.3465  0.4694  0.6185  0.6441  0.7070  0.7070  0.4679  0.5301  0.7266  0.2182  0.000040
epoch:776 0.5765  0.8627  0.6076  0.3650  0.4813  0.6068  0.6369  0.7009  0.7009  0.4833  0.5325  0.7131  0.2137  0.000040
epoch:777 0.5833  0.8485  0.6225  0.3535  0.4803  0.6204  0.6487  0.7119  0.7119  0.4774  0.5408  0.7281  0.2113  0.000040
epoch:778 0.5862  0.8632  0.5860  0.3954  0.4697  0.6167  0.6484  0.7119  0.7119  0.4988  0.5265  0.7220  0.2084  0.000040
epoch:779 0.5807  0.8622  0.5859  0.3514  0.4761  0.6185  0.6435  0.7070  0.7070  0.4690  0.5265  0.7226  0.2159  0.000040
epoch:780 0.5759  0.8629  0.5998  0.3929  0.4804  0.6010  0.6358  0.7002  0.7002  0.5202  0.5364  0.7089  0.2085  0.000040
epoch:781 0.5847  0.8623  0.6078  0.3537  0.4802  0.6204  0.6459  0.7094  0.7094  0.4738  0.5373  0.7260  0.2135  0.000040
epoch:782 0.5824  0.8549  0.5969  0.3304  0.4796  0.6177  0.6461  0.7093  0.7093  0.3512  0.5368  0.7310  0.2188  0.000040
epoch:783 0.5838  0.8628  0.6225  0.3579  0.5041  0.6123  0.6435  0.7070  0.7070  0.4810  0.5404  0.7181  0.2175  0.000040
epoch:784 0.5861  0.8625  0.6119  0.3877  0.4818  0.6111  0.6510  0.7148  0.7148  0.5274  0.5408  0.7191  0.2141  0.000040
epoch:785 0.5801  0.8629  0.5892  0.3664  0.4694  0.6156  0.6468  0.7100  0.7100  0.4726  0.5301  0.7236  0.2134  0.000040
epoch:786 0.5840  0.8494  0.6095  0.3616  0.4716  0.6197  0.6486  0.7120  0.7120  0.4857  0.5277  0.7272  0.2157  0.000040
epoch:787 0.5801  0.8632  0.5860  0.3715  0.4708  0.6126  0.6460  0.7095  0.7095  0.4690  0.5325  0.7228  0.2142  0.000040
epoch:788 0.5858  0.8627  0.6254  0.3745  0.4866  0.6122  0.6444  0.7091  0.7091  0.4917  0.5452  0.7181  0.2133  0.000040
epoch:789 0.5818  0.8627  0.5885  0.3648  0.4697  0.6152  0.6464  0.7099  0.7099  0.4905  0.5277  0.7228  0.2152  0.000040
epoch:790 0.5788  0.8628  0.6000  0.3663  0.4620  0.6078  0.6408  0.7046  0.7046  0.4905  0.5237  0.7131  0.2134  0.000040
epoch:791 0.5821  0.8624  0.6019  0.3711  0.4871  0.6161  0.6463  0.7095  0.7095  0.4726  0.5380  0.7233  0.2092  0.000040
epoch:792 0.5775  0.8628  0.6240  0.3575  0.4687  0.6045  0.6430  0.7062  0.7062  0.4774  0.5325  0.7155  0.2124  0.000040
epoch:793 0.6665  0.9457  0.6965  0.3532  0.4864  0.6966  0.6451  0.7082  0.7082  0.4810  0.5428  0.7186  0.2091  0.000040
epoch:794 0.6659  0.9464  0.6811  0.3883  0.4751  0.6990  0.6463  0.7095  0.7095  0.4857  0.5341  0.7220  0.2146  0.000040
epoch:795 0.5729  0.8558  0.5951  0.3192  0.4711  0.6094  0.6352  0.6981  0.6981  0.3476  0.5301  0.7150  0.2239  0.000040
epoch:796 0.5850  0.8626  0.6181  0.3521  0.4741  0.6192  0.6474  0.7112  0.7112  0.4774  0.5345  0.7244  0.2108  0.000040
epoch:797 0.5842  0.8632  0.6105  0.3879  0.4665  0.6162  0.6484  0.7125  0.7125  0.4905  0.5305  0.7239  0.2111  0.000040
epoch:798 0.5834  0.8632  0.6129  0.3955  0.4589  0.6188  0.6450  0.7085  0.7085  0.4774  0.5237  0.7236  0.2094  0.000040
epoch:799 0.5752  0.8556  0.5929  0.3349  0.4828  0.5928  0.6353  0.6991  0.6991  0.3571  0.5368  0.7057  0.2152  0.000040
epoch:800 0.5822  0.8628  0.5994  0.3533  0.4758  0.6166  0.6477  0.7100  0.7100  0.4762  0.5258  0.7252  0.2102  0.000040
