epoch:0 0.0902  0.1595  0.0866  0.0440  0.1786  0.0665  0.1211  0.1481  0.1869  0.1250  0.3143  0.1472  2.1899  0.004000
epoch:1 0.3537  0.6611  0.2715  0.2503  0.3326  0.3417  0.3126  0.4293  0.4366  0.3650  0.3571  0.4148  1.3174  0.004000
epoch:2 0.4187  0.7221  0.3262  0.3236  0.3385  0.4072  0.3607  0.4882  0.4933  0.4933  0.3643  0.4769  0.8497  0.004000
epoch:3 0.5008  0.7590  0.6511  0.3626  0.3308  0.5410  0.4085  0.5424  0.5424  0.4950  0.3762  0.5587  0.6560  0.004000
epoch:4 0.5360  0.7793  0.7182  0.4610  0.3800  0.5672  0.4413  0.5494  0.5494  0.4967  0.3929  0.5742  0.5689  0.004000
epoch:5 0.5406  0.8727  0.6663  0.4886  0.3891  0.5803  0.4534  0.5632  0.5632  0.5300  0.4226  0.5894  0.4907  0.004000
epoch:6 0.5545  0.8852  0.6842  0.4648  0.4426  0.5869  0.4663  0.5810  0.5810  0.5433  0.4774  0.5982  0.4604  0.004000
epoch:7 0.6121  0.9731  0.6943  0.4454  0.5584  0.6411  0.5302  0.6466  0.6466  0.5033  0.6107  0.6611  0.4256  0.004000
epoch:8 0.6118  0.9753  0.6881  0.4396  0.5508  0.6472  0.5338  0.6473  0.6473  0.5167  0.5964  0.6651  0.3970  0.004000
epoch:9 0.6241  0.9738  0.7131  0.4807  0.5320  0.6614  0.5375  0.6572  0.6572  0.5433  0.5738  0.6816  0.3667  0.004000
epoch:10 0.6169  0.9735  0.7499  0.4852  0.5782  0.6383  0.5276  0.6415  0.6415  0.5500  0.6107  0.6529  0.3610  0.004000
epoch:11 0.5965  0.9697  0.5933  0.3883  0.6004  0.6089  0.5125  0.6316  0.6316  0.5017  0.6310  0.6237  0.3619  0.004000
epoch:12 0.6713  0.9735  0.7276  0.4512  0.5946  0.7196  0.5837  0.7020  0.7020  0.5333  0.6429  0.7279  0.3417  0.004000
epoch:13 0.6256  0.9655  0.6673  0.4246  0.6074  0.6996  0.5486  0.6665  0.6665  0.5383  0.6190  0.7114  0.3153  0.004000
epoch:14 0.6658  0.9749  0.8110  0.4539  0.6083  0.7291  0.5763  0.7014  0.7014  0.5317  0.6643  0.7427  0.2923  0.004000
epoch:15 0.6652  0.9692  0.7445  0.4391  0.6495  0.7062  0.5777  0.7002  0.7002  0.5117  0.6917  0.7160  0.2963  0.004000
epoch:16 0.6852  0.9693  0.7507  0.4707  0.6484  0.7274  0.5880  0.7148  0.7148  0.5583  0.6726  0.7385  0.2555  0.000400
epoch:17 0.7062  0.9748  0.8111  0.4639  0.6449  0.7708  0.6083  0.7326  0.7326  0.5283  0.6786  0.7792  0.2403  0.000400
epoch:18 0.7011  0.9751  0.7999  0.4500  0.6366  0.7645  0.6081  0.7323  0.7323  0.5317  0.6786  0.7730  0.2309  0.000400
epoch:19 0.6886  0.9708  0.7837  0.4941  0.6507  0.7394  0.5989  0.7249  0.7249  0.5600  0.7000  0.7510  0.2327  0.000400
epoch:20 0.6938  0.9751  0.7756  0.4500  0.6364  0.7662  0.6034  0.7272  0.7272  0.5267  0.6679  0.7776  0.2316  0.000400
epoch:21 0.6959  0.9695  0.8154  0.4378  0.6472  0.7703  0.6114  0.7331  0.7331  0.5283  0.6929  0.7789  0.2306  0.000400
epoch:22 0.7058  0.9737  0.8070  0.4456  0.6470  0.7736  0.6137  0.7388  0.7388  0.5333  0.6821  0.7863  0.2255  0.000040
epoch:23 0.6681  0.9749  0.7875  0.4899  0.6349  0.7024  0.5862  0.7028  0.7028  0.5567  0.6821  0.7235  0.2259  0.000040
epoch:24 0.6997  0.9752  0.8422  0.4745  0.6464  0.7552  0.6036  0.7296  0.7296  0.5517  0.6952  0.7632  0.2245  0.000040
epoch:25 0.6970  0.9734  0.7989  0.4398  0.6369  0.7661  0.6059  0.7293  0.7293  0.5267  0.6738  0.7764  0.2256  0.000040
epoch:26 0.6954  0.9734  0.8113  0.4358  0.6407  0.7624  0.6072  0.7323  0.7323  0.5317  0.6786  0.7760  0.2192  0.000040
epoch:27 0.6901  0.9751  0.7882  0.4902  0.6594  0.7206  0.5984  0.7210  0.7210  0.5650  0.6893  0.7376  0.2277  0.000040
epoch:28 0.6973  0.9751  0.8056  0.4511  0.6441  0.7616  0.6039  0.7282  0.7282  0.5317  0.6738  0.7727  0.2264  0.000040
epoch:29 0.7026  0.9752  0.8376  0.4688  0.6479  0.7590  0.6072  0.7319  0.7319  0.5467  0.6869  0.7714  0.2232  0.000040
epoch:30 0.7021  0.9752  0.8062  0.4715  0.6375  0.7664  0.6078  0.7304  0.7304  0.5417  0.6714  0.7758  0.2187  0.000040
epoch:31 0.7025  0.9753  0.8251  0.4611  0.6458  0.7595  0.6068  0.7319  0.7319  0.5417  0.6869  0.7697  0.2213  0.000040
epoch:32 0.6891  0.9750  0.7891  0.4717  0.6466  0.7369  0.5950  0.7214  0.7214  0.5467  0.6893  0.7493  0.2267  0.000040
epoch:33 0.7014  0.9752  0.8180  0.4506  0.6519  0.7660  0.6068  0.7306  0.7306  0.5283  0.6845  0.7764  0.2232  0.000040
epoch:34 0.6970  0.9752  0.8405  0.4522  0.6571  0.7555  0.6030  0.7277  0.7277  0.5367  0.6869  0.7681  0.2205  0.000040
epoch:35 0.7059  0.9752  0.8386  0.4554  0.6576  0.7684  0.6103  0.7350  0.7350  0.5317  0.6893  0.7784  0.2177  0.000040
epoch:36 0.6978  0.9752  0.7886  0.4580  0.6405  0.7468  0.6019  0.7270  0.7270  0.5417  0.6869  0.7572  0.2235  0.000040
epoch:37 0.7088  0.9754  0.8279  0.4742  0.6432  0.7743  0.6132  0.7370  0.7370  0.5467  0.6774  0.7829  0.2156  0.000040
epoch:38 0.7009  0.9752  0.8372  0.4523  0.6571  0.7626  0.6063  0.7306  0.7306  0.5283  0.6893  0.7739  0.2197  0.000040
epoch:39 0.7010  0.9749  0.8154  0.4855  0.6468  0.7641  0.6086  0.7316  0.7316  0.5567  0.6786  0.7739  0.2200  0.000040
epoch:40 0.6760  0.9711  0.7841  0.4947  0.6520  0.7214  0.5917  0.7147  0.7147  0.5650  0.6929  0.7387  0.2190  0.000040
epoch:41 0.6990  0.9753  0.8065  0.4629  0.6378  0.7677  0.6038  0.7281  0.7281  0.5433  0.6714  0.7763  0.2248  0.000040
epoch:42 0.6883  0.9748  0.7810  0.4492  0.6577  0.7246  0.5963  0.7206  0.7206  0.5400  0.6893  0.7402  0.2211  0.000040
epoch:43 0.6915  0.9749  0.8251  0.4822  0.6484  0.7432  0.6005  0.7239  0.7239  0.5583  0.6845  0.7565  0.2182  0.000040
epoch:44 0.6951  0.9752  0.7894  0.4447  0.6401  0.7661  0.6037  0.7300  0.7300  0.5317  0.6750  0.7765  0.2159  0.000040
epoch:45 0.7063  0.9736  0.8267  0.4525  0.6482  0.7729  0.6174  0.7366  0.7366  0.5367  0.6798  0.7829  0.2218  0.000040
epoch:46 0.7066  0.9753  0.8277  0.4596  0.6521  0.7729  0.6123  0.7366  0.7366  0.5317  0.6821  0.7829  0.2166  0.000040
epoch:47 0.6771  0.9749  0.7699  0.4504  0.6485  0.7121  0.5878  0.7091  0.7091  0.5317  0.6810  0.7310  0.2172  0.000040
epoch:48 0.7062  0.9752  0.8371  0.4621  0.6558  0.7706  0.6123  0.7370  0.7370  0.5350  0.6869  0.7809  0.2191  0.000040
epoch:49 0.6968  0.9751  0.7895  0.4761  0.6526  0.7373  0.6003  0.7254  0.7254  0.5500  0.6893  0.7502  0.2169  0.000040
epoch:50 0.6928  0.9749  0.7815  0.4578  0.6509  0.7359  0.6003  0.7250  0.7250  0.5417  0.6845  0.7534  0.2174  0.000040
