epoch:0 0.0221  0.1373  0.0000  0.3000  0.1000  0.0250  0.0000  0.0583  0.0583  0.3000  0.1000  0.0250  1.5843  0.004000
epoch:1 0.2095  0.3606  0.2921  0.5000  0.6000  0.1500  0.1500  0.2417  0.2417  0.5000  0.6000  0.1500  0.8729  0.004000
epoch:2 0.2081  0.3606  0.2781  0.5000  0.6000  0.1500  0.1500  0.2417  0.2417  0.5000  0.6000  0.1500  0.6560  0.004000
epoch:3 0.2345  0.3606  0.2921  0.5000  0.6000  0.1750  0.1750  0.2667  0.2667  0.5000  0.6000  0.1750  0.5438  0.004000
epoch:4 0.1345  0.3606  0.0000  0.5000  0.4000  0.1250  0.0500  0.2000  0.2000  0.5000  0.4000  0.1250  0.4645  0.004000
epoch:5 0.2205  0.3606  0.3606  0.6000  0.7000  0.1500  0.1500  0.2583  0.2583  0.6000  0.7000  0.1500  0.4176  0.004000
epoch:6 0.2829  0.4158  0.4158  0.6000  0.7000  0.1750  0.2333  0.2833  0.2833  0.6000  0.7000  0.1750  0.3772  0.004000
epoch:7 0.2331  0.3606  0.2781  0.6000  0.5000  0.1750  0.1750  0.2667  0.2667  0.6000  0.5000  0.1750  0.3492  0.004000
epoch:8 0.2331  0.3606  0.2781  0.6000  0.5000  0.1750  0.1750  0.2667  0.2667  0.6000  0.5000  0.1750  0.3265  0.004000
epoch:9 0.2455  0.3606  0.3606  0.6000  0.7000  0.1750  0.1750  0.2833  0.2833  0.6000  0.7000  0.1750  0.3088  0.004000
epoch:10 0.2916  0.6386  0.3886  0.6000  0.7000  0.2000  0.2583  0.3083  0.3083  0.6000  0.7000  0.2000  0.2960  0.004000
epoch:11 0.2611  0.3886  0.3342  0.5000  0.7000  0.1750  0.2333  0.2750  0.2750  0.5000  0.7000  0.1750  0.2822  0.004000
epoch:12 0.2455  0.3606  0.3606  0.6000  0.7000  0.1750  0.1750  0.2833  0.2833  0.6000  0.7000  0.1750  0.2694  0.004000
epoch:13 0.2205  0.3606  0.3606  0.6000  0.7000  0.1500  0.1500  0.2583  0.2583  0.6000  0.7000  0.1500  0.2551  0.004000
epoch:14 0.2955  0.6106  0.3606  0.6000  0.7000  0.2250  0.2250  0.3333  0.3333  0.6000  0.7000  0.2250  0.2499  0.004000
epoch:15 0.2205  0.3606  0.3606  0.6000  0.7000  0.1500  0.1500  0.2583  0.2583  0.6000  0.7000  0.1500  0.2395  0.004000
epoch:16 0.2455  0.3606  0.3606  0.6000  0.7000  0.1750  0.1750  0.2833  0.2833  0.6000  0.7000  0.1750  0.2076  0.000400
epoch:17 0.2455  0.3606  0.3606  0.6000  0.7000  0.1750  0.1750  0.2833  0.2833  0.6000  0.7000  0.1750  0.1935  0.000400
epoch:18 0.2666  0.3886  0.3886  0.6000  0.7000  0.1750  0.2333  0.2833  0.2833  0.6000  0.7000  0.1750  0.1895  0.000400
epoch:19 0.2455  0.3606  0.3606  0.6000  0.7000  0.1750  0.1750  0.2833  0.2833  0.6000  0.7000  0.1750  0.1859  0.000400
epoch:20 0.3637  0.6106  0.2921  0.5000  0.7000  0.3000  0.3000  0.4000  0.4000  0.5000  0.7000  0.3000  0.1840  0.000400
epoch:21 0.2455  0.3606  0.3606  0.6000  0.7000  0.1750  0.1750  0.2833  0.2833  0.6000  0.7000  0.1750  0.1822  0.000400
epoch:22 0.2455  0.3606  0.3606  0.6000  0.7000  0.1750  0.1750  0.2833  0.2833  0.6000  0.7000  0.1750  0.1790  0.000040
epoch:23 0.2455  0.3606  0.3606  0.6000  0.7000  0.1750  0.1750  0.2833  0.2833  0.6000  0.7000  0.1750  0.1763  0.000040
epoch:24 0.2455  0.3606  0.3606  0.6000  0.7000  0.1750  0.1750  0.2833  0.2833  0.6000  0.7000  0.1750  0.1769  0.000040
epoch:25 0.2387  0.3606  0.2921  0.5000  0.7000  0.1750  0.1750  0.2750  0.2750  0.5000  0.7000  0.1750  0.1758  0.000040
epoch:26 0.2387  0.3606  0.2921  0.5000  0.7000  0.1750  0.1750  0.2750  0.2750  0.5000  0.7000  0.1750  0.1750  0.000040
epoch:27 0.2387  0.3606  0.2921  0.5000  0.7000  0.1750  0.1750  0.2750  0.2750  0.5000  0.7000  0.1750  0.1768  0.000040
epoch:28 0.2387  0.3606  0.2921  0.5000  0.7000  0.1750  0.1750  0.2750  0.2750  0.5000  0.7000  0.1750  0.1734  0.000040
epoch:29 0.3748  0.6106  0.3606  0.6000  0.8000  0.3000  0.3000  0.4167  0.4167  0.6000  0.8000  0.3000  0.1750  0.000040
epoch:30 0.2455  0.3606  0.3606  0.6000  0.7000  0.1750  0.1750  0.2833  0.2833  0.6000  0.7000  0.1750  0.1755  0.000040
epoch:31 0.2455  0.3606  0.3606  0.6000  0.7000  0.1750  0.1750  0.2833  0.2833  0.6000  0.7000  0.1750  0.1733  0.000040
epoch:32 0.2637  0.3606  0.2921  0.5000  0.7000  0.2000  0.2000  0.3000  0.3000  0.5000  0.7000  0.2000  0.1747  0.000040
epoch:33 0.2387  0.3606  0.2921  0.5000  0.7000  0.1750  0.1750  0.2750  0.2750  0.5000  0.7000  0.1750  0.1742  0.000040
epoch:34 0.2455  0.3606  0.3606  0.6000  0.7000  0.1750  0.1750  0.2833  0.2833  0.6000  0.7000  0.1750  0.1741  0.000040
epoch:35 0.2387  0.3606  0.2921  0.5000  0.7000  0.1750  0.1750  0.2750  0.2750  0.5000  0.7000  0.1750  0.1744  0.000040
epoch:36 0.2387  0.3606  0.2921  0.5000  0.7000  0.1750  0.1750  0.2750  0.2750  0.5000  0.7000  0.1750  0.1756  0.000040
epoch:37 0.2387  0.3606  0.2921  0.5000  0.7000  0.1750  0.1750  0.2750  0.2750  0.5000  0.7000  0.1750  0.1742  0.000040
epoch:38 0.2387  0.3606  0.2921  0.5000  0.7000  0.1750  0.1750  0.2750  0.2750  0.5000  0.7000  0.1750  0.1718  0.000040
epoch:39 0.2637  0.3606  0.2921  0.5000  0.7000  0.2000  0.2000  0.3000  0.3000  0.5000  0.7000  0.2000  0.1718  0.000040
epoch:40 0.2387  0.3606  0.2921  0.5000  0.7000  0.1750  0.1750  0.2750  0.2750  0.5000  0.7000  0.1750  0.1736  0.000040
epoch:41 0.2637  0.3606  0.2921  0.5000  0.7000  0.2000  0.2000  0.3000  0.3000  0.5000  0.7000  0.2000  0.1729  0.000040
epoch:42 0.2748  0.3606  0.3606  0.6000  0.8000  0.2000  0.2000  0.3167  0.3167  0.6000  0.8000  0.2000  0.1713  0.000040
epoch:43 0.2455  0.3606  0.3606  0.6000  0.7000  0.1750  0.1750  0.2833  0.2833  0.6000  0.7000  0.1750  0.1726  0.000040
epoch:44 0.2137  0.3606  0.2921  0.5000  0.7000  0.1500  0.1500  0.2500  0.2500  0.5000  0.7000  0.1500  0.1725  0.000040
epoch:45 0.2679  0.3606  0.2921  0.5000  0.8000  0.2000  0.2000  0.3083  0.3083  0.5000  0.8000  0.2000  0.1739  0.000040
epoch:46 0.2387  0.3606  0.2921  0.5000  0.7000  0.1750  0.1750  0.2750  0.2750  0.5000  0.7000  0.1750  0.1703  0.000040
epoch:47 0.2429  0.3606  0.2921  0.5000  0.8000  0.1750  0.1750  0.2833  0.2833  0.5000  0.8000  0.1750  0.1719  0.000040
epoch:48 0.2387  0.3606  0.2921  0.5000  0.7000  0.1750  0.1750  0.2750  0.2750  0.5000  0.7000  0.1750  0.1719  0.000040
epoch:49 0.1955  0.3606  0.1106  0.6000  0.7000  0.1250  0.1250  0.2333  0.2333  0.6000  0.7000  0.1250  0.1712  0.000040
epoch:50 0.2455  0.3606  0.3606  0.6000  0.7000  0.1750  0.1750  0.2833  0.2833  0.6000  0.7000  0.1750  0.1710  0.000040
epoch:51 0.2387  0.3606  0.2921  0.5000  0.7000  0.1750  0.1750  0.2750  0.2750  0.5000  0.7000  0.1750  0.1704  0.000040
epoch:52 0.2387  0.3606  0.2921  0.5000  0.7000  0.1750  0.1750  0.2750  0.2750  0.5000  0.7000  0.1750  0.1697  0.000040
epoch:53 0.2387  0.3606  0.2921  0.5000  0.7000  0.1750  0.1750  0.2750  0.2750  0.5000  0.7000  0.1750  0.1712  0.000040
epoch:54 0.2387  0.3606  0.2921  0.5000  0.7000  0.1750  0.1750  0.2750  0.2750  0.5000  0.7000  0.1750  0.1704  0.000040
epoch:55 0.2455  0.3606  0.3606  0.6000  0.7000  0.1750  0.1750  0.2833  0.2833  0.6000  0.7000  0.1750  0.1689  0.000040
epoch:56 0.2455  0.3606  0.3606  0.6000  0.7000  0.1750  0.1750  0.2833  0.2833  0.6000  0.7000  0.1750  0.1693  0.000040
epoch:57 0.2455  0.3606  0.3606  0.6000  0.7000  0.1750  0.1750  0.2833  0.2833  0.6000  0.7000  0.1750  0.1712  0.000040
epoch:58 0.3455  0.6106  0.3606  0.6000  0.7000  0.2750  0.2750  0.3833  0.3833  0.6000  0.7000  0.2750  0.1699  0.000040
epoch:59 0.2429  0.3606  0.2921  0.5000  0.8000  0.1750  0.1750  0.2833  0.2833  0.5000  0.8000  0.1750  0.1688  0.000040
epoch:60 0.2637  0.3606  0.2921  0.5000  0.7000  0.2000  0.2000  0.3000  0.3000  0.5000  0.7000  0.2000  0.1693  0.000040
epoch:61 0.2455  0.3606  0.3606  0.6000  0.7000  0.1750  0.1750  0.2833  0.2833  0.6000  0.7000  0.1750  0.1698  0.000040
epoch:62 0.2455  0.3606  0.3606  0.6000  0.7000  0.1750  0.1750  0.2833  0.2833  0.6000  0.7000  0.1750  0.1697  0.000040
epoch:63 0.2455  0.3606  0.3606  0.6000  0.7000  0.1750  0.1750  0.2833  0.2833  0.6000  0.7000  0.1750  0.1690  0.000040
epoch:64 0.2455  0.3606  0.3606  0.6000  0.7000  0.1750  0.1750  0.2833  0.2833  0.6000  0.7000  0.1750  0.1683  0.000040
epoch:65 0.3955  0.6106  0.3606  0.6000  0.7000  0.3250  0.3250  0.4333  0.4333  0.6000  0.7000  0.3250  0.1688  0.000040
epoch:66 0.2455  0.3606  0.3606  0.6000  0.7000  0.1750  0.1750  0.2833  0.2833  0.6000  0.7000  0.1750  0.1672  0.000040
epoch:67 0.2387  0.3606  0.2921  0.5000  0.7000  0.1750  0.1750  0.2750  0.2750  0.5000  0.7000  0.1750  0.1698  0.000040
epoch:68 0.2455  0.3606  0.3606  0.6000  0.7000  0.1750  0.1750  0.2833  0.2833  0.6000  0.7000  0.1750  0.1679  0.000040
epoch:69 0.2455  0.3606  0.3606  0.6000  0.7000  0.1750  0.1750  0.2833  0.2833  0.6000  0.7000  0.1750  0.1689  0.000040
epoch:70 0.2666  0.3886  0.3886  0.6000  0.7000  0.1750  0.2333  0.2833  0.2833  0.6000  0.7000  0.1750  0.1665  0.000040
epoch:71 0.2455  0.3606  0.3606  0.6000  0.7000  0.1750  0.1750  0.2833  0.2833  0.6000  0.7000  0.1750  0.1672  0.000040
epoch:72 0.2455  0.3606  0.3606  0.6000  0.7000  0.1750  0.1750  0.2833  0.2833  0.6000  0.7000  0.1750  0.1682  0.000040
epoch:73 0.3637  0.6106  0.2921  0.5000  0.7000  0.3000  0.3000  0.4000  0.4000  0.5000  0.7000  0.3000  0.1680  0.000040
epoch:74 0.2387  0.3606  0.2921  0.5000  0.7000  0.1750  0.1750  0.2750  0.2750  0.5000  0.7000  0.1750  0.1681  0.000040
epoch:75 0.2387  0.3606  0.2921  0.5000  0.7000  0.1750  0.1750  0.2750  0.2750  0.5000  0.7000  0.1750  0.1677  0.000040
epoch:76 0.2361  0.3886  0.3342  0.5000  0.7000  0.1500  0.2083  0.2500  0.2500  0.5000  0.7000  0.1500  0.1661  0.000040
epoch:77 0.2387  0.3606  0.2921  0.5000  0.7000  0.1750  0.1750  0.2750  0.2750  0.5000  0.7000  0.1750  0.1674  0.000040
epoch:78 0.2387  0.3606  0.2921  0.5000  0.7000  0.1750  0.1750  0.2750  0.2750  0.5000  0.7000  0.1750  0.1667  0.000040
epoch:79 0.2387  0.3606  0.2921  0.5000  0.7000  0.1750  0.1750  0.2750  0.2750  0.5000  0.7000  0.1750  0.1668  0.000040
epoch:80 0.2387  0.3606  0.2921  0.5000  0.7000  0.1750  0.1750  0.2750  0.2750  0.5000  0.7000  0.1750  0.1673  0.000040
epoch:81 0.2705  0.3606  0.3606  0.6000  0.7000  0.2000  0.2000  0.3083  0.3083  0.6000  0.7000  0.2000  0.1663  0.000040
epoch:82 0.2705  0.3606  0.3606  0.6000  0.7000  0.2000  0.2000  0.3083  0.3083  0.6000  0.7000  0.2000  0.1645  0.000040
epoch:83 0.2387  0.3606  0.2921  0.5000  0.7000  0.1750  0.1750  0.2750  0.2750  0.5000  0.7000  0.1750  0.1675  0.000040
epoch:84 0.2455  0.3606  0.3606  0.6000  0.7000  0.1750  0.1750  0.2833  0.2833  0.6000  0.7000  0.1750  0.1673  0.000040
epoch:85 0.2637  0.3606  0.2921  0.5000  0.7000  0.2000  0.2000  0.3000  0.3000  0.5000  0.7000  0.2000  0.1650  0.000040
epoch:86 0.2387  0.3606  0.2921  0.5000  0.7000  0.1750  0.1750  0.2750  0.2750  0.5000  0.7000  0.1750  0.1649  0.000040
epoch:87 0.2455  0.3606  0.3606  0.6000  0.7000  0.1750  0.1750  0.2833  0.2833  0.6000  0.7000  0.1750  0.1643  0.000040
epoch:88 0.2455  0.3606  0.3606  0.6000  0.7000  0.1750  0.1750  0.2833  0.2833  0.6000  0.7000  0.1750  0.1659  0.000040
epoch:89 0.2705  0.3606  0.3606  0.6000  0.7000  0.2000  0.2000  0.3083  0.3083  0.6000  0.7000  0.2000  0.1652  0.000040
epoch:90 0.2387  0.3606  0.2921  0.5000  0.7000  0.1750  0.1750  0.2750  0.2750  0.5000  0.7000  0.1750  0.1647  0.000040
epoch:91 0.2387  0.3606  0.2921  0.5000  0.7000  0.1750  0.1750  0.2750  0.2750  0.5000  0.7000  0.1750  0.1656  0.000040
epoch:92 0.2705  0.3606  0.3606  0.6000  0.7000  0.2000  0.2000  0.3083  0.3083  0.6000  0.7000  0.2000  0.1650  0.000040
epoch:93 0.2387  0.3606  0.2921  0.5000  0.7000  0.1750  0.1750  0.2750  0.2750  0.5000  0.7000  0.1750  0.1654  0.000040
epoch:94 0.2455  0.3606  0.3606  0.6000  0.7000  0.1750  0.1750  0.2833  0.2833  0.6000  0.7000  0.1750  0.1645  0.000040
epoch:95 0.2387  0.3606  0.2921  0.5000  0.7000  0.1750  0.1750  0.2750  0.2750  0.5000  0.7000  0.1750  0.1651  0.000040
epoch:96 0.2387  0.3606  0.2921  0.5000  0.7000  0.1750  0.1750  0.2750  0.2750  0.5000  0.7000  0.1750  0.1649  0.000040
epoch:97 0.2705  0.3606  0.3606  0.6000  0.7000  0.2000  0.2000  0.3083  0.3083  0.6000  0.7000  0.2000  0.1637  0.000040
epoch:98 0.2387  0.3606  0.2921  0.5000  0.7000  0.1750  0.1750  0.2750  0.2750  0.5000  0.7000  0.1750  0.1639  0.000040
epoch:99 0.2705  0.3606  0.3606  0.6000  0.7000  0.2000  0.2000  0.3083  0.3083  0.6000  0.7000  0.2000  0.1652  0.000040
epoch:100 0.3455  0.6106  0.3606  0.6000  0.7000  0.2750  0.2750  0.3833  0.3833  0.6000  0.7000  0.2750  0.1626  0.000040
epoch:101 0.2455  0.3606  0.3606  0.6000  0.7000  0.1750  0.1750  0.2833  0.2833  0.6000  0.7000  0.1750  0.1632  0.000040
epoch:102 0.2137  0.3606  0.2921  0.5000  0.7000  0.1500  0.1500  0.2500  0.2500  0.5000  0.7000  0.1500  0.1646  0.000040
epoch:103 0.2387  0.3606  0.2921  0.5000  0.7000  0.1750  0.1750  0.2750  0.2750  0.5000  0.7000  0.1750  0.1630  0.000040
epoch:104 0.2524  0.3606  0.3606  0.7000  0.7000  0.1750  0.1750  0.2917  0.2917  0.7000  0.7000  0.1750  0.1647  0.000040
epoch:105 0.2455  0.3606  0.3606  0.6000  0.7000  0.1750  0.1750  0.2833  0.2833  0.6000  0.7000  0.1750  0.1631  0.000040
epoch:106 0.2455  0.3606  0.3606  0.6000  0.7000  0.1750  0.1750  0.2833  0.2833  0.6000  0.7000  0.1750  0.1636  0.000040
epoch:107 0.2387  0.3606  0.2921  0.5000  0.7000  0.1750  0.1750  0.2750  0.2750  0.5000  0.7000  0.1750  0.1627  0.000040
epoch:108 0.3705  0.6106  0.3606  0.6000  0.7000  0.3000  0.3000  0.4083  0.4083  0.6000  0.7000  0.3000  0.1631  0.000040
epoch:109 0.2455  0.3606  0.3606  0.6000  0.7000  0.1750  0.1750  0.2833  0.2833  0.6000  0.7000  0.1750  0.1630  0.000040
epoch:110 0.2455  0.3606  0.3606  0.6000  0.7000  0.1750  0.1750  0.2833  0.2833  0.6000  0.7000  0.1750  0.1645  0.000040
epoch:111 0.2637  0.3606  0.2921  0.5000  0.7000  0.2000  0.2000  0.3000  0.3000  0.5000  0.7000  0.2000  0.1634  0.000040
epoch:112 0.2137  0.3606  0.2921  0.5000  0.7000  0.1500  0.1500  0.2500  0.2500  0.5000  0.7000  0.1500  0.1627  0.000040
epoch:113 0.2205  0.3606  0.3606  0.6000  0.7000  0.1500  0.1500  0.2583  0.2583  0.6000  0.7000  0.1500  0.1617  0.000040
epoch:114 0.2387  0.3606  0.2921  0.5000  0.7000  0.1750  0.1750  0.2750  0.2750  0.5000  0.7000  0.1750  0.1626  0.000040
epoch:115 0.2455  0.3606  0.3606  0.6000  0.7000  0.1750  0.1750  0.2833  0.2833  0.6000  0.7000  0.1750  0.1621  0.000040
epoch:116 0.2748  0.3606  0.3606  0.6000  0.8000  0.2000  0.2000  0.3167  0.3167  0.6000  0.8000  0.2000  0.1626  0.000040
epoch:117 0.2387  0.3606  0.2921  0.5000  0.7000  0.1750  0.1750  0.2750  0.2750  0.5000  0.7000  0.1750  0.1624  0.000040
epoch:118 0.2455  0.3606  0.3606  0.6000  0.7000  0.1750  0.1750  0.2833  0.2833  0.6000  0.7000  0.1750  0.1623  0.000040
epoch:119 0.2387  0.3606  0.2921  0.5000  0.7000  0.1750  0.1750  0.2750  0.2750  0.5000  0.7000  0.1750  0.1618  0.000040
epoch:120 0.2705  0.3606  0.3606  0.6000  0.7000  0.2000  0.2000  0.3083  0.3083  0.6000  0.7000  0.2000  0.1607  0.000040
epoch:121 0.2137  0.3606  0.2921  0.5000  0.7000  0.1500  0.1500  0.2500  0.2500  0.5000  0.7000  0.1500  0.1623  0.000040
epoch:122 0.2387  0.3606  0.2921  0.5000  0.7000  0.1750  0.1750  0.2750  0.2750  0.5000  0.7000  0.1750  0.1615  0.000040
epoch:123 0.2387  0.3606  0.2921  0.5000  0.7000  0.1750  0.1750  0.2750  0.2750  0.5000  0.7000  0.1750  0.1619  0.000040
epoch:124 0.2387  0.3606  0.2921  0.5000  0.7000  0.1750  0.1750  0.2750  0.2750  0.5000  0.7000  0.1750  0.1622  0.000040
epoch:125 0.2137  0.3606  0.2921  0.5000  0.7000  0.1500  0.1500  0.2500  0.2500  0.5000  0.7000  0.1500  0.1614  0.000040
epoch:126 0.2205  0.3606  0.3606  0.6000  0.7000  0.1500  0.1500  0.2583  0.2583  0.6000  0.7000  0.1500  0.1607  0.000040
epoch:127 0.2455  0.3606  0.3606  0.6000  0.7000  0.1750  0.1750  0.2833  0.2833  0.6000  0.7000  0.1750  0.1603  0.000040
epoch:128 0.2205  0.3606  0.3606  0.6000  0.7000  0.1500  0.1500  0.2583  0.2583  0.6000  0.7000  0.1500  0.1596  0.000040
epoch:129 0.2455  0.3606  0.3606  0.6000  0.7000  0.1750  0.1750  0.2833  0.2833  0.6000  0.7000  0.1750  0.1613  0.000040
epoch:130 0.2455  0.3606  0.3606  0.6000  0.7000  0.1750  0.1750  0.2833  0.2833  0.6000  0.7000  0.1750  0.1599  0.000040
epoch:131 0.2637  0.3606  0.2921  0.5000  0.7000  0.2000  0.2000  0.3000  0.3000  0.5000  0.7000  0.2000  0.1609  0.000040
epoch:132 0.2705  0.3606  0.3606  0.6000  0.7000  0.2000  0.2000  0.3083  0.3083  0.6000  0.7000  0.2000  0.1611  0.000040
epoch:133 0.2387  0.3606  0.2921  0.5000  0.7000  0.1750  0.1750  0.2750  0.2750  0.5000  0.7000  0.1750  0.1610  0.000040
epoch:134 0.2387  0.3606  0.2921  0.5000  0.7000  0.1750  0.1750  0.2750  0.2750  0.5000  0.7000  0.1750  0.1603  0.000040
epoch:135 0.2455  0.3606  0.3606  0.6000  0.7000  0.1750  0.1750  0.2833  0.2833  0.6000  0.7000  0.1750  0.1586  0.000040
epoch:136 0.2666  0.3886  0.3886  0.6000  0.7000  0.1750  0.2333  0.2833  0.2833  0.6000  0.7000  0.1750  0.1597  0.000040
epoch:137 0.2455  0.3606  0.3606  0.6000  0.7000  0.1750  0.1750  0.2833  0.2833  0.6000  0.7000  0.1750  0.1591  0.000040
epoch:138 0.2705  0.3606  0.3606  0.6000  0.7000  0.2000  0.2000  0.3083  0.3083  0.6000  0.7000  0.2000  0.1596  0.000040
epoch:139 0.2455  0.3606  0.3606  0.6000  0.7000  0.1750  0.1750  0.2833  0.2833  0.6000  0.7000  0.1750  0.1609  0.000040
epoch:140 0.2455  0.3606  0.3606  0.6000  0.7000  0.1750  0.1750  0.2833  0.2833  0.6000  0.7000  0.1750  0.1601  0.000040
epoch:141 0.2455  0.3606  0.3606  0.6000  0.7000  0.1750  0.1750  0.2833  0.2833  0.6000  0.7000  0.1750  0.1592  0.000040
epoch:142 0.2387  0.3606  0.2921  0.5000  0.7000  0.1750  0.1750  0.2750  0.2750  0.5000  0.7000  0.1750  0.1596  0.000040
epoch:143 0.2387  0.3606  0.2921  0.5000  0.7000  0.1750  0.1750  0.2750  0.2750  0.5000  0.7000  0.1750  0.1612  0.000040
epoch:144 0.2705  0.3606  0.3606  0.6000  0.7000  0.2000  0.2000  0.3083  0.3083  0.6000  0.7000  0.2000  0.1589  0.000040
epoch:145 0.2455  0.3606  0.3606  0.6000  0.7000  0.1750  0.1750  0.2833  0.2833  0.6000  0.7000  0.1750  0.1571  0.000040
epoch:146 0.2637  0.3606  0.2921  0.5000  0.7000  0.2000  0.2000  0.3000  0.3000  0.5000  0.7000  0.2000  0.1593  0.000040
epoch:147 0.2455  0.3606  0.3606  0.6000  0.7000  0.1750  0.1750  0.2833  0.2833  0.6000  0.7000  0.1750  0.1579  0.000040
epoch:148 0.2205  0.3606  0.3606  0.6000  0.7000  0.1500  0.1500  0.2583  0.2583  0.6000  0.7000  0.1500  0.1590  0.000040
epoch:149 0.2455  0.3606  0.3606  0.6000  0.7000  0.1750  0.1750  0.2833  0.2833  0.6000  0.7000  0.1750  0.1575  0.000040
epoch:150 0.2455  0.3606  0.3606  0.6000  0.7000  0.1750  0.1750  0.2833  0.2833  0.6000  0.7000  0.1750  0.1584  0.000040
epoch:151 0.2705  0.6106  0.3606  0.6000  0.7000  0.2000  0.2000  0.3083  0.3083  0.6000  0.7000  0.2000  0.1589  0.000040
epoch:152 0.1887  0.3606  0.0421  0.5000  0.7000  0.1250  0.1250  0.2250  0.2250  0.5000  0.7000  0.1250  0.1591  0.000040
epoch:153 0.2455  0.3606  0.3606  0.6000  0.7000  0.1750  0.1750  0.2833  0.2833  0.6000  0.7000  0.1750  0.1583  0.000040
epoch:154 0.2455  0.3606  0.3606  0.6000  0.7000  0.1750  0.1750  0.2833  0.2833  0.6000  0.7000  0.1750  0.1583  0.000040
epoch:155 0.2455  0.3606  0.3606  0.6000  0.7000  0.1750  0.1750  0.2833  0.2833  0.6000  0.7000  0.1750  0.1576  0.000040
epoch:156 0.2137  0.3606  0.2921  0.5000  0.7000  0.1500  0.1500  0.2500  0.2500  0.5000  0.7000  0.1500  0.1571  0.000040
epoch:157 0.2455  0.3606  0.3606  0.6000  0.7000  0.1750  0.1750  0.2833  0.2833  0.6000  0.7000  0.1750  0.1575  0.000040
epoch:158 0.2387  0.3606  0.2921  0.5000  0.7000  0.1750  0.1750  0.2750  0.2750  0.5000  0.7000  0.1750  0.1562  0.000040
epoch:159 0.3705  0.6106  0.3606  0.6000  0.7000  0.3000  0.3000  0.4083  0.4083  0.6000  0.7000  0.3000  0.1576  0.000040
epoch:160 0.2705  0.3606  0.3606  0.6000  0.7000  0.2000  0.2000  0.3083  0.3083  0.6000  0.7000  0.2000  0.1581  0.000040
epoch:161 0.2387  0.3606  0.2921  0.5000  0.7000  0.1750  0.1750  0.2750  0.2750  0.5000  0.7000  0.1750  0.1573  0.000040
epoch:162 0.3887  0.6106  0.2921  0.5000  0.7000  0.3250  0.3250  0.4250  0.4250  0.5000  0.7000  0.3250  0.1573  0.000040
epoch:163 0.2387  0.3606  0.2921  0.5000  0.7000  0.1750  0.1750  0.2750  0.2750  0.5000  0.7000  0.1750  0.1566  0.000040
epoch:164 0.2137  0.3606  0.2921  0.5000  0.7000  0.1500  0.1500  0.2500  0.2500  0.5000  0.7000  0.1500  0.1562  0.000040
epoch:165 0.2205  0.3606  0.3606  0.6000  0.7000  0.1500  0.1500  0.2583  0.2583  0.6000  0.7000  0.1500  0.1583  0.000040
epoch:166 0.3455  0.8606  0.3606  0.6000  0.7000  0.2750  0.2750  0.3833  0.3833  0.6000  0.7000  0.2750  0.1568  0.000040
epoch:167 0.2387  0.3606  0.2921  0.5000  0.7000  0.1750  0.1750  0.2750  0.2750  0.5000  0.7000  0.1750  0.1558  0.000040
epoch:168 0.2498  0.3606  0.3606  0.6000  0.8000  0.1750  0.1750  0.2917  0.2917  0.6000  0.8000  0.1750  0.1566  0.000040
epoch:169 0.2455  0.3606  0.3606  0.6000  0.7000  0.1750  0.1750  0.2833  0.2833  0.6000  0.7000  0.1750  0.1565  0.000040
epoch:170 0.2387  0.3606  0.2921  0.5000  0.7000  0.1750  0.1750  0.2750  0.2750  0.5000  0.7000  0.1750  0.1562  0.000040
epoch:171 0.2387  0.3606  0.2921  0.5000  0.7000  0.1750  0.1750  0.2750  0.2750  0.5000  0.7000  0.1750  0.1563  0.000040
epoch:172 0.2387  0.3606  0.2921  0.5000  0.7000  0.1750  0.1750  0.2750  0.2750  0.5000  0.7000  0.1750  0.1549  0.000040
epoch:173 0.2637  0.3606  0.2921  0.5000  0.7000  0.2000  0.2000  0.3000  0.3000  0.5000  0.7000  0.2000  0.1570  0.000040
epoch:174 0.2137  0.3606  0.2921  0.5000  0.7000  0.1500  0.1500  0.2500  0.2500  0.5000  0.7000  0.1500  0.1557  0.000040
epoch:175 0.2455  0.3606  0.3606  0.6000  0.7000  0.1750  0.1750  0.2833  0.2833  0.6000  0.7000  0.1750  0.1563  0.000040
epoch:176 0.2455  0.3606  0.3606  0.6000  0.7000  0.1750  0.1750  0.2833  0.2833  0.6000  0.7000  0.1750  0.1563  0.000040
epoch:177 0.2387  0.3606  0.2921  0.5000  0.7000  0.1750  0.1750  0.2750  0.2750  0.5000  0.7000  0.1750  0.1560  0.000040
epoch:178 0.2137  0.3606  0.2921  0.5000  0.7000  0.1500  0.1500  0.2500  0.2500  0.5000  0.7000  0.1500  0.1557  0.000040
epoch:179 0.2705  0.3606  0.3606  0.6000  0.7000  0.2000  0.2000  0.3083  0.3083  0.6000  0.7000  0.2000  0.1561  0.000040
epoch:180 0.2998  0.6106  0.3606  0.6000  0.8000  0.2250  0.2250  0.3417  0.3417  0.6000  0.8000  0.2250  0.1565  0.000040
epoch:181 0.2637  0.3606  0.2921  0.5000  0.7000  0.2000  0.2000  0.3000  0.3000  0.5000  0.7000  0.2000  0.1570  0.000040
epoch:182 0.2705  0.3606  0.3606  0.6000  0.7000  0.2000  0.2000  0.3083  0.3083  0.6000  0.7000  0.2000  0.1578  0.000040
epoch:183 0.2455  0.3606  0.3606  0.6000  0.7000  0.1750  0.1750  0.2833  0.2833  0.6000  0.7000  0.1750  0.1551  0.000040
epoch:184 0.2705  0.6106  0.3606  0.6000  0.7000  0.2000  0.2000  0.3083  0.3083  0.6000  0.7000  0.2000  0.1570  0.000040
epoch:185 0.2455  0.3606  0.3606  0.6000  0.7000  0.1750  0.1750  0.2833  0.2833  0.6000  0.7000  0.1750  0.1568  0.000040
epoch:186 0.2455  0.3606  0.3606  0.6000  0.7000  0.1750  0.1750  0.2833  0.2833  0.6000  0.7000  0.1750  0.1567  0.000040
epoch:187 0.2361  0.3886  0.3342  0.5000  0.7000  0.1500  0.2083  0.2500  0.2500  0.5000  0.7000  0.1500  0.1548  0.000040
epoch:188 0.2137  0.3606  0.2921  0.5000  0.7000  0.1500  0.1500  0.2500  0.2500  0.5000  0.7000  0.1500  0.1545  0.000040
epoch:189 0.2387  0.3606  0.2921  0.5000  0.7000  0.1750  0.1750  0.2750  0.2750  0.5000  0.7000  0.1750  0.1557  0.000040
epoch:190 0.2455  0.3606  0.3606  0.6000  0.7000  0.1750  0.1750  0.2833  0.2833  0.6000  0.7000  0.1750  0.1553  0.000040
epoch:191 0.2387  0.3606  0.2921  0.5000  0.7000  0.1750  0.1750  0.2750  0.2750  0.5000  0.7000  0.1750  0.1550  0.000040
epoch:192 0.2387  0.3606  0.2921  0.5000  0.7000  0.1750  0.1750  0.2750  0.2750  0.5000  0.7000  0.1750  0.1554  0.000040
epoch:193 0.1887  0.3606  0.0421  0.5000  0.7000  0.1250  0.1250  0.2250  0.2250  0.5000  0.7000  0.1250  0.1537  0.000040
epoch:194 0.2387  0.3606  0.2921  0.5000  0.7000  0.1750  0.1750  0.2750  0.2750  0.5000  0.7000  0.1750  0.1549  0.000040
epoch:195 0.2455  0.3606  0.3606  0.6000  0.7000  0.1750  0.1750  0.2833  0.2833  0.6000  0.7000  0.1750  0.1552  0.000040
epoch:196 0.2455  0.3606  0.3606  0.6000  0.7000  0.1750  0.1750  0.2833  0.2833  0.6000  0.7000  0.1750  0.1536  0.000040
epoch:197 0.2455  0.3606  0.3606  0.6000  0.7000  0.1750  0.1750  0.2833  0.2833  0.6000  0.7000  0.1750  0.1554  0.000040
epoch:198 0.2455  0.3606  0.3606  0.6000  0.7000  0.1750  0.1750  0.2833  0.2833  0.6000  0.7000  0.1750  0.1534  0.000040
epoch:199 0.2137  0.3606  0.2921  0.5000  0.7000  0.1500  0.1500  0.2500  0.2500  0.5000  0.7000  0.1500  0.1540  0.000040
epoch:200 0.2455  0.3606  0.3606  0.6000  0.7000  0.1750  0.1750  0.2833  0.2833  0.6000  0.7000  0.1750  0.1543  0.000040
epoch:201 0.2137  0.3606  0.2921  0.5000  0.7000  0.1500  0.1500  0.2500  0.2500  0.5000  0.7000  0.1500  0.1535  0.000040
epoch:202 0.2387  0.3606  0.2921  0.5000  0.7000  0.1750  0.1750  0.2750  0.2750  0.5000  0.7000  0.1750  0.1540  0.000040
epoch:203 0.2455  0.3606  0.3606  0.6000  0.7000  0.1750  0.1750  0.2833  0.2833  0.6000  0.7000  0.1750  0.1551  0.000040
epoch:204 0.2705  0.3606  0.3606  0.6000  0.7000  0.2000  0.2000  0.3083  0.3083  0.6000  0.7000  0.2000  0.1542  0.000040
epoch:205 0.2705  0.3606  0.3606  0.6000  0.7000  0.2000  0.2000  0.3083  0.3083  0.6000  0.7000  0.2000  0.1543  0.000040
epoch:206 0.2137  0.3606  0.2921  0.5000  0.7000  0.1500  0.1500  0.2500  0.2500  0.5000  0.7000  0.1500  0.1537  0.000040
epoch:207 0.2455  0.3606  0.3606  0.6000  0.7000  0.1750  0.1750  0.2833  0.2833  0.6000  0.7000  0.1750  0.1547  0.000040
epoch:208 0.2387  0.3606  0.2921  0.5000  0.7000  0.1750  0.1750  0.2750  0.2750  0.5000  0.7000  0.1750  0.1534  0.000040
epoch:209 0.2611  0.3886  0.3342  0.5000  0.7000  0.1750  0.2333  0.2750  0.2750  0.5000  0.7000  0.1750  0.1532  0.000040
epoch:210 0.2705  0.3606  0.3606  0.6000  0.7000  0.2000  0.2000  0.3083  0.3083  0.6000  0.7000  0.2000  0.1530  0.000040
epoch:211 0.2387  0.3606  0.2921  0.5000  0.7000  0.1750  0.1750  0.2750  0.2750  0.5000  0.7000  0.1750  0.1528  0.000040
epoch:212 0.2137  0.3606  0.2921  0.5000  0.7000  0.1500  0.1500  0.2500  0.2500  0.5000  0.7000  0.1500  0.1545  0.000040
epoch:213 0.2387  0.3606  0.2921  0.5000  0.7000  0.1750  0.1750  0.2750  0.2750  0.5000  0.7000  0.1750  0.1534  0.000040
epoch:214 0.2705  0.3606  0.3606  0.6000  0.7000  0.2000  0.2000  0.3083  0.3083  0.6000  0.7000  0.2000  0.1538  0.000040
epoch:215 0.2455  0.3606  0.3606  0.6000  0.7000  0.1750  0.1750  0.2833  0.2833  0.6000  0.7000  0.1750  0.1547  0.000040
epoch:216 0.2455  0.3606  0.3606  0.6000  0.7000  0.1750  0.1750  0.2833  0.2833  0.6000  0.7000  0.1750  0.1534  0.000040
epoch:217 0.3205  0.6106  0.3606  0.6000  0.7000  0.2500  0.2500  0.3583  0.3583  0.6000  0.7000  0.2500  0.1527  0.000040
epoch:218 0.2455  0.3606  0.3606  0.6000  0.7000  0.1750  0.1750  0.2833  0.2833  0.6000  0.7000  0.1750  0.1542  0.000040
epoch:219 0.2455  0.3606  0.3606  0.6000  0.7000  0.1750  0.1750  0.2833  0.2833  0.6000  0.7000  0.1750  0.1519  0.000040
epoch:220 0.2137  0.3606  0.2921  0.5000  0.7000  0.1500  0.1500  0.2500  0.2500  0.5000  0.7000  0.1500  0.1530  0.000040
epoch:221 0.2137  0.3606  0.2921  0.5000  0.7000  0.1500  0.1500  0.2500  0.2500  0.5000  0.7000  0.1500  0.1524  0.000040
epoch:222 0.3455  0.6106  0.3606  0.6000  0.7000  0.2750  0.2750  0.3833  0.3833  0.6000  0.7000  0.2750  0.1518  0.000040
epoch:223 0.2387  0.3606  0.2921  0.5000  0.7000  0.1750  0.1750  0.2750  0.2750  0.5000  0.7000  0.1750  0.1528  0.000040
epoch:224 0.2387  0.3606  0.2921  0.5000  0.7000  0.1750  0.1750  0.2750  0.2750  0.5000  0.7000  0.1750  0.1516  0.000040
epoch:225 0.2387  0.3606  0.2921  0.5000  0.7000  0.1750  0.1750  0.2750  0.2750  0.5000  0.7000  0.1750  0.1528  0.000040
epoch:226 0.2705  0.3606  0.3606  0.6000  0.7000  0.2000  0.2000  0.3083  0.3083  0.6000  0.7000  0.2000  0.1514  0.000040
epoch:227 0.3955  0.6106  0.3606  0.6000  0.7000  0.3250  0.3250  0.4333  0.4333  0.6000  0.7000  0.3250  0.1521  0.000040
epoch:228 0.2137  0.3606  0.2921  0.5000  0.7000  0.1500  0.1500  0.2500  0.2500  0.5000  0.7000  0.1500  0.1524  0.000040
epoch:229 0.2637  0.3606  0.2921  0.5000  0.7000  0.2000  0.2000  0.3000  0.3000  0.5000  0.7000  0.2000  0.1522  0.000040
epoch:230 0.2705  0.3606  0.3606  0.6000  0.7000  0.2000  0.2000  0.3083  0.3083  0.6000  0.7000  0.2000  0.1528  0.000040
epoch:231 0.2361  0.3886  0.3342  0.5000  0.7000  0.1500  0.2083  0.2500  0.2500  0.5000  0.7000  0.1500  0.1524  0.000040
epoch:232 0.2637  0.3606  0.2921  0.5000  0.7000  0.2000  0.2000  0.3000  0.3000  0.5000  0.7000  0.2000  0.1518  0.000040
epoch:233 0.2455  0.3606  0.3606  0.6000  0.7000  0.1750  0.1750  0.2833  0.2833  0.6000  0.7000  0.1750  0.1517  0.000040
epoch:234 0.2455  0.3606  0.3606  0.6000  0.7000  0.1750  0.1750  0.2833  0.2833  0.6000  0.7000  0.1750  0.1517  0.000040
epoch:235 0.2387  0.3606  0.2921  0.5000  0.7000  0.1750  0.1750  0.2750  0.2750  0.5000  0.7000  0.1750  0.1516  0.000040
epoch:236 0.2387  0.3606  0.2921  0.5000  0.7000  0.1750  0.1750  0.2750  0.2750  0.5000  0.7000  0.1750  0.1518  0.000040
epoch:237 0.2205  0.3606  0.3606  0.6000  0.7000  0.1500  0.1500  0.2583  0.2583  0.6000  0.7000  0.1500  0.1511  0.000040
epoch:238 0.2705  0.3606  0.3606  0.6000  0.7000  0.2000  0.2000  0.3083  0.3083  0.6000  0.7000  0.2000  0.1508  0.000040
epoch:239 0.2387  0.3606  0.2921  0.5000  0.7000  0.1750  0.1750  0.2750  0.2750  0.5000  0.7000  0.1750  0.1501  0.000040
epoch:240 0.3887  0.6106  0.2921  0.5000  0.7000  0.3250  0.3250  0.4250  0.4250  0.5000  0.7000  0.3250  0.1513  0.000040
epoch:241 0.2455  0.3606  0.3606  0.6000  0.7000  0.1750  0.1750  0.2833  0.2833  0.6000  0.7000  0.1750  0.1507  0.000040
epoch:242 0.2455  0.3606  0.3606  0.6000  0.7000  0.1750  0.1750  0.2833  0.2833  0.6000  0.7000  0.1750  0.1509  0.000040
epoch:243 0.3955  0.6106  0.3606  0.6000  0.7000  0.3250  0.3250  0.4333  0.4333  0.6000  0.7000  0.3250  0.1512  0.000040
epoch:244 0.2705  0.6106  0.3606  0.6000  0.7000  0.2000  0.2000  0.3083  0.3083  0.6000  0.7000  0.2000  0.1494  0.000040
epoch:245 0.2705  0.3606  0.3606  0.6000  0.7000  0.2000  0.2000  0.3083  0.3083  0.6000  0.7000  0.2000  0.1506  0.000040
epoch:246 0.2455  0.3606  0.3606  0.6000  0.7000  0.1750  0.1750  0.2833  0.2833  0.6000  0.7000  0.1750  0.1505  0.000040
epoch:247 0.2455  0.3606  0.3606  0.6000  0.7000  0.1750  0.1750  0.2833  0.2833  0.6000  0.7000  0.1750  0.1514  0.000040
epoch:248 0.2455  0.3606  0.3606  0.6000  0.7000  0.1750  0.1750  0.2833  0.2833  0.6000  0.7000  0.1750  0.1490  0.000040
epoch:249 0.2137  0.3606  0.2921  0.5000  0.7000  0.1500  0.1500  0.2500  0.2500  0.5000  0.7000  0.1500  0.1495  0.000040
epoch:250 0.2387  0.3606  0.2921  0.5000  0.7000  0.1750  0.1750  0.2750  0.2750  0.5000  0.7000  0.1750  0.1518  0.000040
epoch:251 0.2998  0.6106  0.3606  0.6000  0.8000  0.2250  0.2250  0.3417  0.3417  0.6000  0.8000  0.2250  0.1501  0.000040
epoch:252 0.2166  0.3886  0.1386  0.6000  0.7000  0.1250  0.1833  0.2333  0.2333  0.6000  0.7000  0.1250  0.1505  0.000040
epoch:253 0.2137  0.3606  0.2921  0.5000  0.7000  0.1500  0.1500  0.2500  0.2500  0.5000  0.7000  0.1500  0.1497  0.000040
epoch:254 0.2387  0.3606  0.2921  0.5000  0.7000  0.1750  0.1750  0.2750  0.2750  0.5000  0.7000  0.1750  0.1500  0.000040
epoch:255 0.2455  0.3606  0.3606  0.6000  0.7000  0.1750  0.1750  0.2833  0.2833  0.6000  0.7000  0.1750  0.1494  0.000040
epoch:256 0.2455  0.3606  0.3606  0.6000  0.7000  0.1750  0.1750  0.2833  0.2833  0.6000  0.7000  0.1750  0.1505  0.000040
epoch:257 0.2387  0.3606  0.2921  0.5000  0.7000  0.1750  0.1750  0.2750  0.2750  0.5000  0.7000  0.1750  0.1499  0.000040
epoch:258 0.2455  0.3606  0.3606  0.6000  0.7000  0.1750  0.1750  0.2833  0.2833  0.6000  0.7000  0.1750  0.1493  0.000040
epoch:259 0.2611  0.3886  0.3342  0.5000  0.7000  0.1750  0.2333  0.2750  0.2750  0.5000  0.7000  0.1750  0.1497  0.000040
epoch:260 0.2455  0.3606  0.3606  0.6000  0.7000  0.1750  0.1750  0.2833  0.2833  0.6000  0.7000  0.1750  0.1495  0.000040
epoch:261 0.2137  0.3606  0.2921  0.5000  0.7000  0.1500  0.1500  0.2500  0.2500  0.5000  0.7000  0.1500  0.1503  0.000040
epoch:262 0.2705  0.3606  0.3606  0.6000  0.7000  0.2000  0.2000  0.3083  0.3083  0.6000  0.7000  0.2000  0.1492  0.000040
epoch:263 0.2455  0.3606  0.3606  0.6000  0.7000  0.1750  0.1750  0.2833  0.2833  0.6000  0.7000  0.1750  0.1493  0.000040
epoch:264 0.3387  0.6106  0.2921  0.5000  0.7000  0.2750  0.2750  0.3750  0.3750  0.5000  0.7000  0.2750  0.1491  0.000040
epoch:265 0.2455  0.3606  0.3606  0.6000  0.7000  0.1750  0.1750  0.2833  0.2833  0.6000  0.7000  0.1750  0.1485  0.000040
epoch:266 0.2387  0.3606  0.2921  0.5000  0.7000  0.1750  0.1750  0.2750  0.2750  0.5000  0.7000  0.1750  0.1501  0.000040
epoch:267 0.2387  0.3606  0.2921  0.5000  0.7000  0.1750  0.1750  0.2750  0.2750  0.5000  0.7000  0.1750  0.1499  0.000040
epoch:268 0.2205  0.3606  0.3606  0.6000  0.7000  0.1500  0.1500  0.2583  0.2583  0.6000  0.7000  0.1500  0.1495  0.000040
epoch:269 0.2705  0.3606  0.3606  0.6000  0.7000  0.2000  0.2000  0.3083  0.3083  0.6000  0.7000  0.2000  0.1491  0.000040
epoch:270 0.2455  0.3606  0.3606  0.6000  0.7000  0.1750  0.1750  0.2833  0.2833  0.6000  0.7000  0.1750  0.1486  0.000040
epoch:271 0.2455  0.3606  0.3606  0.6000  0.7000  0.1750  0.1750  0.2833  0.2833  0.6000  0.7000  0.1750  0.1489  0.000040
epoch:272 0.2498  0.3606  0.3606  0.6000  0.8000  0.1750  0.1750  0.2917  0.2917  0.6000  0.8000  0.1750  0.1488  0.000040
epoch:273 0.2455  0.3606  0.3606  0.6000  0.7000  0.1750  0.1750  0.2833  0.2833  0.6000  0.7000  0.1750  0.1482  0.000040
epoch:274 0.2429  0.3606  0.2921  0.5000  0.8000  0.1750  0.1750  0.2833  0.2833  0.5000  0.8000  0.1750  0.1491  0.000040
epoch:275 0.2637  0.3606  0.2921  0.5000  0.7000  0.2000  0.2000  0.3000  0.3000  0.5000  0.7000  0.2000  0.1483  0.000040
epoch:276 0.2137  0.3606  0.2921  0.5000  0.7000  0.1500  0.1500  0.2500  0.2500  0.5000  0.7000  0.1500  0.1491  0.000040
epoch:277 0.3455  0.6106  0.3606  0.6000  0.7000  0.2750  0.2750  0.3833  0.3833  0.6000  0.7000  0.2750  0.1475  0.000040
epoch:278 0.2679  0.3606  0.2921  0.5000  0.8000  0.2000  0.2000  0.3083  0.3083  0.5000  0.8000  0.2000  0.1483  0.000040
epoch:279 0.2455  0.3606  0.3606  0.6000  0.7000  0.1750  0.1750  0.2833  0.2833  0.6000  0.7000  0.1750  0.1485  0.000040
epoch:280 0.2748  0.3606  0.3606  0.6000  0.8000  0.2000  0.2000  0.3167  0.3167  0.6000  0.8000  0.2000  0.1485  0.000040
epoch:281 0.2611  0.3886  0.3342  0.5000  0.7000  0.1750  0.2333  0.2750  0.2750  0.5000  0.7000  0.1750  0.1490  0.000040
epoch:282 0.2455  0.3606  0.3606  0.6000  0.7000  0.1750  0.1750  0.2833  0.2833  0.6000  0.7000  0.1750  0.1488  0.000040
epoch:283 0.1887  0.3606  0.0421  0.5000  0.7000  0.1250  0.1250  0.2250  0.2250  0.5000  0.7000  0.1250  0.1486  0.000040
epoch:284 0.2387  0.3606  0.2921  0.5000  0.7000  0.1750  0.1750  0.2750  0.2750  0.5000  0.7000  0.1750  0.1485  0.000040
epoch:285 0.2637  0.3606  0.2921  0.5000  0.7000  0.2000  0.2000  0.3000  0.3000  0.5000  0.7000  0.2000  0.1489  0.000040
epoch:286 0.2455  0.3606  0.3606  0.6000  0.7000  0.1750  0.1750  0.2833  0.2833  0.6000  0.7000  0.1750  0.1484  0.000040
epoch:287 0.2748  0.3606  0.3606  0.6000  0.8000  0.2000  0.2000  0.3167  0.3167  0.6000  0.8000  0.2000  0.1481  0.000040
epoch:288 0.2387  0.3606  0.2921  0.5000  0.7000  0.1750  0.1750  0.2750  0.2750  0.5000  0.7000  0.1750  0.1488  0.000040
epoch:289 0.2498  0.3606  0.3606  0.6000  0.8000  0.1750  0.1750  0.2917  0.2917  0.6000  0.8000  0.1750  0.1470  0.000040
epoch:290 0.2611  0.3886  0.3342  0.5000  0.7000  0.1750  0.2333  0.2750  0.2750  0.5000  0.7000  0.1750  0.1478  0.000040
epoch:291 0.2679  0.3606  0.2921  0.5000  0.8000  0.2000  0.2000  0.3083  0.3083  0.5000  0.8000  0.2000  0.1476  0.000040
epoch:292 0.2387  0.3606  0.2921  0.5000  0.7000  0.1750  0.1750  0.2750  0.2750  0.5000  0.7000  0.1750  0.1473  0.000040
epoch:293 0.2387  0.3606  0.2921  0.5000  0.7000  0.1750  0.1750  0.2750  0.2750  0.5000  0.7000  0.1750  0.1484  0.000040
epoch:294 0.2429  0.3606  0.2921  0.5000  0.8000  0.1750  0.1750  0.2833  0.2833  0.5000  0.8000  0.1750  0.1486  0.000040
epoch:295 0.2611  0.3886  0.3342  0.5000  0.7000  0.1750  0.2333  0.2750  0.2750  0.5000  0.7000  0.1750  0.1475  0.000040
epoch:296 0.2498  0.3606  0.3606  0.6000  0.8000  0.1750  0.1750  0.2917  0.2917  0.6000  0.8000  0.1750  0.1472  0.000040
epoch:297 0.2455  0.3606  0.3606  0.6000  0.7000  0.1750  0.1750  0.2833  0.2833  0.6000  0.7000  0.1750  0.1465  0.000040
epoch:298 0.3705  0.6106  0.3606  0.6000  0.7000  0.3000  0.3000  0.4083  0.4083  0.6000  0.7000  0.3000  0.1475  0.000040
epoch:299 0.2387  0.3606  0.2921  0.5000  0.7000  0.1750  0.1750  0.2750  0.2750  0.5000  0.7000  0.1750  0.1487  0.000040
epoch:300 0.2705  0.3606  0.3606  0.6000  0.7000  0.2000  0.2000  0.3083  0.3083  0.6000  0.7000  0.2000  0.1469  0.000040
epoch:301 0.2666  0.6386  0.3886  0.6000  0.7000  0.1750  0.2333  0.2833  0.2833  0.6000  0.7000  0.1750  0.1473  0.000040
epoch:302 0.2611  0.3886  0.3342  0.5000  0.7000  0.1750  0.2333  0.2750  0.2750  0.5000  0.7000  0.1750  0.1476  0.000040
epoch:303 0.3955  0.6106  0.3606  0.6000  0.7000  0.3250  0.3250  0.4333  0.4333  0.6000  0.7000  0.3250  0.1472  0.000040
epoch:304 0.2611  0.3886  0.3342  0.5000  0.7000  0.1750  0.2333  0.2750  0.2750  0.5000  0.7000  0.1750  0.1469  0.000040
epoch:305 0.2637  0.6106  0.2921  0.5000  0.7000  0.2000  0.2000  0.3000  0.3000  0.5000  0.7000  0.2000  0.1470  0.000040
epoch:306 0.2637  0.3606  0.2921  0.5000  0.7000  0.2000  0.2000  0.3000  0.3000  0.5000  0.7000  0.2000  0.1478  0.000040
epoch:307 0.2679  0.3606  0.2921  0.5000  0.8000  0.2000  0.2000  0.3083  0.3083  0.5000  0.8000  0.2000  0.1458  0.000040
epoch:308 0.2498  0.3606  0.3606  0.6000  0.8000  0.1750  0.1750  0.2917  0.2917  0.6000  0.8000  0.1750  0.1464  0.000040
epoch:309 0.3455  0.6106  0.3606  0.6000  0.7000  0.2750  0.2750  0.3833  0.3833  0.6000  0.7000  0.2750  0.1459  0.000040
epoch:310 0.2455  0.3606  0.3606  0.6000  0.7000  0.1750  0.1750  0.2833  0.2833  0.6000  0.7000  0.1750  0.1467  0.000040
epoch:311 0.2455  0.3606  0.3606  0.6000  0.7000  0.1750  0.1750  0.2833  0.2833  0.6000  0.7000  0.1750  0.1466  0.000040
epoch:312 0.2455  0.3606  0.3606  0.6000  0.7000  0.1750  0.1750  0.2833  0.2833  0.6000  0.7000  0.1750  0.1458  0.000040
epoch:313 0.2387  0.3606  0.2921  0.5000  0.7000  0.1750  0.1750  0.2750  0.2750  0.5000  0.7000  0.1750  0.1470  0.000040
epoch:314 0.2387  0.3606  0.2921  0.5000  0.7000  0.1750  0.1750  0.2750  0.2750  0.5000  0.7000  0.1750  0.1464  0.000040
epoch:315 0.2455  0.3606  0.3606  0.6000  0.7000  0.1750  0.1750  0.2833  0.2833  0.6000  0.7000  0.1750  0.1451  0.000040
epoch:316 0.2387  0.3606  0.2921  0.5000  0.7000  0.1750  0.1750  0.2750  0.2750  0.5000  0.7000  0.1750  0.1457  0.000040
epoch:317 0.2387  0.3606  0.2921  0.5000  0.7000  0.1750  0.1750  0.2750  0.2750  0.5000  0.7000  0.1750  0.1457  0.000040
epoch:318 0.2498  0.3606  0.3606  0.6000  0.8000  0.1750  0.1750  0.2917  0.2917  0.6000  0.8000  0.1750  0.1459  0.000040
epoch:319 0.3248  0.6106  0.3606  0.6000  0.8000  0.2500  0.2500  0.3667  0.3667  0.6000  0.8000  0.2500  0.1457  0.000040
epoch:320 0.3455  0.6106  0.3606  0.6000  0.7000  0.2750  0.2750  0.3833  0.3833  0.6000  0.7000  0.2750  0.1451  0.000040
epoch:321 0.3705  0.6106  0.3606  0.6000  0.7000  0.3000  0.3000  0.4083  0.4083  0.6000  0.7000  0.3000  0.1458  0.000040
epoch:322 0.2455  0.3606  0.3606  0.6000  0.7000  0.1750  0.1750  0.2833  0.2833  0.6000  0.7000  0.1750  0.1460  0.000040
epoch:323 0.2455  0.3606  0.3606  0.6000  0.7000  0.1750  0.1750  0.2833  0.2833  0.6000  0.7000  0.1750  0.1456  0.000040
epoch:324 0.3248  0.6106  0.3606  0.6000  0.8000  0.2500  0.2500  0.3667  0.3667  0.6000  0.8000  0.2500  0.1458  0.000040
epoch:325 0.2455  0.3606  0.3606  0.6000  0.7000  0.1750  0.1750  0.2833  0.2833  0.6000  0.7000  0.1750  0.1454  0.000040
epoch:326 0.2387  0.3606  0.2921  0.5000  0.7000  0.1750  0.1750  0.2750  0.2750  0.5000  0.7000  0.1750  0.1450  0.000040
epoch:327 0.2455  0.3606  0.3606  0.6000  0.7000  0.1750  0.1750  0.2833  0.2833  0.6000  0.7000  0.1750  0.1446  0.000040
epoch:328 0.2455  0.3606  0.3606  0.6000  0.7000  0.1750  0.1750  0.2833  0.2833  0.6000  0.7000  0.1750  0.1464  0.000040
epoch:329 0.2387  0.3606  0.2921  0.5000  0.7000  0.1750  0.1750  0.2750  0.2750  0.5000  0.7000  0.1750  0.1459  0.000040
epoch:330 0.2637  0.6106  0.2921  0.5000  0.7000  0.2000  0.2000  0.3000  0.3000  0.5000  0.7000  0.2000  0.1456  0.000040
epoch:331 0.2455  0.3606  0.3606  0.6000  0.7000  0.1750  0.1750  0.2833  0.2833  0.6000  0.7000  0.1750  0.1456  0.000040
epoch:332 0.2387  0.3606  0.2921  0.5000  0.7000  0.1750  0.1750  0.2750  0.2750  0.5000  0.7000  0.1750  0.1439  0.000040
epoch:333 0.2455  0.3606  0.3606  0.6000  0.7000  0.1750  0.1750  0.2833  0.2833  0.6000  0.7000  0.1750  0.1456  0.000040
epoch:334 0.2455  0.3606  0.3606  0.6000  0.7000  0.1750  0.1750  0.2833  0.2833  0.6000  0.7000  0.1750  0.1450  0.000040
epoch:335 0.2455  0.3606  0.3606  0.6000  0.7000  0.1750  0.1750  0.2833  0.2833  0.6000  0.7000  0.1750  0.1441  0.000040
epoch:336 0.2387  0.3606  0.2921  0.5000  0.7000  0.1750  0.1750  0.2750  0.2750  0.5000  0.7000  0.1750  0.1452  0.000040
epoch:337 0.2611  0.3886  0.3342  0.5000  0.7000  0.1750  0.2333  0.2750  0.2750  0.5000  0.7000  0.1750  0.1449  0.000040
epoch:338 0.2429  0.3606  0.2921  0.5000  0.8000  0.1750  0.1750  0.2833  0.2833  0.5000  0.8000  0.1750  0.1443  0.000040
epoch:339 0.2387  0.3606  0.2921  0.5000  0.7000  0.1750  0.1750  0.2750  0.2750  0.5000  0.7000  0.1750  0.1450  0.000040
epoch:340 0.2705  0.3606  0.3606  0.6000  0.7000  0.2000  0.2000  0.3083  0.3083  0.6000  0.7000  0.2000  0.1436  0.000040
epoch:341 0.3705  0.6106  0.3606  0.6000  0.7000  0.3000  0.3000  0.4083  0.4083  0.6000  0.7000  0.3000  0.1447  0.000040
epoch:342 0.3705  0.6106  0.3606  0.6000  0.7000  0.3000  0.3000  0.4083  0.4083  0.6000  0.7000  0.3000  0.1439  0.000040
epoch:343 0.3455  0.6106  0.3606  0.6000  0.7000  0.2750  0.2750  0.3833  0.3833  0.6000  0.7000  0.2750  0.1445  0.000040
epoch:344 0.2387  0.3606  0.2921  0.5000  0.7000  0.1750  0.1750  0.2750  0.2750  0.5000  0.7000  0.1750  0.1438  0.000040
epoch:345 0.2705  0.3606  0.3606  0.6000  0.7000  0.2000  0.2000  0.3083  0.3083  0.6000  0.7000  0.2000  0.1436  0.000040
epoch:346 0.2637  0.6106  0.2921  0.5000  0.7000  0.2000  0.2000  0.3000  0.3000  0.5000  0.7000  0.2000  0.1448  0.000040
epoch:347 0.2387  0.3606  0.2921  0.5000  0.7000  0.1750  0.1750  0.2750  0.2750  0.5000  0.7000  0.1750  0.1434  0.000040
epoch:348 0.2455  0.3606  0.3606  0.6000  0.7000  0.1750  0.1750  0.2833  0.2833  0.6000  0.7000  0.1750  0.1437  0.000040
epoch:349 0.2705  0.6106  0.3606  0.6000  0.7000  0.2000  0.2000  0.3083  0.3083  0.6000  0.7000  0.2000  0.1439  0.000040
epoch:350 0.3498  0.6106  0.3606  0.6000  0.8000  0.2750  0.2750  0.3917  0.3917  0.6000  0.8000  0.2750  0.1439  0.000040
epoch:351 0.2387  0.3606  0.2921  0.5000  0.7000  0.1750  0.1750  0.2750  0.2750  0.5000  0.7000  0.1750  0.1439  0.000040
epoch:352 0.2387  0.3606  0.2921  0.5000  0.7000  0.1750  0.1750  0.2750  0.2750  0.5000  0.7000  0.1750  0.1443  0.000040
epoch:353 0.2205  0.3606  0.3606  0.6000  0.7000  0.1500  0.1500  0.2583  0.2583  0.6000  0.7000  0.1500  0.1446  0.000040
epoch:354 0.2705  0.3606  0.3606  0.6000  0.7000  0.2000  0.2000  0.3083  0.3083  0.6000  0.7000  0.2000  0.1444  0.000040
epoch:355 0.2498  0.3606  0.3606  0.6000  0.8000  0.1750  0.1750  0.2917  0.2917  0.6000  0.8000  0.1750  0.1439  0.000040
epoch:356 0.2455  0.3606  0.3606  0.6000  0.7000  0.1750  0.1750  0.2833  0.2833  0.6000  0.7000  0.1750  0.1445  0.000040
epoch:357 0.3955  0.6106  0.3606  0.6000  0.7000  0.3250  0.3250  0.4333  0.4333  0.6000  0.7000  0.3250  0.1444  0.000040
epoch:358 0.2387  0.3606  0.2921  0.5000  0.7000  0.1750  0.1750  0.2750  0.2750  0.5000  0.7000  0.1750  0.1434  0.000040
epoch:359 0.2705  0.3606  0.3606  0.6000  0.7000  0.2000  0.2000  0.3083  0.3083  0.6000  0.7000  0.2000  0.1435  0.000040
epoch:360 0.3387  0.6106  0.2921  0.5000  0.7000  0.2750  0.2750  0.3750  0.3750  0.5000  0.7000  0.2750  0.1420  0.000040
epoch:361 0.2637  0.3606  0.2921  0.5000  0.7000  0.2000  0.2000  0.3000  0.3000  0.5000  0.7000  0.2000  0.1422  0.000040
epoch:362 0.2387  0.3606  0.2921  0.5000  0.7000  0.1750  0.1750  0.2750  0.2750  0.5000  0.7000  0.1750  0.1448  0.000040
epoch:363 0.2429  0.3606  0.2921  0.5000  0.8000  0.1750  0.1750  0.2833  0.2833  0.5000  0.8000  0.1750  0.1432  0.000040
epoch:364 0.2455  0.3606  0.3606  0.6000  0.7000  0.1750  0.1750  0.2833  0.2833  0.6000  0.7000  0.1750  0.1427  0.000040
epoch:365 0.2387  0.3606  0.2921  0.5000  0.7000  0.1750  0.1750  0.2750  0.2750  0.5000  0.7000  0.1750  0.1449  0.000040
epoch:366 0.2387  0.3606  0.2921  0.5000  0.7000  0.1750  0.1750  0.2750  0.2750  0.5000  0.7000  0.1750  0.1438  0.000040
epoch:367 0.2205  0.3606  0.3606  0.6000  0.7000  0.1500  0.1500  0.2583  0.2583  0.6000  0.7000  0.1500  0.1427  0.000040
epoch:368 0.2455  0.3606  0.3606  0.6000  0.7000  0.1750  0.1750  0.2833  0.2833  0.6000  0.7000  0.1750  0.1419  0.000040
epoch:369 0.3705  0.6106  0.3606  0.6000  0.7000  0.3000  0.3000  0.4083  0.4083  0.6000  0.7000  0.3000  0.1428  0.000040
epoch:370 0.2137  0.3606  0.2921  0.5000  0.7000  0.1500  0.1500  0.2500  0.2500  0.5000  0.7000  0.1500  0.1430  0.000040
epoch:371 0.2387  0.3606  0.2921  0.5000  0.7000  0.1750  0.1750  0.2750  0.2750  0.5000  0.7000  0.1750  0.1432  0.000040
epoch:372 0.3705  0.6106  0.3606  0.6000  0.7000  0.3000  0.3000  0.4083  0.4083  0.6000  0.7000  0.3000  0.1426  0.000040
epoch:373 0.2455  0.3606  0.3606  0.6000  0.7000  0.1750  0.1750  0.2833  0.2833  0.6000  0.7000  0.1750  0.1431  0.000040
epoch:374 0.2387  0.3606  0.2921  0.5000  0.7000  0.1750  0.1750  0.2750  0.2750  0.5000  0.7000  0.1750  0.1435  0.000040
epoch:375 0.2637  0.6106  0.2921  0.5000  0.7000  0.2000  0.2000  0.3000  0.3000  0.5000  0.7000  0.2000  0.1425  0.000040
epoch:376 0.3498  0.6106  0.3606  0.6000  0.8000  0.2750  0.2750  0.3917  0.3917  0.6000  0.8000  0.2750  0.1419  0.000040
epoch:377 0.2387  0.3606  0.2921  0.5000  0.7000  0.1750  0.1750  0.2750  0.2750  0.5000  0.7000  0.1750  0.1432  0.000040
epoch:378 0.2455  0.3606  0.3606  0.6000  0.7000  0.1750  0.1750  0.2833  0.2833  0.6000  0.7000  0.1750  0.1424  0.000040
epoch:379 0.2387  0.3606  0.2921  0.5000  0.7000  0.1750  0.1750  0.2750  0.2750  0.5000  0.7000  0.1750  0.1420  0.000040
epoch:380 0.2611  0.3886  0.3342  0.5000  0.7000  0.1750  0.2333  0.2750  0.2750  0.5000  0.7000  0.1750  0.1426  0.000040
epoch:381 0.2137  0.3606  0.2921  0.5000  0.7000  0.1500  0.1500  0.2500  0.2500  0.5000  0.7000  0.1500  0.1411  0.000040
epoch:382 0.2137  0.3606  0.2921  0.5000  0.7000  0.1500  0.1500  0.2500  0.2500  0.5000  0.7000  0.1500  0.1426  0.000040
epoch:383 0.2637  0.3606  0.2921  0.5000  0.7000  0.2000  0.2000  0.3000  0.3000  0.5000  0.7000  0.2000  0.1427  0.000040
epoch:384 0.3498  0.6106  0.3606  0.6000  0.8000  0.2750  0.2750  0.3917  0.3917  0.6000  0.8000  0.2750  0.1420  0.000040
epoch:385 0.2387  0.3606  0.2921  0.5000  0.7000  0.1750  0.1750  0.2750  0.2750  0.5000  0.7000  0.1750  0.1439  0.000040
epoch:386 0.2387  0.3606  0.2921  0.5000  0.7000  0.1750  0.1750  0.2750  0.2750  0.5000  0.7000  0.1750  0.1427  0.000040
epoch:387 0.2455  0.3606  0.3606  0.6000  0.7000  0.1750  0.1750  0.2833  0.2833  0.6000  0.7000  0.1750  0.1408  0.000040
epoch:388 0.2861  0.6386  0.3342  0.5000  0.7000  0.2000  0.2583  0.3000  0.3000  0.5000  0.7000  0.2000  0.1417  0.000040
epoch:389 0.2455  0.6106  0.3606  0.6000  0.7000  0.1750  0.1750  0.2833  0.2833  0.6000  0.7000  0.1750  0.1424  0.000040
epoch:390 0.2955  0.6106  0.3606  0.6000  0.7000  0.2250  0.2250  0.3333  0.3333  0.6000  0.7000  0.2250  0.1413  0.000040
epoch:391 0.2455  0.3606  0.3606  0.6000  0.7000  0.1750  0.1750  0.2833  0.2833  0.6000  0.7000  0.1750  0.1421  0.000040
epoch:392 0.2387  0.3606  0.2921  0.5000  0.7000  0.1750  0.1750  0.2750  0.2750  0.5000  0.7000  0.1750  0.1414  0.000040
epoch:393 0.2705  0.3606  0.3606  0.6000  0.7000  0.2000  0.2000  0.3083  0.3083  0.6000  0.7000  0.2000  0.1414  0.000040
epoch:394 0.2429  0.3606  0.2921  0.5000  0.8000  0.1750  0.1750  0.2833  0.2833  0.5000  0.8000  0.1750  0.1422  0.000040
epoch:395 0.2429  0.3606  0.2921  0.5000  0.8000  0.1750  0.1750  0.2833  0.2833  0.5000  0.8000  0.1750  0.1425  0.000040
epoch:396 0.2416  0.3886  0.3886  0.6000  0.7000  0.1500  0.2083  0.2583  0.2583  0.6000  0.7000  0.1500  0.1412  0.000040
epoch:397 0.2455  0.3606  0.3606  0.6000  0.7000  0.1750  0.1750  0.2833  0.2833  0.6000  0.7000  0.1750  0.1421  0.000040
epoch:398 0.2137  0.3606  0.2921  0.5000  0.7000  0.1500  0.1500  0.2500  0.2500  0.5000  0.7000  0.1500  0.1407  0.000040
epoch:399 0.2387  0.3606  0.2921  0.5000  0.7000  0.1750  0.1750  0.2750  0.2750  0.5000  0.7000  0.1750  0.1414  0.000040
epoch:400 0.2498  0.3606  0.3606  0.6000  0.8000  0.1750  0.1750  0.2917  0.2917  0.6000  0.8000  0.1750  0.1418  0.000040
epoch:401 0.2416  0.3886  0.3886  0.6000  0.7000  0.1500  0.2083  0.2583  0.2583  0.6000  0.7000  0.1500  0.1401  0.000040
epoch:402 0.3637  0.6106  0.2921  0.5000  0.7000  0.3000  0.3000  0.4000  0.4000  0.5000  0.7000  0.3000  0.1401  0.000040
epoch:403 0.2455  0.3606  0.3606  0.6000  0.7000  0.1750  0.1750  0.2833  0.2833  0.6000  0.7000  0.1750  0.1409  0.000040
epoch:404 0.2611  0.3886  0.3342  0.5000  0.7000  0.1750  0.2333  0.2750  0.2750  0.5000  0.7000  0.1750  0.1407  0.000040
epoch:405 0.2137  0.3606  0.2921  0.5000  0.7000  0.1500  0.1500  0.2500  0.2500  0.5000  0.7000  0.1500  0.1406  0.000040
epoch:406 0.2387  0.3606  0.2921  0.5000  0.7000  0.1750  0.1750  0.2750  0.2750  0.5000  0.7000  0.1750  0.1394  0.000040
epoch:407 0.2498  0.3606  0.3606  0.6000  0.8000  0.1750  0.1750  0.2917  0.2917  0.6000  0.8000  0.1750  0.1398  0.000040
epoch:408 0.2455  0.3606  0.3606  0.6000  0.7000  0.1750  0.1750  0.2833  0.2833  0.6000  0.7000  0.1750  0.1403  0.000040
epoch:409 0.2137  0.3606  0.2921  0.5000  0.7000  0.1500  0.1500  0.2500  0.2500  0.5000  0.7000  0.1500  0.1406  0.000040
epoch:410 0.2429  0.3606  0.2921  0.5000  0.8000  0.1750  0.1750  0.2833  0.2833  0.5000  0.8000  0.1750  0.1402  0.000040
epoch:411 0.2387  0.3606  0.2921  0.5000  0.7000  0.1750  0.1750  0.2750  0.2750  0.5000  0.7000  0.1750  0.1422  0.000040
epoch:412 0.2387  0.3606  0.2921  0.5000  0.7000  0.1750  0.1750  0.2750  0.2750  0.5000  0.7000  0.1750  0.1421  0.000040
epoch:413 0.2455  0.3606  0.3606  0.6000  0.7000  0.1750  0.1750  0.2833  0.2833  0.6000  0.7000  0.1750  0.1409  0.000040
epoch:414 0.2455  0.3606  0.3606  0.6000  0.7000  0.1750  0.1750  0.2833  0.2833  0.6000  0.7000  0.1750  0.1399  0.000040
epoch:415 0.2455  0.3606  0.3606  0.6000  0.7000  0.1750  0.1750  0.2833  0.2833  0.6000  0.7000  0.1750  0.1392  0.000040
epoch:416 0.2387  0.3606  0.2921  0.5000  0.7000  0.1750  0.1750  0.2750  0.2750  0.5000  0.7000  0.1750  0.1413  0.000040
epoch:417 0.2455  0.3606  0.3606  0.6000  0.7000  0.1750  0.1750  0.2833  0.2833  0.6000  0.7000  0.1750  0.1403  0.000040
epoch:418 0.2720  0.3886  0.3886  0.7000  0.7000  0.1750  0.2333  0.2917  0.2917  0.7000  0.7000  0.1750  0.1400  0.000040
epoch:419 0.2455  0.3606  0.3606  0.6000  0.7000  0.1750  0.1750  0.2833  0.2833  0.6000  0.7000  0.1750  0.1404  0.000040
epoch:420 0.3137  0.6106  0.2921  0.5000  0.7000  0.2500  0.2500  0.3500  0.3500  0.5000  0.7000  0.2500  0.1398  0.000040
epoch:421 0.2387  0.3606  0.2921  0.5000  0.7000  0.1750  0.1750  0.2750  0.2750  0.5000  0.7000  0.1750  0.1398  0.000040
epoch:422 0.2455  0.3606  0.3606  0.6000  0.7000  0.1750  0.1750  0.2833  0.2833  0.6000  0.7000  0.1750  0.1405  0.000040
epoch:423 0.2387  0.3606  0.2921  0.5000  0.7000  0.1750  0.1750  0.2750  0.2750  0.5000  0.7000  0.1750  0.1405  0.000040
epoch:424 0.2387  0.3606  0.2921  0.5000  0.7000  0.1750  0.1750  0.2750  0.2750  0.5000  0.7000  0.1750  0.1408  0.000040
epoch:425 0.2705  0.3606  0.3606  0.6000  0.7000  0.2000  0.2000  0.3083  0.3083  0.6000  0.7000  0.2000  0.1399  0.000040
epoch:426 0.3955  0.6106  0.3606  0.6000  0.7000  0.3250  0.3250  0.4333  0.4333  0.6000  0.7000  0.3250  0.1398  0.000040
epoch:427 0.2137  0.3606  0.2921  0.5000  0.7000  0.1500  0.1500  0.2500  0.2500  0.5000  0.7000  0.1500  0.1386  0.000040
epoch:428 0.4205  0.6106  0.6106  0.6000  0.7000  0.3500  0.3500  0.4583  0.4583  0.6000  0.7000  0.3500  0.1403  0.000040
epoch:429 0.2637  0.3606  0.2921  0.5000  0.7000  0.2000  0.2000  0.3000  0.3000  0.5000  0.7000  0.2000  0.1396  0.000040
epoch:430 0.2637  0.3606  0.2921  0.5000  0.7000  0.2000  0.2000  0.3000  0.3000  0.5000  0.7000  0.2000  0.1389  0.000040
epoch:431 0.2637  0.3606  0.2921  0.5000  0.7000  0.2000  0.2000  0.3000  0.3000  0.5000  0.7000  0.2000  0.1405  0.000040
epoch:432 0.2387  0.3606  0.2921  0.5000  0.7000  0.1750  0.1750  0.2750  0.2750  0.5000  0.7000  0.1750  0.1400  0.000040
epoch:433 0.2387  0.3606  0.2921  0.5000  0.7000  0.1750  0.1750  0.2750  0.2750  0.5000  0.7000  0.1750  0.1388  0.000040
epoch:434 0.2387  0.3606  0.2921  0.5000  0.7000  0.1750  0.1750  0.2750  0.2750  0.5000  0.7000  0.1750  0.1390  0.000040
epoch:435 0.2387  0.3606  0.2921  0.5000  0.7000  0.1750  0.1750  0.2750  0.2750  0.5000  0.7000  0.1750  0.1401  0.000040
epoch:436 0.2387  0.3606  0.2921  0.5000  0.7000  0.1750  0.1750  0.2750  0.2750  0.5000  0.7000  0.1750  0.1389  0.000040
epoch:437 0.3887  0.6106  0.2921  0.5000  0.7000  0.3250  0.3250  0.4250  0.4250  0.5000  0.7000  0.3250  0.1409  0.000040
epoch:438 0.2637  0.3606  0.2921  0.5000  0.7000  0.2000  0.2000  0.3000  0.3000  0.5000  0.7000  0.2000  0.1396  0.000040
epoch:439 0.3498  0.6106  0.3606  0.6000  0.8000  0.2750  0.2750  0.3917  0.3917  0.6000  0.8000  0.2750  0.1400  0.000040
epoch:440 0.2387  0.3606  0.2921  0.5000  0.7000  0.1750  0.1750  0.2750  0.2750  0.5000  0.7000  0.1750  0.1403  0.000040
epoch:441 0.2387  0.3606  0.2921  0.5000  0.7000  0.1750  0.1750  0.2750  0.2750  0.5000  0.7000  0.1750  0.1382  0.000040
epoch:442 0.2455  0.3606  0.3606  0.6000  0.7000  0.1750  0.1750  0.2833  0.2833  0.6000  0.7000  0.1750  0.1387  0.000040
epoch:443 0.2705  0.3606  0.3606  0.6000  0.7000  0.2000  0.2000  0.3083  0.3083  0.6000  0.7000  0.2000  0.1401  0.000040
epoch:444 0.2387  0.3606  0.2921  0.5000  0.7000  0.1750  0.1750  0.2750  0.2750  0.5000  0.7000  0.1750  0.1387  0.000040
epoch:445 0.2387  0.3606  0.2921  0.5000  0.7000  0.1750  0.1750  0.2750  0.2750  0.5000  0.7000  0.1750  0.1389  0.000040
epoch:446 0.2748  0.3606  0.3606  0.6000  0.8000  0.2000  0.2000  0.3167  0.3167  0.6000  0.8000  0.2000  0.1385  0.000040
epoch:447 0.2705  0.3606  0.3606  0.6000  0.7000  0.2000  0.2000  0.3083  0.3083  0.6000  0.7000  0.2000  0.1395  0.000040
epoch:448 0.2387  0.3606  0.2921  0.5000  0.7000  0.1750  0.1750  0.2750  0.2750  0.5000  0.7000  0.1750  0.1399  0.000040
epoch:449 0.3705  0.6106  0.3606  0.6000  0.7000  0.3000  0.3000  0.4083  0.4083  0.6000  0.7000  0.3000  0.1393  0.000040
epoch:450 0.2455  0.3606  0.3606  0.6000  0.7000  0.1750  0.1750  0.2833  0.2833  0.6000  0.7000  0.1750  0.1385  0.000040
epoch:451 0.2429  0.3606  0.2921  0.5000  0.8000  0.1750  0.1750  0.2833  0.2833  0.5000  0.8000  0.1750  0.1389  0.000040
epoch:452 0.2455  0.3606  0.3606  0.6000  0.7000  0.1750  0.1750  0.2833  0.2833  0.6000  0.7000  0.1750  0.1396  0.000040
epoch:453 0.2705  0.3606  0.3606  0.6000  0.7000  0.2000  0.2000  0.3083  0.3083  0.6000  0.7000  0.2000  0.1395  0.000040
epoch:454 0.2498  0.3606  0.3606  0.6000  0.8000  0.1750  0.1750  0.2917  0.2917  0.6000  0.8000  0.1750  0.1376  0.000040
epoch:455 0.2429  0.3606  0.2921  0.5000  0.8000  0.1750  0.1750  0.2833  0.2833  0.5000  0.8000  0.1750  0.1381  0.000040
epoch:456 0.2498  0.3606  0.3606  0.6000  0.8000  0.1750  0.1750  0.2917  0.2917  0.6000  0.8000  0.1750  0.1377  0.000040
epoch:457 0.2705  0.3606  0.3606  0.6000  0.7000  0.2000  0.2000  0.3083  0.3083  0.6000  0.7000  0.2000  0.1383  0.000040
epoch:458 0.2748  0.3606  0.3606  0.6000  0.8000  0.2000  0.2000  0.3167  0.3167  0.6000  0.8000  0.2000  0.1386  0.000040
epoch:459 0.2361  0.3886  0.3342  0.5000  0.7000  0.1500  0.2083  0.2500  0.2500  0.5000  0.7000  0.1500  0.1375  0.000040
epoch:460 0.2679  0.3606  0.2921  0.5000  0.8000  0.2000  0.2000  0.3083  0.3083  0.5000  0.8000  0.2000  0.1389  0.000040
epoch:461 0.2455  0.3606  0.3606  0.6000  0.7000  0.1750  0.1750  0.2833  0.2833  0.6000  0.7000  0.1750  0.1378  0.000040
epoch:462 0.2455  0.3606  0.3606  0.6000  0.7000  0.1750  0.1750  0.2833  0.2833  0.6000  0.7000  0.1750  0.1388  0.000040
epoch:463 0.2387  0.3606  0.2921  0.5000  0.7000  0.1750  0.1750  0.2750  0.2750  0.5000  0.7000  0.1750  0.1379  0.000040
epoch:464 0.2248  0.3606  0.3606  0.6000  0.8000  0.1500  0.1500  0.2667  0.2667  0.6000  0.8000  0.1500  0.1390  0.000040
epoch:465 0.2387  0.3606  0.2921  0.5000  0.7000  0.1750  0.1750  0.2750  0.2750  0.5000  0.7000  0.1750  0.1382  0.000040
epoch:466 0.3248  0.6106  0.3606  0.6000  0.8000  0.2500  0.2500  0.3667  0.3667  0.6000  0.8000  0.2500  0.1379  0.000040
epoch:467 0.2387  0.3606  0.2921  0.5000  0.7000  0.1750  0.1750  0.2750  0.2750  0.5000  0.7000  0.1750  0.1373  0.000040
epoch:468 0.2387  0.3606  0.2921  0.5000  0.7000  0.1750  0.1750  0.2750  0.2750  0.5000  0.7000  0.1750  0.1379  0.000040
epoch:469 0.2137  0.3606  0.2921  0.5000  0.7000  0.1500  0.1500  0.2500  0.2500  0.5000  0.7000  0.1500  0.1380  0.000040
epoch:470 0.2387  0.3606  0.2921  0.5000  0.7000  0.1750  0.1750  0.2750  0.2750  0.5000  0.7000  0.1750  0.1371  0.000040
epoch:471 0.2455  0.3606  0.3606  0.6000  0.7000  0.1750  0.1750  0.2833  0.2833  0.6000  0.7000  0.1750  0.1376  0.000040
epoch:472 0.2429  0.3606  0.2921  0.5000  0.8000  0.1750  0.1750  0.2833  0.2833  0.5000  0.8000  0.1750  0.1372  0.000040
epoch:473 0.2705  0.3606  0.3606  0.6000  0.7000  0.2000  0.2000  0.3083  0.3083  0.6000  0.7000  0.2000  0.1372  0.000040
epoch:474 0.2455  0.3606  0.3606  0.6000  0.7000  0.1750  0.1750  0.2833  0.2833  0.6000  0.7000  0.1750  0.1389  0.000040
epoch:475 0.2387  0.3606  0.2921  0.5000  0.7000  0.1750  0.1750  0.2750  0.2750  0.5000  0.7000  0.1750  0.1361  0.000040
epoch:476 0.2637  0.6106  0.2921  0.5000  0.7000  0.2000  0.2000  0.3000  0.3000  0.5000  0.7000  0.2000  0.1376  0.000040
epoch:477 0.2998  0.6106  0.3606  0.6000  0.8000  0.2250  0.2250  0.3417  0.3417  0.6000  0.8000  0.2250  0.1362  0.000040
epoch:478 0.3248  0.8606  0.3606  0.6000  0.8000  0.2500  0.2500  0.3667  0.3667  0.6000  0.8000  0.2500  0.1373  0.000040
epoch:479 0.2637  0.3606  0.2921  0.5000  0.7000  0.2000  0.2000  0.3000  0.3000  0.5000  0.7000  0.2000  0.1366  0.000040
epoch:480 0.2748  0.3606  0.3606  0.6000  0.8000  0.2000  0.2000  0.3167  0.3167  0.6000  0.8000  0.2000  0.1375  0.000040
epoch:481 0.3705  0.6106  0.3606  0.6000  0.7000  0.3000  0.3000  0.4083  0.4083  0.6000  0.7000  0.3000  0.1380  0.000040
epoch:482 0.2387  0.3606  0.2921  0.5000  0.7000  0.1750  0.1750  0.2750  0.2750  0.5000  0.7000  0.1750  0.1357  0.000040
epoch:483 0.2387  0.3606  0.2921  0.5000  0.7000  0.1750  0.1750  0.2750  0.2750  0.5000  0.7000  0.1750  0.1369  0.000040
epoch:484 0.2455  0.3606  0.3606  0.6000  0.7000  0.1750  0.1750  0.2833  0.2833  0.6000  0.7000  0.1750  0.1365  0.000040
epoch:485 0.2137  0.3606  0.2921  0.5000  0.7000  0.1500  0.1500  0.2500  0.2500  0.5000  0.7000  0.1500  0.1374  0.000040
epoch:486 0.2387  0.3606  0.2921  0.5000  0.7000  0.1750  0.1750  0.2750  0.2750  0.5000  0.7000  0.1750  0.1374  0.000040
epoch:487 0.3955  0.6106  0.3606  0.6000  0.7000  0.3250  0.3250  0.4333  0.4333  0.6000  0.7000  0.3250  0.1367  0.000040
epoch:488 0.2361  0.3886  0.3342  0.5000  0.7000  0.1500  0.2083  0.2500  0.2500  0.5000  0.7000  0.1500  0.1361  0.000040
epoch:489 0.2955  0.6106  0.3606  0.6000  0.7000  0.2250  0.2250  0.3333  0.3333  0.6000  0.7000  0.2250  0.1364  0.000040
epoch:490 0.2498  0.3606  0.3606  0.6000  0.8000  0.1750  0.1750  0.2917  0.2917  0.6000  0.8000  0.1750  0.1376  0.000040
epoch:491 0.2387  0.3606  0.2921  0.5000  0.7000  0.1750  0.1750  0.2750  0.2750  0.5000  0.7000  0.1750  0.1378  0.000040
epoch:492 0.2429  0.3606  0.2921  0.5000  0.8000  0.1750  0.1750  0.2833  0.2833  0.5000  0.8000  0.1750  0.1368  0.000040
epoch:493 0.2637  0.3606  0.2921  0.5000  0.7000  0.2000  0.2000  0.3000  0.3000  0.5000  0.7000  0.2000  0.1368  0.000040
epoch:494 0.2455  0.3606  0.3606  0.6000  0.7000  0.1750  0.1750  0.2833  0.2833  0.6000  0.7000  0.1750  0.1379  0.000040
epoch:495 0.2637  0.6106  0.2921  0.5000  0.7000  0.2000  0.2000  0.3000  0.3000  0.5000  0.7000  0.2000  0.1361  0.000040
epoch:496 0.2387  0.3606  0.2921  0.5000  0.7000  0.1750  0.1750  0.2750  0.2750  0.5000  0.7000  0.1750  0.1361  0.000040
epoch:497 0.2705  0.3606  0.3606  0.6000  0.7000  0.2000  0.2000  0.3083  0.3083  0.6000  0.7000  0.2000  0.1377  0.000040
epoch:498 0.2498  0.3606  0.3606  0.6000  0.8000  0.1750  0.1750  0.2917  0.2917  0.6000  0.8000  0.1750  0.1361  0.000040
epoch:499 0.3705  0.6106  0.3606  0.6000  0.7000  0.3000  0.3000  0.4083  0.4083  0.6000  0.7000  0.3000  0.1368  0.000040
epoch:500 0.3455  0.6106  0.3606  0.6000  0.7000  0.2750  0.2750  0.3833  0.3833  0.6000  0.7000  0.2750  0.1371  0.000040
