epoch:0 0.0472  0.1549  0.0124  0.0432  0.1020  0.0451  0.0639  0.1689  0.1914  0.0429  0.1416  0.1957  1.8163  0.004000
epoch:1 0.2616  0.5145  0.2133  0.1958  0.3190  0.2323  0.2735  0.3831  0.3903  0.2155  0.4201  0.3597  1.2018  0.004000
epoch:2 0.4190  0.8639  0.2695  0.3025  0.5137  0.3608  0.4073  0.5201  0.5234  0.3440  0.5580  0.5139  0.8987  0.004000
epoch:3 0.5463  0.8939  0.5947  0.3209  0.5276  0.4982  0.5200  0.5988  0.5988  0.3357  0.5683  0.5909  0.7231  0.004000
epoch:4 0.5637  0.9150  0.6281  0.3594  0.4758  0.5519  0.5524  0.6156  0.6156  0.3810  0.5299  0.6015  0.6206  0.004000
epoch:5 0.6256  0.9262  0.7214  0.4395  0.5448  0.6135  0.5969  0.6738  0.6738  0.4762  0.5803  0.6624  0.5529  0.004000
epoch:6 0.6813  0.9339  0.7684  0.5494  0.5479  0.6779  0.6542  0.7197  0.7203  0.5595  0.5915  0.7072  0.5040  0.004000
epoch:7 0.6750  0.9319  0.7038  0.5071  0.5283  0.6772  0.6456  0.7163  0.7163  0.5095  0.5659  0.7390  0.4629  0.004000
epoch:8 0.6592  0.9340  0.6865  0.4109  0.5187  0.6902  0.6391  0.7096  0.7096  0.4107  0.5581  0.7601  0.4239  0.004000
epoch:9 0.6815  0.9317  0.7259  0.3884  0.5411  0.7231  0.6553  0.7247  0.7247  0.3964  0.5978  0.7790  0.4033  0.004000
epoch:10 0.6935  0.9367  0.7748  0.4681  0.5911  0.7242  0.6616  0.7382  0.7382  0.5048  0.6511  0.7697  0.3762  0.004000
epoch:11 0.6996  0.9347  0.7704  0.4282  0.5487  0.7371  0.6665  0.7359  0.7359  0.4393  0.5980  0.7722  0.3519  0.004000
epoch:12 0.6963  0.9260  0.7974  0.4535  0.5549  0.7351  0.6713  0.7394  0.7394  0.4571  0.6218  0.7872  0.3345  0.004000
epoch:13 0.6778  0.9299  0.7988  0.4962  0.5572  0.7193  0.6467  0.7146  0.7146  0.5083  0.6155  0.7532  0.3212  0.004000
epoch:14 0.6944  0.9406  0.7367  0.4334  0.5103  0.7436  0.6714  0.7425  0.7425  0.4452  0.5698  0.8026  0.3113  0.004000
epoch:15 0.6978  0.9284  0.7785  0.4251  0.5438  0.7414  0.6732  0.7384  0.7384  0.4250  0.6025  0.7779  0.2984  0.004000
epoch:16 0.6933  0.9363  0.7520  0.5455  0.5487  0.7349  0.6693  0.7374  0.7374  0.5536  0.6060  0.7833  0.2718  0.000400
epoch:17 0.7440  0.9367  0.7880  0.5505  0.5578  0.7834  0.7170  0.7840  0.7840  0.5583  0.6092  0.8250  0.2615  0.000400
epoch:18 0.7230  0.9352  0.7664  0.5422  0.5452  0.7668  0.6943  0.7637  0.7637  0.5500  0.6044  0.8088  0.2534  0.000400
epoch:19 0.6971  0.9356  0.7635  0.5376  0.5434  0.7403  0.6751  0.7432  0.7432  0.5500  0.5968  0.7904  0.2549  0.000400
epoch:20 0.7278  0.9366  0.7698  0.5363  0.5525  0.7676  0.7007  0.7686  0.7686  0.5440  0.6142  0.8128  0.2490  0.000400
epoch:21 0.7452  0.9359  0.7766  0.5380  0.5385  0.7892  0.7179  0.7855  0.7855  0.5452  0.5940  0.8321  0.2463  0.000400
epoch:22 0.7128  0.9357  0.7731  0.5426  0.5529  0.7568  0.6819  0.7523  0.7523  0.5548  0.6155  0.7959  0.2441  0.000040
epoch:23 0.7438  0.9359  0.7770  0.5459  0.5498  0.7834  0.7157  0.7833  0.7833  0.5536  0.6123  0.8252  0.2429  0.000040
epoch:24 0.7094  0.9293  0.7692  0.4472  0.5563  0.7537  0.6786  0.7465  0.7465  0.4548  0.6127  0.7929  0.2430  0.000040
epoch:25 0.7065  0.9358  0.7779  0.5376  0.5531  0.7520  0.6797  0.7466  0.7466  0.5452  0.6143  0.7958  0.2430  0.000040
epoch:26 0.7085  0.9353  0.7769  0.5376  0.5400  0.7533  0.6830  0.7502  0.7502  0.5452  0.5996  0.8022  0.2427  0.000040
epoch:27 0.7099  0.9373  0.7892  0.5422  0.5559  0.7560  0.6828  0.7503  0.7503  0.5500  0.6186  0.7993  0.2437  0.000040
epoch:28 0.7073  0.9366  0.7754  0.5330  0.5386  0.7501  0.6827  0.7497  0.7497  0.5405  0.6024  0.7956  0.2413  0.000040
epoch:29 0.7354  0.9366  0.7624  0.5327  0.5369  0.7755  0.7094  0.7764  0.7764  0.5405  0.5936  0.8202  0.2416  0.000040
epoch:30 0.7101  0.9362  0.7765  0.5327  0.5423  0.7546  0.6848  0.7518  0.7518  0.5405  0.6043  0.7969  0.2425  0.000040
epoch:31 0.7228  0.9350  0.7728  0.5426  0.5453  0.7660  0.6962  0.7638  0.7638  0.5500  0.5996  0.8088  0.2421  0.000040
epoch:32 0.7258  0.9366  0.7807  0.5426  0.5393  0.7700  0.6980  0.7662  0.7662  0.5500  0.5940  0.8164  0.2425  0.000040
epoch:33 0.7258  0.9465  0.7740  0.5363  0.5332  0.7703  0.6987  0.7654  0.7654  0.5440  0.5936  0.8131  0.2396  0.000040
epoch:34 0.7263  0.9360  0.7751  0.5380  0.5448  0.7688  0.6975  0.7660  0.7660  0.5452  0.6035  0.8114  0.2402  0.000040
epoch:35 0.6972  0.9354  0.7759  0.5472  0.5443  0.7415  0.6687  0.7387  0.7387  0.5548  0.5980  0.7825  0.2405  0.000040
epoch:36 0.7246  0.9362  0.7766  0.5380  0.5384  0.7684  0.6975  0.7645  0.7645  0.5452  0.5976  0.8117  0.2393  0.000040
epoch:37 0.7100  0.9270  0.7831  0.5426  0.5406  0.7537  0.6817  0.7492  0.7492  0.5500  0.5976  0.7963  0.2400  0.000040
epoch:38 0.7302  0.9367  0.7766  0.5360  0.5488  0.7707  0.7034  0.7704  0.7704  0.5440  0.6039  0.8157  0.2418  0.000040
epoch:39 0.7246  0.9357  0.7786  0.5426  0.5412  0.7665  0.6982  0.7655  0.7655  0.5500  0.5964  0.8104  0.2395  0.000040
epoch:40 0.7097  0.9350  0.7758  0.5472  0.5543  0.7486  0.6791  0.7494  0.7494  0.5548  0.6083  0.7922  0.2415  0.000040
epoch:41 0.7273  0.9354  0.7725  0.5376  0.5468  0.7648  0.6997  0.7673  0.7673  0.5452  0.6063  0.8096  0.2388  0.000040
epoch:42 0.7098  0.9457  0.7768  0.5554  0.5506  0.7476  0.6802  0.7480  0.7480  0.5631  0.5964  0.7914  0.2377  0.000040
epoch:43 0.7251  0.9454  0.7728  0.5472  0.5410  0.7664  0.6954  0.7663  0.7663  0.5548  0.5936  0.8118  0.2392  0.000040
epoch:44 0.7036  0.9357  0.7670  0.5326  0.5478  0.7441  0.6758  0.7430  0.7430  0.5452  0.6024  0.7877  0.2391  0.000040
epoch:45 0.7061  0.9361  0.7859  0.5422  0.5498  0.7478  0.6750  0.7456  0.7456  0.5500  0.6043  0.7888  0.2389  0.000040
epoch:46 0.7087  0.9349  0.7766  0.5422  0.5422  0.7518  0.6816  0.7492  0.7492  0.5500  0.6000  0.7945  0.2387  0.000040
epoch:47 0.7110  0.9462  0.7667  0.5462  0.5447  0.7514  0.6842  0.7517  0.7517  0.5536  0.6043  0.7918  0.2386  0.000040
epoch:48 0.7070  0.9469  0.7746  0.5462  0.5433  0.7470  0.6798  0.7468  0.7468  0.5536  0.5980  0.7884  0.2363  0.000040
epoch:49 0.7285  0.9454  0.7760  0.5376  0.5472  0.7737  0.7016  0.7692  0.7692  0.5452  0.6020  0.8167  0.2387  0.000040
epoch:50 0.7107  0.9285  0.7826  0.4376  0.5613  0.7568  0.6793  0.7469  0.7469  0.4500  0.6131  0.7932  0.2362  0.000040
epoch:51 0.7062  0.9460  0.7772  0.5472  0.5489  0.7509  0.6753  0.7459  0.7459  0.5548  0.6079  0.7903  0.2388  0.000040
epoch:52 0.7058  0.9372  0.7676  0.5413  0.5365  0.7460  0.6770  0.7443  0.7443  0.5488  0.5960  0.7855  0.2379  0.000040
epoch:53 0.7264  0.9475  0.7722  0.5363  0.5313  0.7711  0.6994  0.7664  0.7664  0.5440  0.5901  0.8117  0.2370  0.000040
epoch:54 0.7054  0.9459  0.7671  0.5472  0.5432  0.7491  0.6764  0.7442  0.7442  0.5548  0.5976  0.7895  0.2380  0.000040
epoch:55 0.7252  0.9357  0.7745  0.5431  0.5403  0.7674  0.6977  0.7647  0.7647  0.5536  0.5980  0.8099  0.2366  0.000040
epoch:56 0.7075  0.9360  0.7791  0.5459  0.5463  0.7489  0.6811  0.7480  0.7480  0.5536  0.6000  0.7927  0.2382  0.000040
epoch:57 0.7074  0.9462  0.7712  0.5462  0.5430  0.7457  0.6766  0.7442  0.7442  0.5536  0.5936  0.7821  0.2373  0.000040
epoch:58 0.7048  0.9347  0.7831  0.5426  0.5565  0.7509  0.6743  0.7443  0.7443  0.5548  0.6167  0.7922  0.2388  0.000040
epoch:59 0.7080  0.9361  0.7776  0.5472  0.5421  0.7515  0.6758  0.7465  0.7465  0.5548  0.5912  0.7927  0.2355  0.000040
epoch:60 0.7098  0.9355  0.7723  0.5505  0.5395  0.7486  0.6783  0.7462  0.7462  0.5583  0.5896  0.7879  0.2346  0.000040
epoch:61 0.7077  0.9473  0.7721  0.5413  0.5455  0.7478  0.6811  0.7486  0.7486  0.5488  0.6020  0.7937  0.2365  0.000040
epoch:62 0.7070  0.9366  0.7623  0.5413  0.5419  0.7523  0.6811  0.7478  0.7478  0.5488  0.6004  0.7924  0.2354  0.000040
epoch:63 0.7263  0.9472  0.7688  0.5413  0.5357  0.7703  0.6982  0.7657  0.7657  0.5488  0.5980  0.8117  0.2359  0.000040
epoch:64 0.7094  0.9468  0.7772  0.5330  0.5430  0.7538  0.6802  0.7472  0.7472  0.5405  0.5936  0.7940  0.2359  0.000040
epoch:65 0.7049  0.9343  0.7664  0.5376  0.5504  0.7461  0.6734  0.7440  0.7440  0.5500  0.6067  0.7830  0.2346  0.000040
epoch:66 0.7105  0.9479  0.7748  0.5462  0.5464  0.7546  0.6829  0.7504  0.7504  0.5536  0.6055  0.7974  0.2340  0.000040
epoch:67 0.7110  0.9363  0.7803  0.5426  0.5459  0.7504  0.6826  0.7508  0.7508  0.5500  0.6063  0.7948  0.2369  0.000040
epoch:68 0.7124  0.9465  0.7787  0.5363  0.5404  0.7564  0.6828  0.7491  0.7491  0.5440  0.5917  0.7969  0.2323  0.000040
epoch:69 0.7082  0.9353  0.7775  0.5459  0.5506  0.7507  0.6826  0.7499  0.7499  0.5536  0.6103  0.7974  0.2331  0.000040
epoch:70 0.7093  0.9356  0.7918  0.5337  0.5460  0.7523  0.6818  0.7488  0.7488  0.5452  0.6040  0.7942  0.2327  0.000040
epoch:71 0.7125  0.9360  0.7904  0.5508  0.5550  0.7602  0.6840  0.7521  0.7521  0.5583  0.6146  0.8032  0.2354  0.000040
epoch:72 0.7040  0.9459  0.7684  0.5472  0.5363  0.7490  0.6731  0.7437  0.7437  0.5548  0.5893  0.7871  0.2338  0.000040
epoch:73 0.7120  0.9464  0.7742  0.5508  0.5423  0.7543  0.6839  0.7518  0.7518  0.5583  0.6039  0.7966  0.2364  0.000040
epoch:74 0.7108  0.9350  0.7870  0.5376  0.5487  0.7536  0.6795  0.7493  0.7493  0.5500  0.6004  0.7924  0.2324  0.000040
epoch:75 0.7091  0.9355  0.7742  0.5472  0.5447  0.7547  0.6768  0.7469  0.7469  0.5548  0.5980  0.7924  0.2340  0.000040
epoch:76 0.7151  0.9475  0.7759  0.5470  0.5380  0.7574  0.6870  0.7549  0.7549  0.5583  0.6004  0.7993  0.2322  0.000040
epoch:77 0.7101  0.9468  0.7728  0.5459  0.5409  0.7556  0.6826  0.7502  0.7502  0.5536  0.5956  0.8011  0.2338  0.000040
epoch:78 0.7069  0.9357  0.7776  0.5376  0.5377  0.7520  0.6818  0.7496  0.7496  0.5452  0.6039  0.7956  0.2335  0.000040
epoch:79 0.7069  0.9359  0.7703  0.5376  0.5461  0.7510  0.6766  0.7467  0.7467  0.5500  0.6000  0.7913  0.2320  0.000040
epoch:80 0.7082  0.9363  0.7748  0.5422  0.5332  0.7534  0.6826  0.7496  0.7496  0.5500  0.5980  0.7945  0.2325  0.000040
epoch:81 0.7115  0.9456  0.7747  0.5426  0.5425  0.7547  0.6801  0.7501  0.7501  0.5548  0.6004  0.7956  0.2339  0.000040
epoch:82 0.7120  0.9470  0.7667  0.5363  0.5409  0.7552  0.6865  0.7537  0.7537  0.5440  0.6043  0.7993  0.2309  0.000040
epoch:83 0.7119  0.9464  0.7735  0.5462  0.5314  0.7601  0.6839  0.7517  0.7517  0.5536  0.5956  0.8027  0.2334  0.000040
epoch:84 0.7096  0.9357  0.7717  0.5459  0.5379  0.7534  0.6831  0.7507  0.7507  0.5536  0.5996  0.7966  0.2311  0.000040
epoch:85 0.7088  0.9350  0.7669  0.5175  0.5327  0.7523  0.6804  0.7482  0.7482  0.5250  0.5932  0.7937  0.2347  0.000040
epoch:86 0.7087  0.9345  0.7758  0.5470  0.5491  0.7546  0.6799  0.7508  0.7508  0.5583  0.5980  0.8032  0.2324  0.000040
epoch:87 0.7124  0.9252  0.7796  0.5387  0.5458  0.7563  0.6812  0.7519  0.7519  0.5500  0.5960  0.7972  0.2352  0.000040
epoch:88 0.7078  0.9376  0.7715  0.5299  0.5365  0.7535  0.6818  0.7490  0.7490  0.5405  0.6043  0.7900  0.2337  0.000040
epoch:89 0.7060  0.9348  0.7700  0.5376  0.5493  0.7513  0.6748  0.7454  0.7454  0.5500  0.6043  0.7904  0.2290  0.000040
epoch:90 0.7131  0.9476  0.7750  0.5363  0.5505  0.7586  0.6840  0.7519  0.7519  0.5440  0.6106  0.8011  0.2305  0.000040
epoch:91 0.7102  0.9356  0.7787  0.5376  0.5359  0.7598  0.6832  0.7505  0.7505  0.5452  0.6000  0.8014  0.2298  0.000040
epoch:92 0.7242  0.9358  0.7717  0.5125  0.5338  0.7641  0.6914  0.7617  0.7617  0.5202  0.5956  0.8037  0.2328  0.000040
epoch:93 0.7099  0.9372  0.7811  0.5373  0.5568  0.7555  0.6831  0.7507  0.7507  0.5452  0.6091  0.7974  0.2309  0.000040
epoch:94 0.7129  0.9355  0.7933  0.5470  0.5592  0.7571  0.6834  0.7510  0.7510  0.5583  0.6103  0.7982  0.2321  0.000040
epoch:95 0.7103  0.9352  0.7887  0.5422  0.5419  0.7544  0.6816  0.7491  0.7491  0.5500  0.6060  0.7937  0.2310  0.000040
epoch:96 0.7090  0.9470  0.7742  0.5462  0.5324  0.7525  0.6823  0.7498  0.7498  0.5536  0.5936  0.7958  0.2321  0.000040
epoch:97 0.7077  0.9454  0.7717  0.5337  0.5477  0.7518  0.6782  0.7479  0.7479  0.5452  0.5964  0.7940  0.2287  0.000040
epoch:98 0.7197  0.9365  0.7787  0.5381  0.5461  0.7655  0.6949  0.7621  0.7621  0.5488  0.6099  0.8099  0.2302  0.000040
epoch:99 0.7084  0.9349  0.7764  0.5376  0.5408  0.7506  0.6806  0.7491  0.7491  0.5500  0.6020  0.7932  0.2319  0.000040
epoch:100 0.7169  0.9485  0.7849  0.5413  0.5533  0.7598  0.6862  0.7544  0.7544  0.5488  0.6130  0.7966  0.2315  0.000040
epoch:101 0.7102  0.9484  0.7757  0.5363  0.5352  0.7557  0.6828  0.7500  0.7500  0.5440  0.5956  0.7974  0.2268  0.000040
epoch:102 0.7098  0.9358  0.7635  0.5381  0.5519  0.7506  0.6843  0.7513  0.7513  0.5488  0.6155  0.7929  0.2316  0.000040
epoch:103 0.7108  0.9472  0.7837  0.5330  0.5493  0.7561  0.6839  0.7517  0.7517  0.5405  0.6146  0.7958  0.2318  0.000040
epoch:104 0.7108  0.9361  0.7858  0.5337  0.5394  0.7568  0.6808  0.7506  0.7506  0.5452  0.6060  0.7964  0.2330  0.000040
epoch:105 0.7083  0.9346  0.7746  0.5381  0.5317  0.7572  0.6828  0.7500  0.7500  0.5488  0.5976  0.8016  0.2299  0.000040
epoch:106 0.7076  0.9472  0.7662  0.5381  0.5421  0.7593  0.6825  0.7501  0.7501  0.5488  0.6039  0.8048  0.2273  0.000040
epoch:107 0.7085  0.9361  0.7767  0.5363  0.5419  0.7527  0.6800  0.7478  0.7478  0.5440  0.6039  0.7937  0.2310  0.000040
epoch:108 0.7040  0.9371  0.7676  0.5462  0.5342  0.7451  0.6751  0.7427  0.7427  0.5536  0.5936  0.7845  0.2266  0.000040
epoch:109 0.7089  0.9470  0.7681  0.5380  0.5402  0.7527  0.6832  0.7508  0.7508  0.5452  0.6039  0.7932  0.2291  0.000040
epoch:110 0.7024  0.9474  0.7649  0.5462  0.5323  0.7437  0.6770  0.7443  0.7443  0.5536  0.5936  0.7898  0.2280  0.000040
epoch:111 0.7117  0.9459  0.7785  0.5462  0.5530  0.7497  0.6848  0.7521  0.7521  0.5536  0.6087  0.7943  0.2286  0.000040
epoch:112 0.7088  0.9357  0.7877  0.5380  0.5486  0.7587  0.6845  0.7515  0.7515  0.5452  0.6083  0.8045  0.2291  0.000040
epoch:113 0.7091  0.9345  0.7869  0.5363  0.5450  0.7521  0.6825  0.7488  0.7488  0.5440  0.6083  0.7927  0.2284  0.000040
epoch:114 0.7126  0.9467  0.7797  0.5387  0.5419  0.7568  0.6853  0.7525  0.7525  0.5500  0.6024  0.7985  0.2289  0.000040
epoch:115 0.7278  0.9477  0.7707  0.5349  0.5339  0.7747  0.7019  0.7694  0.7694  0.5452  0.6039  0.8122  0.2299  0.000040
epoch:116 0.7175  0.9361  0.7682  0.5079  0.5308  0.7561  0.6900  0.7572  0.7572  0.5155  0.5936  0.8001  0.2241  0.000040
epoch:117 0.7075  0.9362  0.7781  0.5422  0.5400  0.7500  0.6783  0.7484  0.7484  0.5500  0.6000  0.7924  0.2274  0.000040
epoch:118 0.7122  0.9349  0.7795  0.5413  0.5534  0.7549  0.6876  0.7546  0.7546  0.5488  0.6131  0.8011  0.2295  0.000040
epoch:119 0.7128  0.9353  0.7837  0.5338  0.5493  0.7639  0.6874  0.7552  0.7552  0.5452  0.6134  0.8054  0.2266  0.000040
epoch:120 0.7322  0.9368  0.7881  0.5129  0.5509  0.7762  0.7020  0.7702  0.7702  0.5202  0.6106  0.8170  0.2250  0.000040
epoch:121 0.7123  0.9351  0.7797  0.5508  0.5540  0.7596  0.6828  0.7528  0.7528  0.5583  0.6024  0.8048  0.2253  0.000040
epoch:122 0.7099  0.9363  0.7746  0.5387  0.5338  0.7533  0.6800  0.7500  0.7500  0.5500  0.6024  0.7900  0.2270  0.000040
epoch:123 0.7080  0.9459  0.7733  0.5380  0.5434  0.7505  0.6845  0.7521  0.7521  0.5452  0.6015  0.7998  0.2270  0.000040
epoch:124 0.7082  0.9349  0.7717  0.5337  0.5485  0.7574  0.6783  0.7483  0.7483  0.5452  0.6048  0.8011  0.2293  0.000040
epoch:125 0.7102  0.9370  0.7749  0.5327  0.5371  0.7540  0.6841  0.7511  0.7511  0.5405  0.6067  0.7940  0.2265  0.000040
epoch:126 0.7057  0.9367  0.7763  0.5422  0.5460  0.7505  0.6801  0.7474  0.7474  0.5500  0.6052  0.7909  0.2263  0.000040
epoch:127 0.7172  0.9470  0.7830  0.5459  0.5371  0.7629  0.6876  0.7561  0.7561  0.5536  0.5896  0.8080  0.2266  0.000040
epoch:128 0.7100  0.9339  0.7916  0.5299  0.5496  0.7548  0.6830  0.7527  0.7527  0.5405  0.6131  0.8009  0.2265  0.000040
epoch:129 0.7138  0.9463  0.7839  0.5508  0.5473  0.7547  0.6820  0.7501  0.7501  0.5583  0.6039  0.7948  0.2261  0.000040
epoch:130 0.7097  0.9465  0.7713  0.5413  0.5436  0.7536  0.6829  0.7501  0.7501  0.5488  0.6020  0.7950  0.2255  0.000040
epoch:131 0.7125  0.9376  0.7736  0.5376  0.5417  0.7547  0.6866  0.7542  0.7542  0.5452  0.6091  0.7974  0.2268  0.000040
epoch:132 0.7089  0.9333  0.8035  0.5337  0.5678  0.7561  0.6801  0.7505  0.7505  0.5452  0.6174  0.7966  0.2244  0.000040
epoch:133 0.7052  0.9361  0.7684  0.5299  0.5320  0.7540  0.6780  0.7478  0.7478  0.5405  0.5976  0.7993  0.2266  0.000040
epoch:134 0.7119  0.9260  0.7871  0.5349  0.5473  0.7624  0.6853  0.7523  0.7523  0.5452  0.6088  0.8024  0.2276  0.000040
epoch:135 0.7135  0.9354  0.7796  0.5387  0.5429  0.7623  0.6856  0.7532  0.7532  0.5500  0.6067  0.8043  0.2254  0.000040
epoch:136 0.7032  0.9356  0.7843  0.5413  0.5422  0.7484  0.6750  0.7426  0.7426  0.5488  0.5960  0.7922  0.2237  0.000040
epoch:137 0.7291  0.9365  0.7798  0.5129  0.5484  0.7689  0.6997  0.7675  0.7675  0.5202  0.6111  0.8053  0.2273  0.000040
epoch:138 0.7098  0.9363  0.7670  0.5288  0.5460  0.7595  0.6858  0.7531  0.7531  0.5405  0.6155  0.8056  0.2265  0.000040
epoch:139 0.7161  0.9463  0.7895  0.5337  0.5514  0.7563  0.6876  0.7549  0.7549  0.5452  0.6091  0.7987  0.2248  0.000040
epoch:140 0.7137  0.9366  0.7770  0.5433  0.5402  0.7563  0.6860  0.7536  0.7536  0.5548  0.6048  0.7974  0.2245  0.000040
epoch:141 0.7157  0.9476  0.7852  0.5462  0.5460  0.7575  0.6868  0.7549  0.7549  0.5536  0.6083  0.7993  0.2267  0.000040
epoch:142 0.7079  0.9311  0.7760  0.4422  0.5417  0.7580  0.6790  0.7465  0.7465  0.4500  0.6043  0.7993  0.2241  0.000040
epoch:143 0.7125  0.9357  0.7904  0.5472  0.5502  0.7507  0.6806  0.7513  0.7513  0.5595  0.6095  0.7906  0.2237  0.000040
epoch:144 0.7045  0.9356  0.7656  0.5376  0.5403  0.7467  0.6786  0.7477  0.7477  0.5452  0.6071  0.7932  0.2234  0.000040
epoch:145 0.6997  0.9302  0.7858  0.4376  0.5434  0.7454  0.6741  0.7417  0.7417  0.4500  0.6071  0.7872  0.2262  0.000040
epoch:146 0.7106  0.9347  0.7908  0.5413  0.5526  0.7550  0.6825  0.7501  0.7501  0.5488  0.6123  0.8016  0.2266  0.000040
epoch:147 0.7138  0.9344  0.7866  0.5387  0.5497  0.7572  0.6843  0.7530  0.7530  0.5500  0.6039  0.8037  0.2228  0.000040
epoch:148 0.7068  0.9363  0.7855  0.5413  0.5337  0.7494  0.6772  0.7451  0.7451  0.5488  0.5896  0.7930  0.2243  0.000040
epoch:149 0.7048  0.9352  0.7719  0.5376  0.5443  0.7526  0.6807  0.7480  0.7480  0.5452  0.6024  0.8009  0.2242  0.000040
epoch:150 0.7132  0.9356  0.7967  0.5433  0.5506  0.7532  0.6848  0.7532  0.7532  0.5548  0.6146  0.7956  0.2245  0.000040
epoch:151 0.7141  0.9468  0.7765  0.5413  0.5438  0.7537  0.6861  0.7536  0.7536  0.5488  0.5980  0.7998  0.2230  0.000040
epoch:152 0.7120  0.9260  0.7760  0.5395  0.5387  0.7610  0.6836  0.7537  0.7537  0.5500  0.6024  0.8091  0.2224  0.000040
epoch:153 0.7073  0.9458  0.7805  0.5387  0.5404  0.7472  0.6763  0.7466  0.7466  0.5500  0.5996  0.7924  0.2239  0.000040
epoch:154 0.7105  0.9348  0.7900  0.5508  0.5464  0.7492  0.6810  0.7491  0.7491  0.5583  0.6063  0.7942  0.2253  0.000040
epoch:155 0.7100  0.9352  0.7757  0.5337  0.5479  0.7507  0.6820  0.7524  0.7524  0.5452  0.6067  0.7972  0.2228  0.000040
epoch:156 0.7102  0.9348  0.7767  0.5426  0.5518  0.7548  0.6811  0.7511  0.7511  0.5500  0.6008  0.8027  0.2236  0.000040
epoch:157 0.7159  0.9465  0.7844  0.5413  0.5516  0.7543  0.6883  0.7552  0.7552  0.5488  0.6091  0.7942  0.2232  0.000040
epoch:158 0.7113  0.9338  0.7931  0.5122  0.5461  0.7589  0.6835  0.7532  0.7532  0.5238  0.6123  0.8054  0.2241  0.000040
epoch:159 0.7085  0.9459  0.7889  0.5376  0.5498  0.7530  0.6829  0.7499  0.7499  0.5452  0.6111  0.7932  0.2236  0.000040
epoch:160 0.7075  0.9472  0.7758  0.4965  0.5393  0.7469  0.6794  0.7473  0.7473  0.5071  0.6020  0.7895  0.2229  0.000040
epoch:161 0.7132  0.9453  0.7785  0.5376  0.5491  0.7509  0.6821  0.7521  0.7521  0.5452  0.6027  0.7956  0.2226  0.000040
epoch:162 0.7147  0.9374  0.7820  0.5413  0.5417  0.7576  0.6868  0.7543  0.7543  0.5488  0.6004  0.8024  0.2262  0.000040
epoch:163 0.7147  0.9457  0.8008  0.5376  0.5542  0.7545  0.6857  0.7530  0.7530  0.5452  0.6111  0.7961  0.2226  0.000040
epoch:164 0.7235  0.9350  0.7879  0.5030  0.5450  0.7627  0.6947  0.7617  0.7617  0.5107  0.5984  0.8080  0.2212  0.000040
epoch:165 0.7185  0.9368  0.8000  0.5472  0.5590  0.7641  0.6900  0.7581  0.7581  0.5548  0.6174  0.8088  0.2231  0.000040
epoch:166 0.7186  0.9357  0.7959  0.5337  0.5615  0.7603  0.6858  0.7553  0.7553  0.5452  0.6214  0.8019  0.2227  0.000040
epoch:167 0.7175  0.9457  0.7925  0.5459  0.5678  0.7566  0.6851  0.7552  0.7552  0.5536  0.6234  0.8001  0.2224  0.000040
epoch:168 0.7070  0.9458  0.7840  0.5376  0.5507  0.7491  0.6787  0.7462  0.7462  0.5452  0.6063  0.7903  0.2242  0.000040
epoch:169 0.7181  0.9475  0.7761  0.5477  0.5538  0.7554  0.6885  0.7560  0.7560  0.5583  0.6067  0.7995  0.2236  0.000040
epoch:170 0.7313  0.9475  0.7857  0.5413  0.5528  0.7697  0.7000  0.7684  0.7684  0.5488  0.5999  0.8199  0.2231  0.000040
epoch:171 0.7160  0.9459  0.7899  0.5376  0.5531  0.7618  0.6847  0.7548  0.7548  0.5452  0.6043  0.8104  0.2226  0.000040
epoch:172 0.7102  0.9357  0.7783  0.5462  0.5506  0.7514  0.6854  0.7523  0.7523  0.5536  0.6028  0.8000  0.2228  0.000040
epoch:173 0.7168  0.9353  0.7982  0.5472  0.5670  0.7570  0.6855  0.7542  0.7542  0.5548  0.6190  0.7995  0.2210  0.000040
epoch:174 0.7114  0.9485  0.7798  0.5281  0.5435  0.7563  0.6836  0.7509  0.7509  0.5357  0.6039  0.8014  0.2203  0.000040
epoch:175 0.7144  0.9462  0.7919  0.5413  0.5522  0.7509  0.6839  0.7514  0.7514  0.5488  0.6127  0.7940  0.2219  0.000040
epoch:176 0.7186  0.9454  0.7811  0.5420  0.5512  0.7560  0.6881  0.7584  0.7584  0.5536  0.6067  0.8024  0.2211  0.000040
epoch:177 0.7122  0.9362  0.7879  0.5337  0.5596  0.7609  0.6851  0.7548  0.7548  0.5452  0.6155  0.8101  0.2238  0.000040
epoch:178 0.7126  0.9351  0.7919  0.5326  0.5579  0.7647  0.6821  0.7522  0.7522  0.5452  0.6091  0.8048  0.2210  0.000040
epoch:179 0.7105  0.9341  0.7722  0.5387  0.5474  0.7560  0.6821  0.7518  0.7518  0.5500  0.6024  0.8070  0.2220  0.000040
epoch:180 0.7161  0.9301  0.7936  0.4337  0.5620  0.7560  0.6820  0.7493  0.7493  0.4452  0.6091  0.7935  0.2185  0.000040
epoch:181 0.7142  0.9413  0.7886  0.4383  0.5556  0.7505  0.6836  0.7512  0.7512  0.4500  0.6071  0.7919  0.2217  0.000040
epoch:182 0.7139  0.9345  0.7844  0.5433  0.5537  0.7505  0.6838  0.7545  0.7545  0.5548  0.6071  0.7982  0.2198  0.000040
epoch:183 0.7165  0.9350  0.7807  0.5433  0.5449  0.7630  0.6874  0.7569  0.7569  0.5548  0.6028  0.8120  0.2206  0.000040
epoch:184 0.7146  0.9374  0.7883  0.5462  0.5690  0.7541  0.6851  0.7532  0.7532  0.5536  0.6087  0.8000  0.2207  0.000040
epoch:185 0.7110  0.9366  0.7855  0.5337  0.5505  0.7495  0.6841  0.7511  0.7511  0.5452  0.6091  0.7982  0.2227  0.000040
epoch:186 0.7101  0.9355  0.7760  0.5337  0.5581  0.7582  0.6861  0.7536  0.7536  0.5452  0.6111  0.8093  0.2199  0.000040
epoch:187 0.7131  0.9353  0.7856  0.4997  0.5561  0.7492  0.6840  0.7516  0.7516  0.5071  0.6087  0.7966  0.2187  0.000040
epoch:188 0.7120  0.9355  0.7927  0.5376  0.5629  0.7569  0.6875  0.7548  0.7548  0.5452  0.6159  0.8038  0.2196  0.000040
epoch:189 0.7050  0.9464  0.7920  0.5376  0.5564  0.7469  0.6846  0.7512  0.7512  0.5452  0.6155  0.7975  0.2203  0.000040
epoch:190 0.7142  0.9462  0.7762  0.5459  0.5558  0.7555  0.6864  0.7545  0.7545  0.5536  0.6059  0.8040  0.2199  0.000040
epoch:191 0.7008  0.9359  0.7786  0.5363  0.5446  0.7384  0.6764  0.7431  0.7431  0.5440  0.5897  0.7906  0.2220  0.000040
epoch:192 0.7125  0.9351  0.7815  0.5330  0.5470  0.7518  0.6859  0.7534  0.7534  0.5405  0.6067  0.8014  0.2189  0.000040
epoch:193 0.7138  0.9355  0.7786  0.5426  0.5568  0.7547  0.6861  0.7543  0.7543  0.5500  0.6087  0.8027  0.2190  0.000040
epoch:194 0.7152  0.9259  0.7904  0.5422  0.5538  0.7533  0.6833  0.7539  0.7539  0.5500  0.6087  0.8014  0.2189  0.000040
epoch:195 0.7176  0.9349  0.7769  0.5175  0.5624  0.7574  0.6872  0.7556  0.7556  0.5250  0.6130  0.8046  0.2192  0.000040
epoch:196 0.7168  0.9370  0.7806  0.5477  0.5642  0.7585  0.6896  0.7569  0.7569  0.5583  0.6095  0.8072  0.2202  0.000040
epoch:197 0.7104  0.9359  0.7817  0.5387  0.5652  0.7471  0.6837  0.7512  0.7512  0.5500  0.6155  0.7921  0.2205  0.000040
epoch:198 0.7175  0.9474  0.7786  0.5413  0.5606  0.7533  0.6891  0.7567  0.7567  0.5488  0.6051  0.7950  0.2201  0.000040
epoch:199 0.7159  0.9354  0.7848  0.5383  0.5567  0.7512  0.6854  0.7554  0.7554  0.5500  0.6115  0.7969  0.2193  0.000040
epoch:200 0.7145  0.9364  0.7804  0.5061  0.5539  0.7561  0.6845  0.7529  0.7529  0.5167  0.6063  0.8030  0.2205  0.000040
epoch:201 0.7316  0.9254  0.8011  0.5345  0.5573  0.7686  0.6984  0.7688  0.7688  0.5452  0.6131  0.8107  0.2190  0.000040
epoch:202 0.7163  0.9357  0.7860  0.5395  0.5515  0.7608  0.6854  0.7557  0.7557  0.5500  0.6048  0.8083  0.2173  0.000040
epoch:203 0.7273  0.9476  0.7935  0.5033  0.5692  0.7661  0.6981  0.7656  0.7656  0.5107  0.6154  0.8136  0.2174  0.000040
epoch:204 0.7131  0.9339  0.7847  0.5472  0.5616  0.7544  0.6820  0.7532  0.7532  0.5548  0.6174  0.7993  0.2186  0.000040
epoch:205 0.7150  0.9358  0.7977  0.5383  0.5666  0.7539  0.6885  0.7561  0.7561  0.5500  0.6179  0.7998  0.2189  0.000040
epoch:206 0.7215  0.9456  0.7987  0.5508  0.5690  0.7536  0.6899  0.7578  0.7578  0.5583  0.6194  0.7943  0.2183  0.000040
epoch:207 0.7142  0.9361  0.7953  0.5413  0.5695  0.7505  0.6852  0.7525  0.7525  0.5488  0.6151  0.7934  0.2186  0.000040
epoch:208 0.7160  0.9339  0.7818  0.5387  0.5576  0.7543  0.6824  0.7536  0.7536  0.5500  0.6087  0.8009  0.2177  0.000040
epoch:209 0.7130  0.9357  0.8030  0.5330  0.5629  0.7455  0.6825  0.7495  0.7495  0.5405  0.6151  0.7866  0.2197  0.000040
epoch:210 0.7198  0.9356  0.7978  0.5426  0.5674  0.7536  0.6884  0.7562  0.7562  0.5500  0.6198  0.7950  0.2193  0.000040
epoch:211 0.7142  0.9359  0.7832  0.5012  0.5581  0.7578  0.6848  0.7530  0.7530  0.5119  0.6087  0.8024  0.2184  0.000040
epoch:212 0.7118  0.9356  0.7973  0.5422  0.5718  0.7472  0.6806  0.7507  0.7507  0.5500  0.6198  0.7957  0.2179  0.000040
epoch:213 0.7349  0.9463  0.7849  0.5462  0.5611  0.7664  0.7040  0.7719  0.7719  0.5536  0.6111  0.8099  0.2185  0.000040
epoch:214 0.7133  0.9461  0.7822  0.5050  0.5539  0.7535  0.6827  0.7512  0.7512  0.5167  0.6063  0.8003  0.2194  0.000040
epoch:215 0.7180  0.9368  0.7845  0.5337  0.5627  0.7587  0.6867  0.7564  0.7564  0.5452  0.6174  0.8075  0.2174  0.000040
epoch:216 0.7277  0.9369  0.7779  0.5079  0.5546  0.7661  0.6982  0.7660  0.7660  0.5155  0.5940  0.8149  0.2170  0.000040
epoch:217 0.7343  0.9366  0.7877  0.5413  0.5713  0.7759  0.7055  0.7736  0.7736  0.5488  0.6130  0.8244  0.2185  0.000040
epoch:218 0.7169  0.9352  0.7940  0.5413  0.5681  0.7595  0.6873  0.7549  0.7549  0.5488  0.6123  0.8077  0.2162  0.000040
epoch:219 0.7348  0.9359  0.7889  0.5433  0.5587  0.7769  0.7026  0.7729  0.7729  0.5548  0.6119  0.8223  0.2183  0.000040
epoch:220 0.7130  0.9306  0.7909  0.4376  0.5559  0.7571  0.6824  0.7502  0.7502  0.4452  0.6027  0.8048  0.2161  0.000040
epoch:221 0.7219  0.9473  0.7842  0.5094  0.5631  0.7651  0.6919  0.7600  0.7600  0.5202  0.6154  0.8109  0.2165  0.000040
epoch:222 0.7103  0.9373  0.7998  0.5413  0.5774  0.7497  0.6833  0.7511  0.7511  0.5488  0.6166  0.8028  0.2166  0.000040
epoch:223 0.7377  0.9474  0.7950  0.5094  0.5657  0.7833  0.7064  0.7746  0.7746  0.5202  0.6146  0.8276  0.2189  0.000040
epoch:224 0.7069  0.9363  0.7846  0.5079  0.5708  0.7422  0.6793  0.7471  0.7471  0.5155  0.6146  0.7930  0.2185  0.000040
epoch:225 0.7063  0.9356  0.7928  0.5376  0.5665  0.7437  0.6772  0.7469  0.7469  0.5452  0.6067  0.7893  0.2170  0.000040
epoch:226 0.7151  0.9361  0.7979  0.5383  0.5589  0.7569  0.6875  0.7550  0.7550  0.5500  0.6155  0.8003  0.2170  0.000040
epoch:227 0.7180  0.9346  0.8131  0.5100  0.5749  0.7662  0.6865  0.7562  0.7562  0.5214  0.6139  0.8067  0.2165  0.000040
epoch:228 0.7202  0.9469  0.8067  0.5413  0.5736  0.7528  0.6875  0.7544  0.7544  0.5488  0.6155  0.7921  0.2151  0.000040
epoch:229 0.7220  0.9487  0.7983  0.5079  0.5790  0.7578  0.6888  0.7564  0.7564  0.5155  0.6258  0.8027  0.2172  0.000040
epoch:230 0.7167  0.9359  0.7923  0.5472  0.5687  0.7534  0.6870  0.7552  0.7552  0.5548  0.6174  0.7964  0.2160  0.000040
epoch:231 0.7143  0.9354  0.7799  0.5413  0.5604  0.7528  0.6845  0.7515  0.7515  0.5488  0.6024  0.7995  0.2165  0.000040
epoch:232 0.7208  0.9363  0.7857  0.5466  0.5709  0.7613  0.6893  0.7569  0.7569  0.5583  0.6095  0.8072  0.2161  0.000040
epoch:233 0.7190  0.9451  0.7937  0.5462  0.5728  0.7603  0.6911  0.7587  0.7587  0.5536  0.6218  0.8062  0.2167  0.000040
epoch:234 0.7202  0.9473  0.8056  0.5376  0.5758  0.7598  0.6902  0.7581  0.7581  0.5452  0.6242  0.8059  0.2158  0.000040
epoch:235 0.7137  0.9351  0.7816  0.5337  0.5591  0.7591  0.6837  0.7532  0.7532  0.5452  0.5988  0.8069  0.2193  0.000040
epoch:236 0.7120  0.9356  0.7994  0.5337  0.5574  0.7496  0.6800  0.7497  0.7497  0.5452  0.6131  0.7916  0.2173  0.000040
epoch:237 0.7247  0.9379  0.7958  0.5079  0.5656  0.7648  0.6974  0.7656  0.7656  0.5155  0.6170  0.8133  0.2137  0.000040
epoch:238 0.7113  0.9360  0.7881  0.4997  0.5606  0.7550  0.6831  0.7512  0.7512  0.5071  0.6087  0.8051  0.2145  0.000040
epoch:239 0.7143  0.9349  0.7949  0.5383  0.5645  0.7518  0.6822  0.7519  0.7519  0.5500  0.6131  0.7990  0.2144  0.000040
epoch:240 0.7134  0.9311  0.7803  0.4387  0.5659  0.7616  0.6840  0.7519  0.7519  0.4500  0.6087  0.8072  0.2164  0.000040
epoch:241 0.7158  0.9356  0.7811  0.5046  0.5588  0.7544  0.6891  0.7567  0.7567  0.5119  0.6115  0.8014  0.2163  0.000040
epoch:242 0.7106  0.9466  0.7786  0.5376  0.5558  0.7497  0.6846  0.7516  0.7516  0.5452  0.6048  0.7916  0.2143  0.000040
epoch:243 0.7332  0.9484  0.7998  0.5079  0.5710  0.7670  0.7016  0.7694  0.7694  0.5155  0.6190  0.8111  0.2146  0.000040
epoch:244 0.7145  0.9477  0.7900  0.5330  0.5591  0.7533  0.6857  0.7535  0.7535  0.5405  0.6106  0.8011  0.2157  0.000040
epoch:245 0.7186  0.9465  0.7922  0.5459  0.5776  0.7594  0.6904  0.7580  0.7580  0.5536  0.6258  0.8035  0.2132  0.000040
epoch:246 0.7186  0.9459  0.7762  0.5462  0.5670  0.7582  0.6901  0.7579  0.7579  0.5536  0.6063  0.8072  0.2174  0.000040
epoch:247 0.7199  0.9462  0.8035  0.5459  0.5787  0.7540  0.6890  0.7566  0.7566  0.5536  0.6174  0.7969  0.2146  0.000040
epoch:248 0.7135  0.9363  0.7952  0.5422  0.5714  0.7469  0.6838  0.7516  0.7516  0.5500  0.6198  0.7856  0.2155  0.000040
epoch:249 0.7186  0.9357  0.8013  0.5433  0.5736  0.7483  0.6838  0.7539  0.7539  0.5548  0.6155  0.7900  0.2169  0.000040
epoch:250 0.7116  0.9475  0.7747  0.4997  0.5551  0.7577  0.6843  0.7528  0.7528  0.5071  0.5995  0.8093  0.2155  0.000040
epoch:251 0.7182  0.9355  0.8002  0.5433  0.5710  0.7602  0.6836  0.7540  0.7540  0.5548  0.6155  0.8030  0.2133  0.000040
epoch:252 0.7218  0.9376  0.8088  0.5516  0.5740  0.7574  0.6893  0.7574  0.7574  0.5631  0.6127  0.8046  0.2152  0.000040
epoch:253 0.7227  0.9462  0.8017  0.5459  0.5806  0.7636  0.6912  0.7594  0.7594  0.5536  0.6237  0.8075  0.2137  0.000040
epoch:254 0.7134  0.9464  0.7756  0.5079  0.5596  0.7586  0.6854  0.7532  0.7532  0.5155  0.6004  0.8080  0.2134  0.000040
epoch:255 0.7176  0.9349  0.7851  0.5100  0.5714  0.7629  0.6854  0.7551  0.7551  0.5214  0.6134  0.8104  0.2154  0.000040
epoch:256 0.7116  0.9354  0.8014  0.5337  0.5756  0.7556  0.6825  0.7523  0.7523  0.5452  0.6202  0.8004  0.2150  0.000040
epoch:257 0.7158  0.9477  0.8030  0.5459  0.5793  0.7499  0.6841  0.7523  0.7523  0.5536  0.6277  0.7874  0.2113  0.000040
epoch:258 0.7151  0.9347  0.7965  0.5472  0.5689  0.7632  0.6847  0.7550  0.7550  0.5548  0.6155  0.8064  0.2127  0.000040
epoch:259 0.7230  0.9373  0.7866  0.5030  0.5711  0.7586  0.6945  0.7639  0.7639  0.5107  0.6174  0.8080  0.2141  0.000040
epoch:260 0.7369  0.9474  0.7946  0.5079  0.5784  0.7772  0.7069  0.7754  0.7754  0.5155  0.6261  0.8196  0.2145  0.000040
epoch:261 0.7083  0.9342  0.7863  0.5288  0.5676  0.7542  0.6787  0.7481  0.7481  0.5405  0.6146  0.8004  0.2121  0.000040
epoch:262 0.7144  0.9360  0.7929  0.5466  0.5728  0.7590  0.6879  0.7552  0.7552  0.5583  0.6107  0.8067  0.2128  0.000040
epoch:263 0.7312  0.9482  0.7827  0.5079  0.5598  0.7717  0.7022  0.7701  0.7701  0.5155  0.6027  0.8180  0.2118  0.000040
epoch:264 0.7363  0.9457  0.7848  0.5427  0.5619  0.7770  0.7064  0.7734  0.7734  0.5536  0.6095  0.8220  0.2121  0.000040
epoch:265 0.7278  0.9480  0.7906  0.5079  0.5748  0.7572  0.6990  0.7662  0.7662  0.5155  0.6198  0.8043  0.2135  0.000040
epoch:266 0.7324  0.9464  0.7706  0.5079  0.5587  0.7695  0.6999  0.7677  0.7677  0.5155  0.6027  0.8143  0.2136  0.000040
epoch:267 0.7197  0.9463  0.7786  0.5413  0.5703  0.7594  0.6904  0.7580  0.7580  0.5488  0.6111  0.8051  0.2119  0.000040
epoch:268 0.7286  0.9478  0.7864  0.5079  0.5681  0.7635  0.7021  0.7691  0.7691  0.5155  0.6151  0.8141  0.2129  0.000040
epoch:269 0.7137  0.9455  0.7895  0.5337  0.5668  0.7562  0.6845  0.7524  0.7524  0.5452  0.6130  0.8036  0.2131  0.000040
epoch:270 0.7131  0.9352  0.7811  0.5048  0.5705  0.7535  0.6846  0.7524  0.7524  0.5155  0.6067  0.8032  0.2120  0.000040
epoch:271 0.7327  0.9459  0.7774  0.5048  0.5659  0.7738  0.7039  0.7712  0.7712  0.5155  0.6071  0.8193  0.2106  0.000040
epoch:272 0.7321  0.9365  0.7847  0.5125  0.5623  0.7658  0.6976  0.7684  0.7684  0.5202  0.6027  0.8143  0.2119  0.000040
epoch:273 0.7198  0.9470  0.7908  0.5079  0.5628  0.7632  0.6885  0.7555  0.7555  0.5155  0.5952  0.8093  0.2131  0.000040
epoch:274 0.7210  0.9458  0.8062  0.5337  0.5724  0.7648  0.6885  0.7585  0.7585  0.5452  0.6179  0.8096  0.2128  0.000040
epoch:275 0.7275  0.9366  0.7822  0.5030  0.5546  0.7686  0.6974  0.7646  0.7646  0.5107  0.5932  0.8159  0.2145  0.000040
epoch:276 0.7307  0.9379  0.8034  0.5175  0.5762  0.7634  0.6983  0.7665  0.7665  0.5250  0.6170  0.8125  0.2106  0.000040
epoch:277 0.7169  0.9362  0.7987  0.5420  0.5799  0.7533  0.6884  0.7553  0.7553  0.5536  0.6179  0.7993  0.2140  0.000040
epoch:278 0.7135  0.9260  0.8012  0.5383  0.5595  0.7572  0.6811  0.7508  0.7508  0.5500  0.6000  0.8041  0.2120  0.000040
epoch:279 0.7318  0.9460  0.7905  0.5413  0.5725  0.7646  0.7012  0.7687  0.7687  0.5488  0.6115  0.8099  0.2110  0.000040
epoch:280 0.7162  0.9470  0.7937  0.5466  0.5827  0.7504  0.6864  0.7539  0.7539  0.5583  0.6179  0.7938  0.2133  0.000040
epoch:281 0.7129  0.9363  0.7987  0.5125  0.5832  0.7463  0.6827  0.7505  0.7505  0.5202  0.6218  0.7893  0.2122  0.000040
epoch:282 0.7311  0.9467  0.7923  0.5079  0.5657  0.7737  0.7028  0.7704  0.7704  0.5155  0.6020  0.8257  0.2130  0.000040
epoch:283 0.7234  0.9475  0.7881  0.5079  0.5706  0.7590  0.6951  0.7629  0.7629  0.5155  0.6004  0.8107  0.2108  0.000040
epoch:284 0.7332  0.9264  0.7833  0.5094  0.5558  0.7736  0.7022  0.7701  0.7701  0.5202  0.5960  0.8247  0.2117  0.000040
epoch:285 0.7178  0.9364  0.7784  0.5061  0.5621  0.7628  0.6878  0.7550  0.7550  0.5167  0.6071  0.8078  0.2112  0.000040
epoch:286 0.7227  0.9372  0.7849  0.5079  0.5578  0.7609  0.6923  0.7623  0.7623  0.5155  0.6024  0.8141  0.2125  0.000040
epoch:287 0.7380  0.9477  0.7808  0.5269  0.5675  0.7718  0.7050  0.7732  0.7732  0.5333  0.6087  0.8157  0.2105  0.000040
epoch:288 0.7136  0.9463  0.8016  0.5516  0.5830  0.7473  0.6843  0.7527  0.7527  0.5631  0.6198  0.7911  0.2131  0.000040
epoch:289 0.7354  0.9467  0.7777  0.5125  0.5685  0.7761  0.7062  0.7738  0.7738  0.5202  0.6115  0.8255  0.2120  0.000040
epoch:290 0.7199  0.9356  0.8030  0.5427  0.5806  0.7591  0.6893  0.7571  0.7571  0.5536  0.6194  0.8056  0.2123  0.000040
epoch:291 0.7147  0.9465  0.7853  0.5125  0.5795  0.7573  0.6872  0.7551  0.7551  0.5202  0.6174  0.8070  0.2112  0.000040
epoch:292 0.7123  0.9463  0.8011  0.5459  0.5777  0.7550  0.6852  0.7533  0.7533  0.5536  0.6170  0.8038  0.2107  0.000040
epoch:293 0.7163  0.9370  0.7907  0.5125  0.5831  0.7597  0.6859  0.7546  0.7546  0.5202  0.6214  0.8048  0.2077  0.000040
epoch:294 0.7139  0.9468  0.7957  0.5466  0.5734  0.7587  0.6852  0.7531  0.7531  0.5583  0.6083  0.8072  0.2092  0.000040
epoch:295 0.7189  0.9460  0.7990  0.5383  0.5795  0.7623  0.6905  0.7584  0.7584  0.5500  0.6242  0.8059  0.2106  0.000040
epoch:296 0.7182  0.9355  0.8099  0.5015  0.5797  0.7615  0.6850  0.7548  0.7548  0.5119  0.6242  0.7990  0.2118  0.000040
epoch:297 0.7295  0.9258  0.7837  0.5079  0.5593  0.7710  0.6985  0.7663  0.7663  0.5155  0.5996  0.8204  0.2114  0.000040
epoch:298 0.7243  0.9461  0.7896  0.5427  0.5746  0.7605  0.6919  0.7594  0.7594  0.5536  0.6115  0.8053  0.2102  0.000040
epoch:299 0.7179  0.9354  0.7959  0.5094  0.5741  0.7614  0.6865  0.7550  0.7550  0.5202  0.6155  0.8067  0.2082  0.000040
epoch:300 0.7297  0.9352  0.7658  0.5125  0.5638  0.7714  0.7006  0.7684  0.7684  0.5202  0.6012  0.8175  0.2085  0.000040
epoch:301 0.7246  0.9373  0.7729  0.5079  0.5506  0.7596  0.6927  0.7605  0.7605  0.5155  0.5877  0.8096  0.2097  0.000040
epoch:302 0.7114  0.9481  0.7824  0.5462  0.5635  0.7468  0.6818  0.7493  0.7493  0.5536  0.5984  0.7988  0.2096  0.000040
epoch:303 0.7334  0.9453  0.7882  0.5012  0.5656  0.7781  0.7018  0.7715  0.7715  0.5119  0.6130  0.8236  0.2084  0.000040
epoch:304 0.7189  0.9352  0.8095  0.5050  0.5757  0.7606  0.6858  0.7552  0.7552  0.5167  0.6198  0.8046  0.2088  0.000040
epoch:305 0.7139  0.9468  0.7982  0.5459  0.5793  0.7549  0.6868  0.7544  0.7544  0.5536  0.6115  0.8041  0.2087  0.000040
epoch:306 0.7254  0.9471  0.7972  0.4997  0.5728  0.7672  0.6983  0.7662  0.7662  0.5071  0.6115  0.8139  0.2103  0.000040
epoch:307 0.7128  0.9346  0.7897  0.5337  0.5621  0.7610  0.6835  0.7533  0.7533  0.5452  0.6048  0.8056  0.2092  0.000040
epoch:308 0.7349  0.9349  0.7861  0.5100  0.5675  0.7771  0.7022  0.7716  0.7716  0.5214  0.6115  0.8228  0.2082  0.000040
epoch:309 0.7164  0.9452  0.7976  0.5376  0.5709  0.7622  0.6859  0.7556  0.7556  0.5452  0.6159  0.8059  0.2100  0.000040
epoch:310 0.7343  0.9463  0.7841  0.5094  0.5546  0.7742  0.7032  0.7704  0.7704  0.5202  0.5921  0.8212  0.2103  0.000040
epoch:311 0.7160  0.9352  0.7918  0.5337  0.5740  0.7586  0.6867  0.7571  0.7571  0.5452  0.6218  0.8064  0.2102  0.000040
epoch:312 0.7302  0.9361  0.7849  0.5129  0.5608  0.7650  0.6961  0.7670  0.7670  0.5202  0.6008  0.8114  0.2085  0.000040
epoch:313 0.7165  0.9450  0.7929  0.5050  0.5801  0.7531  0.6851  0.7551  0.7551  0.5167  0.6237  0.7964  0.2103  0.000040
epoch:314 0.7166  0.9347  0.7983  0.5466  0.5864  0.7555  0.6877  0.7556  0.7556  0.5583  0.6218  0.8019  0.2094  0.000040
epoch:315 0.7180  0.9354  0.7951  0.5100  0.5656  0.7594  0.6871  0.7562  0.7562  0.5214  0.6076  0.8096  0.2089  0.000040
epoch:316 0.7346  0.9369  0.7905  0.5125  0.5693  0.7732  0.7015  0.7709  0.7709  0.5202  0.6062  0.8183  0.2089  0.000040
epoch:317 0.7165  0.9458  0.7924  0.5048  0.5734  0.7639  0.6869  0.7548  0.7548  0.5155  0.6067  0.8082  0.2101  0.000040
epoch:318 0.7184  0.9361  0.7923  0.5427  0.5801  0.7612  0.6895  0.7577  0.7577  0.5536  0.6151  0.8083  0.2087  0.000040
epoch:319 0.7109  0.9353  0.7774  0.5079  0.5641  0.7549  0.6822  0.7503  0.7503  0.5155  0.5980  0.8043  0.2072  0.000040
epoch:320 0.7336  0.9478  0.7826  0.5125  0.5687  0.7762  0.7055  0.7742  0.7742  0.5202  0.6051  0.8273  0.2091  0.000040
epoch:321 0.7176  0.9467  0.7931  0.5413  0.5675  0.7577  0.6878  0.7547  0.7547  0.5488  0.6024  0.7990  0.2066  0.000040
epoch:322 0.7232  0.9461  0.8007  0.5133  0.5797  0.7645  0.6916  0.7595  0.7595  0.5250  0.6194  0.8099  0.2088  0.000040
epoch:323 0.7088  0.9475  0.7912  0.5459  0.5542  0.7521  0.6822  0.7498  0.7498  0.5536  0.6000  0.7995  0.2083  0.000040
epoch:324 0.7181  0.9359  0.7958  0.5466  0.5804  0.7615  0.6856  0.7559  0.7559  0.5583  0.6194  0.8043  0.2090  0.000040
epoch:325 0.7331  0.9353  0.7823  0.5144  0.5596  0.7723  0.6993  0.7678  0.7678  0.5250  0.5980  0.8167  0.2095  0.000040
epoch:326 0.7158  0.9355  0.7899  0.5433  0.5758  0.7597  0.6846  0.7553  0.7553  0.5548  0.6194  0.8043  0.2101  0.000040
epoch:327 0.7273  0.9358  0.7732  0.5079  0.5500  0.7674  0.6978  0.7651  0.7651  0.5155  0.5893  0.8204  0.2087  0.000040
epoch:328 0.7326  0.9460  0.7770  0.5094  0.5580  0.7749  0.7042  0.7718  0.7718  0.5202  0.5988  0.8204  0.2065  0.000040
epoch:329 0.7224  0.9467  0.7913  0.5459  0.5803  0.7645  0.6944  0.7616  0.7616  0.5536  0.6179  0.8119  0.2092  0.000040
epoch:330 0.7186  0.9465  0.7860  0.5012  0.5737  0.7616  0.6910  0.7580  0.7580  0.5119  0.6179  0.8064  0.2072  0.000040
epoch:331 0.7156  0.9355  0.7903  0.5383  0.5668  0.7571  0.6893  0.7566  0.7566  0.5500  0.6135  0.8038  0.2105  0.000040
epoch:332 0.7150  0.9364  0.7990  0.5012  0.5720  0.7622  0.6865  0.7541  0.7541  0.5119  0.6131  0.8077  0.2085  0.000040
epoch:333 0.7315  0.9477  0.7838  0.5094  0.5660  0.7683  0.7014  0.7692  0.7692  0.5202  0.6027  0.8082  0.2064  0.000040
epoch:334 0.7376  0.9456  0.8018  0.5427  0.5814  0.7766  0.7068  0.7743  0.7743  0.5536  0.6198  0.8228  0.2080  0.000040
epoch:335 0.7161  0.9462  0.8102  0.5459  0.5757  0.7555  0.6866  0.7548  0.7548  0.5536  0.6115  0.8054  0.2090  0.000040
epoch:336 0.7179  0.9363  0.7908  0.5133  0.5793  0.7566  0.6865  0.7543  0.7543  0.5250  0.6179  0.7985  0.2082  0.000040
epoch:337 0.7348  0.9460  0.7834  0.5079  0.5626  0.7792  0.7042  0.7712  0.7712  0.5155  0.5988  0.8252  0.2087  0.000040
epoch:338 0.7215  0.9452  0.7931  0.5516  0.5821  0.7587  0.6927  0.7600  0.7600  0.5631  0.6159  0.8067  0.2073  0.000040
epoch:339 0.7222  0.9357  0.8025  0.5466  0.5839  0.7650  0.6932  0.7611  0.7611  0.5583  0.6202  0.8093  0.2069  0.000040
epoch:340 0.7304  0.9470  0.7969  0.5175  0.5848  0.7735  0.7022  0.7703  0.7703  0.5250  0.6198  0.8208  0.2084  0.000040
epoch:341 0.7252  0.9364  0.7874  0.5079  0.5805  0.7608  0.7006  0.7673  0.7673  0.5155  0.6242  0.8094  0.2073  0.000040
epoch:342 0.7297  0.9464  0.7958  0.5172  0.5822  0.7717  0.7015  0.7700  0.7700  0.5250  0.6151  0.8220  0.2088  0.000040
epoch:343 0.7193  0.9358  0.8018  0.5100  0.5758  0.7564  0.6830  0.7527  0.7527  0.5214  0.6198  0.7977  0.2073  0.000040
epoch:344 0.7202  0.9458  0.8026  0.5144  0.5827  0.7543  0.6870  0.7548  0.7548  0.5250  0.6179  0.7987  0.2065  0.000040
epoch:345 0.7277  0.9464  0.7766  0.5175  0.5613  0.7694  0.7008  0.7684  0.7684  0.5250  0.6071  0.8160  0.2083  0.000040
epoch:346 0.7166  0.9455  0.7971  0.5172  0.5710  0.7508  0.6850  0.7520  0.7520  0.5250  0.6111  0.7905  0.2071  0.000040
epoch:347 0.7205  0.9367  0.8001  0.5466  0.5789  0.7616  0.6888  0.7560  0.7560  0.5583  0.6155  0.8056  0.2076  0.000040
epoch:348 0.7112  0.9361  0.7949  0.5420  0.5810  0.7516  0.6835  0.7517  0.7517  0.5536  0.6174  0.8009  0.2067  0.000040
epoch:349 0.7156  0.9463  0.7986  0.5175  0.5733  0.7561  0.6842  0.7518  0.7518  0.5250  0.6048  0.8012  0.2064  0.000040
epoch:350 0.7141  0.9464  0.7906  0.5125  0.5713  0.7520  0.6824  0.7502  0.7502  0.5202  0.6091  0.7967  0.2069  0.000040
epoch:351 0.7091  0.9360  0.7889  0.5079  0.5758  0.7507  0.6828  0.7500  0.7500  0.5155  0.6151  0.7999  0.2062  0.000040
epoch:352 0.7365  0.9362  0.7895  0.5144  0.5762  0.7830  0.7084  0.7760  0.7760  0.5250  0.6202  0.8260  0.2067  0.000040
epoch:353 0.7155  0.9358  0.7980  0.5516  0.5824  0.7599  0.6850  0.7529  0.7529  0.5631  0.6155  0.8020  0.2080  0.000040
epoch:354 0.7191  0.9466  0.8055  0.5094  0.5813  0.7553  0.6870  0.7549  0.7549  0.5202  0.6170  0.8016  0.2048  0.000040
epoch:355 0.7119  0.9462  0.7825  0.5144  0.5702  0.7452  0.6822  0.7491  0.7491  0.5250  0.6048  0.7893  0.2054  0.000040
epoch:356 0.7148  0.9464  0.7833  0.5094  0.5738  0.7567  0.6842  0.7518  0.7518  0.5202  0.6095  0.8023  0.2062  0.000040
epoch:357 0.7187  0.9364  0.8016  0.5182  0.5836  0.7629  0.6877  0.7562  0.7562  0.5298  0.6174  0.8072  0.2084  0.000040
epoch:358 0.7177  0.9361  0.7611  0.5125  0.5390  0.7588  0.6901  0.7595  0.7595  0.5202  0.5818  0.8094  0.2054  0.000040
epoch:359 0.7362  0.9476  0.7772  0.5175  0.5649  0.7810  0.7053  0.7737  0.7737  0.5250  0.6043  0.8283  0.2049  0.000040
epoch:360 0.7304  0.9479  0.7984  0.5175  0.5736  0.7714  0.7027  0.7702  0.7702  0.5250  0.6076  0.8220  0.2045  0.000040
epoch:361 0.7344  0.9465  0.7842  0.5079  0.5617  0.7785  0.7036  0.7711  0.7711  0.5155  0.5988  0.8249  0.2060  0.000040
epoch:362 0.7129  0.9363  0.7964  0.5422  0.5707  0.7590  0.6847  0.7520  0.7520  0.5500  0.6135  0.8020  0.2101  0.000040
epoch:363 0.7312  0.9360  0.7886  0.5300  0.5774  0.7626  0.6982  0.7666  0.7666  0.5333  0.6158  0.8075  0.2051  0.000040
epoch:364 0.7381  0.9365  0.7871  0.5144  0.5726  0.7787  0.7063  0.7738  0.7738  0.5250  0.6099  0.8236  0.2055  0.000040
epoch:365 0.7369  0.9481  0.7935  0.5182  0.5849  0.7810  0.7065  0.7749  0.7749  0.5298  0.6194  0.8257  0.2060  0.000040
epoch:366 0.7284  0.9462  0.7863  0.5125  0.5613  0.7704  0.7022  0.7694  0.7694  0.5202  0.6076  0.8160  0.2049  0.000040
epoch:367 0.7169  0.9354  0.7972  0.5383  0.5738  0.7657  0.6854  0.7557  0.7557  0.5500  0.6115  0.8109  0.2035  0.000040
epoch:368 0.7231  0.9460  0.7939  0.5094  0.5818  0.7623  0.6927  0.7600  0.7600  0.5202  0.6198  0.8109  0.2032  0.000040
epoch:369 0.7182  0.9467  0.8024  0.5079  0.5857  0.7591  0.6887  0.7566  0.7566  0.5155  0.6222  0.8062  0.2047  0.000040
epoch:370 0.7412  0.9458  0.7997  0.5094  0.5844  0.7822  0.7103  0.7773  0.7773  0.5202  0.6202  0.8276  0.2045  0.000040
epoch:371 0.7325  0.9469  0.7984  0.5048  0.5765  0.7701  0.7054  0.7720  0.7720  0.5155  0.6135  0.8204  0.2032  0.000040
epoch:372 0.7345  0.9462  0.7931  0.5554  0.5835  0.7774  0.7040  0.7721  0.7721  0.5631  0.6179  0.8210  0.2040  0.000040
epoch:373 0.7254  0.9465  0.7866  0.5125  0.5650  0.7687  0.7015  0.7685  0.7685  0.5202  0.6116  0.8200  0.2040  0.000040
epoch:374 0.7310  0.9359  0.7887  0.5125  0.5746  0.7725  0.7039  0.7711  0.7711  0.5202  0.6071  0.8225  0.2031  0.000040
epoch:375 0.7279  0.9352  0.7980  0.5100  0.5770  0.7738  0.6890  0.7590  0.7590  0.5214  0.6194  0.8109  0.2060  0.000040
epoch:376 0.7281  0.9484  0.7773  0.5175  0.5566  0.7647  0.6982  0.7658  0.7658  0.5250  0.5964  0.8146  0.2051  0.000040
epoch:377 0.7094  0.9470  0.7939  0.5505  0.5678  0.7520  0.6848  0.7523  0.7523  0.5583  0.6151  0.8015  0.2030  0.000040
epoch:378 0.7279  0.9373  0.7722  0.5508  0.5687  0.7671  0.7002  0.7687  0.7687  0.5583  0.6043  0.8175  0.2029  0.000040
epoch:379 0.7166  0.9340  0.7891  0.5050  0.5660  0.7688  0.6860  0.7548  0.7548  0.5167  0.6052  0.8122  0.2049  0.000040
epoch:380 0.7352  0.9463  0.7832  0.5219  0.5656  0.7780  0.7062  0.7734  0.7734  0.5286  0.6028  0.8260  0.2054  0.000040
epoch:381 0.7361  0.9477  0.7935  0.5300  0.5739  0.7742  0.7038  0.7717  0.7717  0.5333  0.6127  0.8231  0.2068  0.000040
epoch:382 0.7132  0.9478  0.7828  0.5459  0.5575  0.7569  0.6876  0.7549  0.7549  0.5536  0.5905  0.8080  0.2042  0.000040
epoch:383 0.7274  0.9474  0.7796  0.5413  0.5540  0.7669  0.6987  0.7659  0.7659  0.5488  0.5881  0.8154  0.2037  0.000040
epoch:384 0.7306  0.9460  0.7795  0.5269  0.5651  0.7732  0.7004  0.7674  0.7674  0.5333  0.6004  0.8207  0.2054  0.000040
epoch:385 0.7164  0.9365  0.7976  0.5516  0.5843  0.7565  0.6856  0.7528  0.7528  0.5631  0.6155  0.7967  0.2034  0.000040
epoch:386 0.7258  0.9465  0.7770  0.5125  0.5656  0.7658  0.6971  0.7650  0.7650  0.5202  0.6012  0.8123  0.2047  0.000040
epoch:387 0.7293  0.9361  0.7894  0.5175  0.5715  0.7630  0.6980  0.7656  0.7656  0.5250  0.6095  0.8083  0.2027  0.000040
epoch:388 0.7098  0.9364  0.7899  0.5505  0.5714  0.7528  0.6837  0.7506  0.7506  0.5583  0.6095  0.7986  0.2028  0.000040
epoch:389 0.7349  0.9465  0.7990  0.5300  0.5750  0.7759  0.7029  0.7708  0.7708  0.5333  0.6071  0.8231  0.2024  0.000040
epoch:390 0.7143  0.9462  0.7962  0.5554  0.5860  0.7555  0.6851  0.7527  0.7527  0.5631  0.6179  0.8007  0.2026  0.000040
epoch:391 0.7172  0.9472  0.8100  0.5459  0.5849  0.7469  0.6851  0.7521  0.7521  0.5536  0.6198  0.7872  0.2025  0.000040
epoch:392 0.7331  0.9471  0.7906  0.5459  0.5522  0.7743  0.7052  0.7724  0.7724  0.5536  0.6071  0.8225  0.2044  0.000040
epoch:393 0.7339  0.9356  0.7758  0.5125  0.5566  0.7780  0.7036  0.7718  0.7718  0.5202  0.5984  0.8254  0.2019  0.000040
epoch:394 0.7129  0.9349  0.7902  0.5387  0.5699  0.7567  0.6825  0.7522  0.7522  0.5500  0.6131  0.7974  0.2054  0.000040
epoch:395 0.7317  0.9455  0.7994  0.5459  0.5752  0.7763  0.7042  0.7711  0.7711  0.5536  0.6095  0.8229  0.2027  0.000040
epoch:396 0.7296  0.9460  0.7973  0.5125  0.5605  0.7766  0.7018  0.7691  0.7691  0.5202  0.6028  0.8239  0.2016  0.000040
epoch:397 0.7315  0.9464  0.7950  0.5554  0.5778  0.7701  0.7000  0.7675  0.7675  0.5631  0.6111  0.8179  0.2036  0.000040
epoch:398 0.7315  0.9472  0.7938  0.5459  0.5786  0.7698  0.7026  0.7692  0.7692  0.5536  0.6131  0.8104  0.2024  0.000040
epoch:399 0.7190  0.9456  0.7799  0.5182  0.5689  0.7619  0.6884  0.7557  0.7557  0.5298  0.6048  0.8083  0.2016  0.000040
epoch:400 0.7227  0.9350  0.7910  0.5433  0.5790  0.7704  0.6875  0.7582  0.7582  0.5548  0.6158  0.8112  0.2047  0.000040
epoch:401 0.7190  0.9360  0.7903  0.5516  0.5811  0.7538  0.6862  0.7540  0.7540  0.5631  0.6115  0.7932  0.2022  0.000040
epoch:402 0.7319  0.9455  0.7946  0.5554  0.5708  0.7726  0.7030  0.7708  0.7708  0.5631  0.6242  0.8129  0.2033  0.000040
epoch:403 0.7196  0.9363  0.7951  0.5182  0.5814  0.7581  0.6890  0.7563  0.7563  0.5298  0.6159  0.8009  0.2029  0.000040
epoch:404 0.7384  0.9463  0.7927  0.5477  0.5786  0.7830  0.7103  0.7770  0.7770  0.5583  0.6139  0.8281  0.2042  0.000040
epoch:405 0.7285  0.9352  0.7841  0.5125  0.5661  0.7658  0.7007  0.7677  0.7677  0.5202  0.6131  0.8082  0.2003  0.000040
epoch:406 0.7364  0.9365  0.7975  0.5100  0.5713  0.7790  0.7045  0.7724  0.7724  0.5214  0.6202  0.8204  0.2025  0.000040
epoch:407 0.7135  0.9454  0.7725  0.5172  0.5586  0.7591  0.6878  0.7556  0.7556  0.5250  0.6024  0.8104  0.2030  0.000040
epoch:408 0.7214  0.9253  0.7977  0.5387  0.5722  0.7659  0.6847  0.7557  0.7557  0.5500  0.6111  0.8067  0.2026  0.000040
epoch:409 0.7279  0.9478  0.7698  0.5300  0.5635  0.7645  0.6965  0.7647  0.7647  0.5333  0.5988  0.8096  0.2004  0.000040
epoch:410 0.7104  0.9354  0.7862  0.5383  0.5652  0.7594  0.6823  0.7524  0.7524  0.5500  0.6095  0.8068  0.2035  0.000040
epoch:411 0.7092  0.9466  0.7863  0.5175  0.5707  0.7534  0.6823  0.7498  0.7498  0.5250  0.6067  0.8022  0.2010  0.000040
epoch:412 0.7403  0.9463  0.7826  0.5269  0.5740  0.7820  0.7084  0.7760  0.7760  0.5333  0.6115  0.8270  0.2023  0.000040
epoch:413 0.7286  0.9359  0.7806  0.5175  0.5617  0.7747  0.7018  0.7691  0.7691  0.5250  0.5973  0.8215  0.2027  0.000040
epoch:414 0.7169  0.9364  0.7824  0.5554  0.5767  0.7636  0.6866  0.7538  0.7538  0.5631  0.6076  0.8075  0.2030  0.000040
epoch:415 0.7175  0.9363  0.7861  0.5516  0.5726  0.7604  0.6894  0.7563  0.7563  0.5631  0.6163  0.8038  0.2037  0.000040
epoch:416 0.7308  0.9466  0.7779  0.5175  0.5629  0.7740  0.7019  0.7694  0.7694  0.5250  0.5988  0.8228  0.2022  0.000040
epoch:417 0.7210  0.9466  0.7811  0.5427  0.5701  0.7644  0.6924  0.7594  0.7594  0.5536  0.6095  0.8109  0.2011  0.000040
epoch:418 0.7318  0.9464  0.7886  0.5144  0.5618  0.7706  0.7019  0.7694  0.7694  0.5250  0.6131  0.8157  0.2032  0.000040
epoch:419 0.7088  0.9361  0.7874  0.5466  0.5722  0.7560  0.6833  0.7506  0.7506  0.5583  0.6111  0.8057  0.2017  0.000040
epoch:420 0.7137  0.9465  0.7906  0.5175  0.5724  0.7578  0.6843  0.7519  0.7519  0.5250  0.6107  0.8043  0.2017  0.000040
epoch:421 0.7185  0.9266  0.7973  0.5516  0.5867  0.7603  0.6880  0.7558  0.7558  0.5631  0.6194  0.8048  0.2016  0.000040
epoch:422 0.7367  0.9463  0.7900  0.5094  0.5744  0.7828  0.7074  0.7744  0.7744  0.5202  0.6076  0.8267  0.2011  0.000040
epoch:423 0.7099  0.9476  0.7899  0.5508  0.5668  0.7524  0.6851  0.7527  0.7527  0.5583  0.6091  0.8028  0.2016  0.000040
epoch:424 0.7133  0.9365  0.7927  0.5175  0.5690  0.7560  0.6859  0.7541  0.7541  0.5250  0.6024  0.8079  0.2009  0.000040
epoch:425 0.7339  0.9464  0.7909  0.5300  0.5744  0.7707  0.7035  0.7710  0.7710  0.5333  0.6179  0.8173  0.2016  0.000040
epoch:426 0.7190  0.9365  0.7944  0.5433  0.5771  0.7647  0.6890  0.7571  0.7571  0.5548  0.6277  0.8059  0.2023  0.000040
epoch:427 0.7349  0.9462  0.7831  0.5048  0.5743  0.7809  0.7064  0.7725  0.7725  0.5155  0.6111  0.8218  0.1997  0.000040
epoch:428 0.7171  0.9459  0.7873  0.5125  0.5749  0.7636  0.6894  0.7563  0.7563  0.5202  0.6159  0.8072  0.2020  0.000040
epoch:429 0.7295  0.9267  0.7856  0.5175  0.5666  0.7752  0.7017  0.7696  0.7696  0.5250  0.6155  0.8197  0.1996  0.000040
epoch:430 0.7229  0.9363  0.7890  0.5459  0.5603  0.7623  0.6985  0.7655  0.7655  0.5536  0.6004  0.8128  0.2009  0.000040
epoch:431 0.7229  0.9355  0.7557  0.5125  0.5487  0.7634  0.6987  0.7654  0.7654  0.5202  0.5921  0.8138  0.1996  0.000040
epoch:432 0.7330  0.9460  0.7805  0.5516  0.5682  0.7796  0.7058  0.7734  0.7734  0.5631  0.6155  0.8223  0.2007  0.000040
epoch:433 0.7164  0.9364  0.7931  0.5477  0.5786  0.7625  0.6884  0.7562  0.7562  0.5583  0.6170  0.8064  0.2010  0.000040
epoch:434 0.7277  0.9368  0.7950  0.5125  0.5762  0.7701  0.7007  0.7677  0.7677  0.5202  0.6131  0.8189  0.2007  0.000040
epoch:435 0.7339  0.9460  0.7929  0.5427  0.5755  0.7749  0.7073  0.7746  0.7746  0.5536  0.6131  0.8270  0.1996  0.000040
epoch:436 0.7217  0.9457  0.7984  0.5466  0.5863  0.7686  0.6898  0.7570  0.7570  0.5583  0.6135  0.8085  0.2002  0.000040
epoch:437 0.7231  0.9470  0.7872  0.5459  0.5587  0.7693  0.6982  0.7643  0.7643  0.5536  0.6013  0.8142  0.2005  0.000040
epoch:438 0.7315  0.9462  0.7880  0.5175  0.5643  0.7812  0.7042  0.7715  0.7715  0.5250  0.6111  0.8244  0.1986  0.000040
epoch:439 0.7240  0.9362  0.7796  0.5125  0.5671  0.7640  0.6966  0.7648  0.7648  0.5202  0.6043  0.8140  0.2004  0.000040
epoch:440 0.7304  0.9461  0.7643  0.5144  0.5504  0.7823  0.7043  0.7707  0.7707  0.5250  0.5925  0.8252  0.2004  0.000040
epoch:441 0.7227  0.9356  0.7993  0.5182  0.5887  0.7677  0.6874  0.7568  0.7568  0.5298  0.6174  0.8070  0.2032  0.000040
epoch:442 0.7162  0.9464  0.7856  0.5347  0.5724  0.7637  0.6860  0.7533  0.7533  0.5381  0.6111  0.8036  0.2014  0.000040
epoch:443 0.7105  0.9464  0.7806  0.5459  0.5700  0.7516  0.6859  0.7526  0.7526  0.5536  0.6088  0.8051  0.2005  0.000040
epoch:444 0.7093  0.9467  0.7887  0.5508  0.5615  0.7533  0.6809  0.7478  0.7478  0.5583  0.5961  0.8025  0.1994  0.000040
epoch:445 0.7217  0.9473  0.7641  0.5477  0.5464  0.7702  0.6975  0.7645  0.7645  0.5583  0.5893  0.8202  0.1992  0.000040
epoch:446 0.7224  0.9370  0.7778  0.5300  0.5522  0.7645  0.6953  0.7629  0.7629  0.5333  0.5945  0.8117  0.2003  0.000040
epoch:447 0.7152  0.9465  0.7927  0.5505  0.5749  0.7606  0.6887  0.7563  0.7563  0.5583  0.6202  0.8041  0.1982  0.000040
epoch:448 0.7256  0.9488  0.7711  0.5144  0.5515  0.7706  0.6989  0.7667  0.7667  0.5250  0.5877  0.8194  0.2017  0.000040
epoch:449 0.7285  0.9361  0.7956  0.5175  0.5709  0.7662  0.7012  0.7688  0.7688  0.5250  0.6052  0.8111  0.1991  0.000040
epoch:450 0.7072  0.9464  0.7843  0.5459  0.5687  0.7540  0.6829  0.7496  0.7496  0.5536  0.6155  0.7991  0.1994  0.000040
epoch:451 0.7186  0.9472  0.7839  0.5477  0.5746  0.7652  0.6931  0.7606  0.7606  0.5583  0.6218  0.8098  0.1971  0.000040
epoch:452 0.7418  0.9463  0.7917  0.5144  0.5809  0.7878  0.7102  0.7774  0.7774  0.5250  0.6155  0.8299  0.2016  0.000040
epoch:453 0.7139  0.9461  0.7908  0.5516  0.5756  0.7578  0.6872  0.7541  0.7541  0.5631  0.6116  0.8054  0.1995  0.000040
epoch:454 0.7151  0.9459  0.7948  0.5182  0.5750  0.7639  0.6854  0.7521  0.7521  0.5298  0.6111  0.8038  0.2005  0.000040
epoch:455 0.7342  0.9467  0.7906  0.5144  0.5748  0.7795  0.7049  0.7724  0.7724  0.5250  0.6198  0.8204  0.2001  0.000040
epoch:456 0.7269  0.9361  0.7638  0.5477  0.5511  0.7722  0.7014  0.7693  0.7693  0.5583  0.5936  0.8225  0.1976  0.000040
epoch:457 0.7140  0.9360  0.7876  0.5516  0.5780  0.7580  0.6845  0.7518  0.7518  0.5631  0.6155  0.8007  0.1994  0.000040
epoch:458 0.7238  0.9473  0.7748  0.5508  0.5585  0.7712  0.7015  0.7676  0.7676  0.5583  0.6012  0.8176  0.2002  0.000040
epoch:459 0.7279  0.9477  0.7858  0.5300  0.5596  0.7750  0.7011  0.7690  0.7690  0.5333  0.5984  0.8220  0.1998  0.000040
epoch:460 0.7158  0.9259  0.7868  0.5383  0.5621  0.7667  0.6833  0.7539  0.7539  0.5500  0.6127  0.8056  0.1979  0.000040
epoch:461 0.7268  0.9468  0.7942  0.5175  0.5555  0.7708  0.6990  0.7666  0.7666  0.5250  0.5940  0.8223  0.1987  0.000040
epoch:462 0.7175  0.9467  0.7965  0.5466  0.5845  0.7636  0.6883  0.7559  0.7559  0.5583  0.6218  0.8046  0.1986  0.000040
epoch:463 0.7294  0.9368  0.7765  0.5144  0.5628  0.7764  0.7043  0.7710  0.7710  0.5250  0.6092  0.8228  0.1976  0.000040
epoch:464 0.7372  0.9356  0.7935  0.5466  0.5755  0.7844  0.7039  0.7739  0.7739  0.5583  0.6155  0.8231  0.1954  0.000040
epoch:465 0.7383  0.9365  0.7865  0.5182  0.5720  0.7842  0.7061  0.7737  0.7737  0.5298  0.6179  0.8228  0.1983  0.000040
epoch:466 0.7319  0.9266  0.7879  0.5554  0.5685  0.7779  0.6986  0.7686  0.7686  0.5631  0.6116  0.8181  0.1989  0.000040
epoch:467 0.7305  0.9362  0.8004  0.5182  0.5834  0.7741  0.7015  0.7693  0.7693  0.5298  0.6198  0.8171  0.2001  0.000040
epoch:468 0.7265  0.9461  0.7835  0.5459  0.5717  0.7719  0.7018  0.7684  0.7684  0.5536  0.6135  0.8189  0.2017  0.000040
epoch:469 0.7145  0.9467  0.7846  0.5508  0.5728  0.7616  0.6883  0.7555  0.7555  0.5583  0.6194  0.8044  0.1988  0.000040
epoch:470 0.7341  0.9465  0.7714  0.5300  0.5562  0.7749  0.7043  0.7713  0.7713  0.5333  0.5992  0.8204  0.1977  0.000040
epoch:471 0.7322  0.9452  0.8000  0.5190  0.5711  0.7756  0.7018  0.7685  0.7685  0.5298  0.6135  0.8184  0.1964  0.000040
epoch:472 0.7250  0.9462  0.7782  0.5144  0.5680  0.7661  0.6974  0.7644  0.7644  0.5250  0.6155  0.8044  0.1988  0.000040
epoch:473 0.7361  0.9466  0.7756  0.5347  0.5532  0.7766  0.7035  0.7711  0.7711  0.5381  0.5968  0.8167  0.1984  0.000040
epoch:474 0.7230  0.9467  0.7885  0.5175  0.5586  0.7711  0.6989  0.7659  0.7659  0.5250  0.6028  0.8189  0.1987  0.000040
epoch:475 0.7149  0.9355  0.7877  0.5182  0.5709  0.7614  0.6861  0.7528  0.7528  0.5298  0.6111  0.8038  0.1959  0.000040
epoch:476 0.7343  0.9463  0.7880  0.5516  0.5673  0.7821  0.7074  0.7743  0.7743  0.5631  0.6155  0.8292  0.1973  0.000040
epoch:477 0.7331  0.9458  0.7768  0.5516  0.5539  0.7794  0.7043  0.7710  0.7710  0.5631  0.6008  0.8218  0.1982  0.000040
epoch:478 0.7334  0.9469  0.7859  0.5300  0.5549  0.7743  0.7047  0.7720  0.7720  0.5333  0.6004  0.8199  0.1974  0.000040
epoch:479 0.7252  0.9355  0.7789  0.5098  0.5652  0.7670  0.7002  0.7678  0.7678  0.5202  0.6155  0.8136  0.1987  0.000040
epoch:480 0.7318  0.9459  0.7849  0.5182  0.5694  0.7777  0.7021  0.7697  0.7697  0.5298  0.6083  0.8223  0.1958  0.000040
epoch:481 0.7211  0.9346  0.8135  0.5179  0.5686  0.7712  0.6884  0.7572  0.7572  0.5250  0.6159  0.8083  0.1996  0.000040
epoch:482 0.7195  0.9464  0.7824  0.5144  0.5789  0.7640  0.6896  0.7574  0.7574  0.5250  0.6179  0.8067  0.1972  0.000040
epoch:483 0.7332  0.9472  0.7936  0.5634  0.5620  0.7752  0.7050  0.7720  0.7720  0.5667  0.6076  0.8210  0.1979  0.000040
epoch:484 0.7274  0.9480  0.7843  0.5477  0.5690  0.7759  0.7022  0.7692  0.7692  0.5583  0.6151  0.8197  0.1972  0.000040
epoch:485 0.7132  0.9456  0.7808  0.5427  0.5680  0.7627  0.6882  0.7549  0.7549  0.5536  0.6159  0.8057  0.1951  0.000040
epoch:486 0.7277  0.9483  0.7904  0.5172  0.5601  0.7701  0.7006  0.7679  0.7679  0.5250  0.6012  0.8144  0.1975  0.000040
epoch:487 0.7285  0.9461  0.7895  0.5427  0.5551  0.7721  0.7028  0.7695  0.7695  0.5536  0.6008  0.8228  0.1985  0.000040
epoch:488 0.7127  0.9459  0.7982  0.5513  0.5674  0.7503  0.6859  0.7526  0.7526  0.5631  0.6131  0.7980  0.1959  0.000040
epoch:489 0.7363  0.9459  0.7953  0.5183  0.5646  0.7817  0.7040  0.7719  0.7719  0.5333  0.6091  0.8217  0.1953  0.000040
epoch:490 0.7310  0.9458  0.7843  0.5125  0.5624  0.7780  0.7054  0.7729  0.7729  0.5202  0.6095  0.8241  0.1946  0.000040
epoch:491 0.7223  0.9462  0.7865  0.5175  0.5663  0.7621  0.6963  0.7633  0.7633  0.5250  0.6095  0.8084  0.1953  0.000040
epoch:492 0.7285  0.9469  0.7865  0.5144  0.5698  0.7765  0.7027  0.7709  0.7709  0.5250  0.6155  0.8226  0.1955  0.000040
epoch:493 0.7323  0.9462  0.7981  0.5133  0.5668  0.7788  0.7010  0.7677  0.7677  0.5250  0.6131  0.8179  0.1957  0.000040
epoch:494 0.7126  0.9270  0.7904  0.5516  0.5740  0.7576  0.6847  0.7523  0.7523  0.5631  0.6131  0.8012  0.1976  0.000040
epoch:495 0.7200  0.9355  0.7948  0.5466  0.5828  0.7672  0.6887  0.7579  0.7579  0.5583  0.6238  0.8109  0.1974  0.000040
epoch:496 0.7262  0.9463  0.7914  0.5094  0.5580  0.7726  0.6993  0.7654  0.7654  0.5202  0.6004  0.8189  0.1942  0.000040
epoch:497 0.7327  0.9459  0.7869  0.5094  0.5585  0.7819  0.7053  0.7719  0.7719  0.5202  0.6111  0.8234  0.1952  0.000040
epoch:498 0.7311  0.9461  0.7988  0.5554  0.5601  0.7772  0.7020  0.7692  0.7692  0.5631  0.6028  0.8208  0.1960  0.000040
epoch:499 0.7219  0.9462  0.7957  0.5175  0.5688  0.7689  0.6895  0.7565  0.7565  0.5250  0.6159  0.8115  0.1947  0.000040
epoch:500 0.7307  0.9467  0.7935  0.5300  0.5637  0.7734  0.7015  0.7697  0.7697  0.5333  0.6067  0.8215  0.1980  0.000040
epoch:501 0.7278  0.9467  0.7745  0.5144  0.5608  0.7775  0.7011  0.7678  0.7678  0.5250  0.6076  0.8189  0.1970  0.000040
epoch:502 0.7284  0.9462  0.7762  0.5300  0.5583  0.7677  0.6996  0.7686  0.7686  0.5333  0.6036  0.8168  0.1954  0.000040
epoch:503 0.7269  0.9454  0.7800  0.5459  0.5607  0.7760  0.7021  0.7688  0.7688  0.5536  0.6088  0.8202  0.1964  0.000040
epoch:504 0.7205  0.9451  0.7986  0.5466  0.5697  0.7657  0.6917  0.7583  0.7583  0.5583  0.6174  0.8072  0.1969  0.000040
epoch:505 0.7138  0.9466  0.7839  0.5175  0.5699  0.7614  0.6874  0.7541  0.7541  0.5250  0.6135  0.8056  0.1960  0.000040
epoch:506 0.7151  0.9464  0.7907  0.5144  0.5598  0.7603  0.6867  0.7534  0.7534  0.5250  0.6043  0.8056  0.1957  0.000040
epoch:507 0.7226  0.9359  0.7740  0.5125  0.5552  0.7660  0.6967  0.7643  0.7643  0.5202  0.5973  0.8131  0.1960  0.000040
epoch:508 0.7341  0.9467  0.7872  0.5269  0.5605  0.7801  0.7067  0.7743  0.7743  0.5333  0.5985  0.8291  0.1955  0.000040
epoch:509 0.7377  0.9459  0.7809  0.5477  0.5683  0.7859  0.7085  0.7755  0.7755  0.5583  0.6135  0.8252  0.1950  0.000040
epoch:510 0.7309  0.9455  0.7786  0.5094  0.5658  0.7799  0.7056  0.7723  0.7723  0.5202  0.6135  0.8236  0.1972  0.000040
epoch:511 0.7323  0.9458  0.7888  0.5427  0.5636  0.7811  0.7049  0.7713  0.7713  0.5536  0.6135  0.8229  0.1948  0.000040
epoch:512 0.7338  0.9469  0.7901  0.5508  0.5618  0.7701  0.7046  0.7715  0.7715  0.5583  0.6088  0.8180  0.1951  0.000040
epoch:513 0.7304  0.9368  0.7831  0.5094  0.5626  0.7823  0.7046  0.7710  0.7710  0.5202  0.6111  0.8228  0.1963  0.000040
epoch:514 0.7281  0.9461  0.7915  0.5477  0.5661  0.7740  0.7024  0.7691  0.7691  0.5583  0.6131  0.8208  0.1948  0.000040
epoch:515 0.7277  0.9362  0.7852  0.5505  0.5616  0.7787  0.7010  0.7677  0.7677  0.5583  0.6088  0.8192  0.1964  0.000040
epoch:516 0.7275  0.9471  0.7740  0.5269  0.5480  0.7726  0.6990  0.7662  0.7662  0.5333  0.5861  0.8191  0.1927  0.000040
epoch:517 0.7346  0.9461  0.7894  0.5269  0.5609  0.7813  0.7058  0.7734  0.7734  0.5333  0.6052  0.8236  0.1939  0.000040
epoch:518 0.7200  0.9461  0.7927  0.5516  0.5766  0.7676  0.6901  0.7568  0.7568  0.5631  0.6131  0.8075  0.1958  0.000040
epoch:519 0.7312  0.9380  0.7826  0.5251  0.5592  0.7774  0.7058  0.7725  0.7725  0.5286  0.6048  0.8236  0.1960  0.000040
epoch:520 0.7256  0.9471  0.7774  0.5175  0.5653  0.7735  0.6982  0.7648  0.7648  0.5250  0.6111  0.8144  0.1952  0.000040
epoch:521 0.7327  0.9462  0.7930  0.5459  0.5659  0.7794  0.7024  0.7685  0.7685  0.5536  0.6111  0.8194  0.1953  0.000040
epoch:522 0.7277  0.9481  0.7704  0.5300  0.5501  0.7779  0.7006  0.7673  0.7673  0.5333  0.5925  0.8213  0.1963  0.000040
epoch:523 0.7338  0.9460  0.7777  0.5269  0.5592  0.7770  0.7042  0.7715  0.7715  0.5333  0.6052  0.8215  0.1953  0.000040
epoch:524 0.7329  0.9370  0.7890  0.5316  0.5479  0.7781  0.7029  0.7704  0.7704  0.5381  0.5901  0.8241  0.1938  0.000040
epoch:525 0.7131  0.9466  0.7812  0.5269  0.5772  0.7572  0.6870  0.7542  0.7542  0.5333  0.6159  0.8043  0.1955  0.000040
epoch:526 0.7352  0.9369  0.7927  0.5347  0.5657  0.7845  0.7042  0.7718  0.7718  0.5381  0.6083  0.8249  0.1941  0.000040
epoch:527 0.7312  0.9462  0.7893  0.5144  0.5730  0.7774  0.7038  0.7708  0.7708  0.5250  0.6155  0.8213  0.1940  0.000040
epoch:528 0.7231  0.9356  0.7898  0.5221  0.5626  0.7664  0.6973  0.7649  0.7649  0.5298  0.6071  0.8133  0.1958  0.000040
epoch:529 0.7342  0.9467  0.7848  0.5144  0.5665  0.7829  0.7061  0.7733  0.7733  0.5250  0.6131  0.8255  0.1953  0.000040
epoch:530 0.7172  0.9259  0.7962  0.5516  0.5758  0.7585  0.6840  0.7513  0.7513  0.5631  0.6127  0.7918  0.1947  0.000040
epoch:531 0.7286  0.9462  0.7923  0.5125  0.5671  0.7742  0.7011  0.7672  0.7672  0.5202  0.6131  0.8181  0.1924  0.000040
epoch:532 0.7235  0.9353  0.7717  0.5508  0.5582  0.7682  0.6992  0.7659  0.7659  0.5583  0.6032  0.8152  0.1947  0.000040
epoch:533 0.7398  0.9466  0.8009  0.5269  0.5675  0.7864  0.7077  0.7746  0.7746  0.5333  0.6135  0.8254  0.1931  0.000040
epoch:534 0.7364  0.9456  0.7915  0.5603  0.5753  0.7820  0.7060  0.7735  0.7735  0.5667  0.6179  0.8223  0.1947  0.000040
epoch:535 0.7303  0.9461  0.7779  0.5094  0.5624  0.7791  0.7041  0.7708  0.7708  0.5202  0.6092  0.8236  0.1945  0.000040
epoch:536 0.7300  0.9465  0.7905  0.5477  0.5700  0.7780  0.7018  0.7693  0.7693  0.5583  0.6131  0.8197  0.1941  0.000040
epoch:537 0.7259  0.9463  0.7744  0.5508  0.5592  0.7710  0.6994  0.7664  0.7664  0.5583  0.6052  0.8149  0.1943  0.000040
epoch:538 0.7294  0.9365  0.7923  0.5125  0.5636  0.7742  0.7026  0.7701  0.7701  0.5202  0.6071  0.8220  0.1924  0.000040
epoch:539 0.7169  0.9365  0.7958  0.5516  0.5792  0.7631  0.6858  0.7539  0.7539  0.5631  0.6151  0.8043  0.1950  0.000040
epoch:540 0.7302  0.9365  0.8018  0.5505  0.5783  0.7803  0.7018  0.7685  0.7685  0.5583  0.6155  0.8219  0.1949  0.000040
epoch:541 0.7324  0.9462  0.7886  0.5269  0.5688  0.7808  0.7023  0.7696  0.7696  0.5333  0.6131  0.8207  0.1922  0.000040
epoch:542 0.7274  0.9459  0.7948  0.5459  0.5568  0.7732  0.7011  0.7669  0.7669  0.5536  0.6013  0.8176  0.1940  0.000040
epoch:543 0.7367  0.9370  0.7816  0.5219  0.5686  0.7853  0.7067  0.7740  0.7740  0.5286  0.6170  0.8244  0.1930  0.000040
epoch:544 0.7345  0.9371  0.7874  0.5269  0.5674  0.7785  0.7048  0.7729  0.7729  0.5333  0.6115  0.8212  0.1933  0.000040
epoch:545 0.7206  0.9469  0.7896  0.5144  0.5553  0.7629  0.6951  0.7626  0.7626  0.5250  0.6028  0.8163  0.1927  0.000040
epoch:546 0.7118  0.9264  0.7967  0.5516  0.5750  0.7578  0.6810  0.7516  0.7516  0.5631  0.6107  0.8030  0.1935  0.000040
epoch:547 0.7345  0.9466  0.7815  0.5144  0.5615  0.7844  0.7067  0.7737  0.7737  0.5250  0.6068  0.8276  0.1939  0.000040
epoch:548 0.7364  0.9467  0.7907  0.5094  0.5673  0.7885  0.7073  0.7751  0.7751  0.5202  0.6131  0.8291  0.1937  0.000040
epoch:549 0.7288  0.9371  0.7920  0.5144  0.5701  0.7748  0.7015  0.7693  0.7693  0.5250  0.6174  0.8192  0.1939  0.000040
epoch:550 0.7408  0.9362  0.7910  0.5182  0.5734  0.7896  0.7080  0.7759  0.7759  0.5298  0.6179  0.8254  0.1918  0.000040
epoch:551 0.7264  0.9355  0.7829  0.5094  0.5582  0.7742  0.7039  0.7694  0.7694  0.5202  0.6056  0.8202  0.1921  0.000040
epoch:552 0.7224  0.9469  0.7784  0.5144  0.5569  0.7696  0.6986  0.7662  0.7662  0.5250  0.6024  0.8192  0.1936  0.000040
epoch:553 0.7242  0.9464  0.7774  0.5269  0.5522  0.7724  0.6984  0.7650  0.7650  0.5333  0.5941  0.8199  0.1935  0.000040
epoch:554 0.7312  0.9386  0.7881  0.5269  0.5522  0.7818  0.7007  0.7680  0.7680  0.5333  0.5980  0.8236  0.1927  0.000040
epoch:555 0.7247  0.9263  0.7935  0.5508  0.5604  0.7722  0.6977  0.7652  0.7652  0.5583  0.6024  0.8170  0.1934  0.000040
epoch:556 0.7331  0.9470  0.7919  0.5516  0.5671  0.7831  0.7057  0.7729  0.7729  0.5631  0.6159  0.8223  0.1942  0.000040
epoch:557 0.7342  0.9465  0.8002  0.5221  0.5570  0.7787  0.7052  0.7725  0.7725  0.5298  0.6013  0.8244  0.1926  0.000040
epoch:558 0.7316  0.9462  0.7879  0.5516  0.5662  0.7791  0.7049  0.7718  0.7718  0.5631  0.6127  0.8232  0.1914  0.000040
epoch:559 0.7268  0.9453  0.7869  0.5466  0.5615  0.7755  0.7011  0.7681  0.7681  0.5583  0.6088  0.8192  0.1934  0.000040
epoch:560 0.7126  0.9364  0.7963  0.5100  0.5781  0.7619  0.6855  0.7534  0.7534  0.5214  0.6198  0.8094  0.1922  0.000040
epoch:561 0.7278  0.9466  0.7832  0.5508  0.5581  0.7727  0.6999  0.7660  0.7660  0.5583  0.6028  0.8128  0.1929  0.000040
epoch:562 0.7223  0.9469  0.7650  0.5144  0.5449  0.7699  0.6967  0.7633  0.7633  0.5250  0.5882  0.8173  0.1915  0.000040
epoch:563 0.7286  0.9464  0.7712  0.5269  0.5538  0.7797  0.7010  0.7680  0.7680  0.5333  0.5989  0.8213  0.1927  0.000040
epoch:564 0.7290  0.9456  0.7907  0.5516  0.5681  0.7786  0.7025  0.7695  0.7695  0.5631  0.6151  0.8197  0.1918  0.000040
epoch:565 0.7289  0.9465  0.7870  0.5175  0.5498  0.7782  0.7027  0.7696  0.7696  0.5250  0.5925  0.8230  0.1910  0.000040
epoch:566 0.7344  0.9461  0.7812  0.5258  0.5654  0.7839  0.7071  0.7744  0.7744  0.5333  0.6135  0.8302  0.1918  0.000040
epoch:567 0.7315  0.9473  0.7853  0.5221  0.5540  0.7810  0.7049  0.7715  0.7715  0.5298  0.5965  0.8260  0.1923  0.000040
epoch:568 0.7250  0.9464  0.7885  0.5094  0.5684  0.7732  0.7036  0.7697  0.7697  0.5202  0.6174  0.8205  0.1912  0.000040
epoch:569 0.7325  0.9459  0.7773  0.5094  0.5536  0.7848  0.7037  0.7713  0.7713  0.5202  0.5945  0.8262  0.1913  0.000040
epoch:570 0.7283  0.9383  0.7840  0.5269  0.5569  0.7769  0.6999  0.7666  0.7666  0.5333  0.6000  0.8213  0.1946  0.000040
epoch:571 0.7233  0.9452  0.7814  0.5459  0.5555  0.7736  0.6986  0.7641  0.7641  0.5536  0.6008  0.8150  0.1924  0.000040
epoch:572 0.7219  0.9477  0.7761  0.5175  0.5528  0.7689  0.6958  0.7636  0.7636  0.5250  0.5949  0.8144  0.1934  0.000040
epoch:573 0.7147  0.9467  0.7898  0.5094  0.5668  0.7655  0.6866  0.7545  0.7545  0.5202  0.6131  0.8072  0.1932  0.000040
epoch:574 0.7262  0.9472  0.7792  0.5175  0.5600  0.7739  0.6995  0.7668  0.7668  0.5250  0.6028  0.8205  0.1931  0.000040
epoch:575 0.7193  0.9477  0.7898  0.5182  0.5611  0.7662  0.6944  0.7629  0.7629  0.5298  0.6043  0.8168  0.1957  0.000040
epoch:576 0.7330  0.9466  0.7817  0.5300  0.5629  0.7767  0.7068  0.7732  0.7732  0.5333  0.6076  0.8223  0.1918  0.000040
epoch:577 0.7333  0.9459  0.7903  0.5554  0.5668  0.7761  0.7081  0.7754  0.7754  0.5631  0.6135  0.8257  0.1915  0.000040
epoch:578 0.7297  0.9462  0.7902  0.5221  0.5613  0.7807  0.7019  0.7694  0.7694  0.5298  0.6068  0.8231  0.1911  0.000040
epoch:579 0.7258  0.9464  0.7803  0.5459  0.5515  0.7751  0.7019  0.7686  0.7686  0.5536  0.5949  0.8226  0.1919  0.000040
epoch:580 0.7267  0.9463  0.7900  0.5508  0.5592  0.7754  0.7018  0.7684  0.7684  0.5583  0.6048  0.8200  0.1915  0.000040
epoch:581 0.7203  0.9461  0.7662  0.5175  0.5517  0.7618  0.6977  0.7647  0.7647  0.5250  0.5988  0.8142  0.1921  0.000040
epoch:582 0.7281  0.9466  0.7922  0.5477  0.5618  0.7756  0.7013  0.7685  0.7685  0.5583  0.6067  0.8202  0.1908  0.000040
epoch:583 0.7328  0.9467  0.7932  0.5140  0.5599  0.7788  0.7019  0.7683  0.7683  0.5250  0.6028  0.8191  0.1916  0.000040
epoch:584 0.7291  0.9462  0.7882  0.5505  0.5667  0.7752  0.7023  0.7689  0.7689  0.5583  0.6131  0.8184  0.1908  0.000040
epoch:585 0.7345  0.9470  0.7854  0.5269  0.5571  0.7741  0.7034  0.7704  0.7704  0.5333  0.6028  0.8164  0.1908  0.000040
epoch:586 0.7282  0.9464  0.7812  0.5308  0.5663  0.7738  0.7021  0.7700  0.7700  0.5381  0.6135  0.8192  0.1908  0.000040
epoch:587 0.7251  0.9463  0.7899  0.5144  0.5563  0.7695  0.6992  0.7650  0.7650  0.5250  0.6032  0.8147  0.1918  0.000040
epoch:588 0.7289  0.9357  0.7842  0.5516  0.5598  0.7802  0.7028  0.7698  0.7698  0.5631  0.6048  0.8213  0.1915  0.000040
epoch:589 0.7311  0.9455  0.7832  0.5182  0.5651  0.7790  0.7044  0.7726  0.7726  0.5298  0.6131  0.8233  0.1903  0.000040
epoch:590 0.7221  0.9365  0.7900  0.5182  0.5683  0.7681  0.6946  0.7616  0.7616  0.5298  0.6155  0.8092  0.1904  0.000040
epoch:591 0.7291  0.9464  0.7849  0.5221  0.5661  0.7719  0.7026  0.7698  0.7698  0.5298  0.6099  0.8176  0.1887  0.000040
epoch:592 0.7329  0.9368  0.7901  0.5175  0.5604  0.7798  0.7055  0.7728  0.7728  0.5250  0.6052  0.8236  0.1914  0.000040
epoch:593 0.7307  0.9378  0.7850  0.5144  0.5592  0.7749  0.7030  0.7694  0.7694  0.5250  0.6071  0.8144  0.1900  0.000040
epoch:594 0.7367  0.9469  0.7861  0.5144  0.5646  0.7846  0.7100  0.7772  0.7772  0.5250  0.6099  0.8283  0.1926  0.000040
epoch:595 0.7206  0.9467  0.7571  0.5144  0.5511  0.7600  0.6938  0.7620  0.7620  0.5250  0.5920  0.8088  0.1924  0.000040
epoch:596 0.7248  0.9469  0.7772  0.5477  0.5538  0.7710  0.7009  0.7679  0.7679  0.5583  0.6004  0.8205  0.1910  0.000040
epoch:597 0.7239  0.9469  0.7779  0.5144  0.5588  0.7727  0.6998  0.7662  0.7662  0.5250  0.6028  0.8194  0.1885  0.000040
epoch:598 0.7174  0.9467  0.7578  0.5175  0.5520  0.7606  0.6954  0.7617  0.7617  0.5250  0.5968  0.8104  0.1913  0.000040
epoch:599 0.7272  0.9463  0.7863  0.5144  0.5670  0.7736  0.7044  0.7699  0.7699  0.5250  0.6163  0.8192  0.1912  0.000040
epoch:600 0.7323  0.9357  0.7787  0.5144  0.5653  0.7802  0.7047  0.7719  0.7719  0.5250  0.6131  0.8223  0.1891  0.000040
epoch:601 0.7260  0.9470  0.7849  0.5221  0.5611  0.7709  0.7000  0.7667  0.7667  0.5298  0.6076  0.8149  0.1888  0.000040
epoch:602 0.7254  0.9464  0.7777  0.5144  0.5565  0.7760  0.6997  0.7654  0.7654  0.5250  0.6028  0.8173  0.1904  0.000040
epoch:603 0.7301  0.9458  0.7955  0.5094  0.5667  0.7768  0.7025  0.7683  0.7683  0.5202  0.6174  0.8187  0.1887  0.000040
epoch:604 0.7220  0.9373  0.7795  0.5079  0.5581  0.7612  0.6970  0.7634  0.7634  0.5155  0.6056  0.8025  0.1903  0.000040
epoch:605 0.7203  0.9456  0.7831  0.5144  0.5600  0.7695  0.6991  0.7649  0.7649  0.5250  0.6088  0.8184  0.1885  0.000040
epoch:606 0.7244  0.9376  0.7752  0.5219  0.5571  0.7653  0.6986  0.7656  0.7656  0.5286  0.6056  0.8093  0.1908  0.000040
epoch:607 0.7215  0.9474  0.7734  0.5125  0.5574  0.7661  0.6971  0.7626  0.7626  0.5202  0.6028  0.8073  0.1890  0.000040
epoch:608 0.7332  0.9463  0.7991  0.5508  0.5643  0.7791  0.7032  0.7699  0.7699  0.5583  0.6111  0.8208  0.1934  0.000040
epoch:609 0.7252  0.9462  0.7745  0.5175  0.5495  0.7744  0.6988  0.7655  0.7655  0.5250  0.5945  0.8170  0.1903  0.000040
epoch:610 0.7216  0.9368  0.7767  0.5144  0.5525  0.7641  0.6977  0.7643  0.7643  0.5250  0.6008  0.8104  0.1897  0.000040
epoch:611 0.7203  0.9461  0.7864  0.5144  0.5652  0.7688  0.6969  0.7626  0.7626  0.5250  0.6092  0.8132  0.1897  0.000040
epoch:612 0.7330  0.9460  0.7858  0.5144  0.5678  0.7819  0.7060  0.7739  0.7739  0.5250  0.6159  0.8249  0.1882  0.000040
epoch:613 0.7209  0.9464  0.7704  0.5144  0.5448  0.7626  0.6964  0.7637  0.7637  0.5250  0.5866  0.8125  0.1911  0.000040
epoch:614 0.7277  0.9456  0.7951  0.5144  0.5654  0.7732  0.7008  0.7672  0.7672  0.5250  0.6131  0.8189  0.1906  0.000040
epoch:615 0.7270  0.9468  0.7841  0.5508  0.5622  0.7716  0.7021  0.7688  0.7688  0.5583  0.6076  0.8184  0.1886  0.000040
epoch:616 0.7309  0.9354  0.8124  0.5225  0.5708  0.7808  0.7001  0.7698  0.7698  0.5298  0.6222  0.8221  0.1903  0.000040
epoch:617 0.7303  0.9470  0.7866  0.5094  0.5681  0.7784  0.7043  0.7707  0.7707  0.5202  0.6155  0.8229  0.1879  0.000040
epoch:618 0.7071  0.9363  0.7896  0.5516  0.5842  0.7410  0.6792  0.7470  0.7470  0.5631  0.6198  0.7886  0.1907  0.000040
epoch:619 0.7258  0.9463  0.7830  0.5477  0.5583  0.7701  0.7019  0.7680  0.7680  0.5583  0.6056  0.8168  0.1898  0.000040
epoch:620 0.7276  0.9464  0.7830  0.5347  0.5601  0.7721  0.7014  0.7686  0.7686  0.5381  0.6013  0.8181  0.1893  0.000040
epoch:621 0.7153  0.9469  0.7936  0.5427  0.5675  0.7617  0.6850  0.7517  0.7517  0.5536  0.6146  0.7993  0.1876  0.000040
epoch:622 0.7224  0.9365  0.7840  0.5641  0.5598  0.7696  0.6985  0.7646  0.7646  0.5714  0.6068  0.8145  0.1910  0.000040
epoch:623 0.7249  0.9468  0.7836  0.5144  0.5566  0.7729  0.6987  0.7657  0.7657  0.5250  0.6032  0.8165  0.1882  0.000040
epoch:624 0.7107  0.9270  0.7855  0.5516  0.5668  0.7569  0.6835  0.7508  0.7508  0.5631  0.6151  0.7999  0.1882  0.000040
epoch:625 0.7276  0.9361  0.7907  0.5182  0.5693  0.7745  0.7015  0.7693  0.7693  0.5298  0.6179  0.8189  0.1893  0.000040
epoch:626 0.7149  0.9462  0.7963  0.5251  0.5643  0.7585  0.6865  0.7523  0.7523  0.5286  0.6111  0.8041  0.1884  0.000040
epoch:627 0.7314  0.9463  0.7789  0.5269  0.5571  0.7768  0.7050  0.7716  0.7716  0.5333  0.6004  0.8231  0.1898  0.000040
epoch:628 0.7298  0.9464  0.7932  0.5603  0.5599  0.7754  0.7018  0.7685  0.7685  0.5667  0.6048  0.8197  0.1885  0.000040
epoch:629 0.7247  0.9466  0.7894  0.5144  0.5647  0.7702  0.6998  0.7661  0.7661  0.5250  0.6135  0.8165  0.1912  0.000040
epoch:630 0.7328  0.9463  0.7712  0.5144  0.5603  0.7790  0.7059  0.7729  0.7729  0.5250  0.6071  0.8247  0.1875  0.000040
epoch:631 0.7167  0.9362  0.7784  0.5144  0.5537  0.7660  0.6931  0.7586  0.7586  0.5250  0.6008  0.8095  0.1886  0.000040
epoch:632 0.7206  0.9464  0.7785  0.5144  0.5576  0.7681  0.6973  0.7627  0.7627  0.5250  0.6028  0.8153  0.1890  0.000040
epoch:633 0.7281  0.9473  0.7711  0.5269  0.5545  0.7738  0.7022  0.7683  0.7683  0.5333  0.5973  0.8175  0.1899  0.000040
epoch:634 0.7283  0.9461  0.7941  0.5190  0.5619  0.7771  0.7023  0.7698  0.7698  0.5298  0.6052  0.8218  0.1905  0.000040
epoch:635 0.7295  0.9467  0.7833  0.5125  0.5584  0.7782  0.7037  0.7694  0.7694  0.5202  0.6052  0.8207  0.1897  0.000040
epoch:636 0.7279  0.9362  0.7922  0.5524  0.5670  0.7733  0.7024  0.7700  0.7700  0.5631  0.6195  0.8192  0.1892  0.000040
epoch:637 0.7232  0.9464  0.8007  0.5190  0.5621  0.7682  0.6969  0.7642  0.7642  0.5298  0.6052  0.8155  0.1883  0.000040
epoch:638 0.7262  0.9445  0.7914  0.5524  0.5511  0.7750  0.7024  0.7685  0.7685  0.5631  0.5965  0.8216  0.1872  0.000040
epoch:639 0.7261  0.9464  0.7876  0.5477  0.5594  0.7713  0.7027  0.7679  0.7679  0.5583  0.6068  0.8200  0.1882  0.000040
epoch:640 0.7226  0.9473  0.7784  0.5175  0.5549  0.7700  0.6981  0.7636  0.7636  0.5250  0.5965  0.8155  0.1883  0.000040
epoch:641 0.7128  0.9367  0.7644  0.5266  0.5517  0.7560  0.6890  0.7556  0.7556  0.5333  0.5921  0.8036  0.1866  0.000040
epoch:642 0.7361  0.9439  0.7925  0.5221  0.5553  0.7830  0.7051  0.7798  0.7798  0.5298  0.5973  0.8368  0.1880  0.000040
epoch:643 0.7302  0.9464  0.7930  0.5230  0.5712  0.7774  0.7041  0.7714  0.7714  0.5345  0.6135  0.8223  0.1883  0.000040
epoch:644 0.7323  0.9473  0.7835  0.5269  0.5572  0.7756  0.7021  0.7703  0.7703  0.5333  0.5984  0.8231  0.1888  0.000040
epoch:645 0.7367  0.9466  0.7896  0.5144  0.5613  0.7765  0.7073  0.7737  0.7737  0.5250  0.6092  0.8180  0.1865  0.000040
epoch:646 0.7285  0.9466  0.7877  0.5144  0.5665  0.7721  0.7008  0.7666  0.7666  0.5250  0.6111  0.8171  0.1875  0.000040
epoch:647 0.7203  0.9464  0.7908  0.5427  0.5577  0.7671  0.6977  0.7629  0.7629  0.5536  0.6032  0.8140  0.1870  0.000040
epoch:648 0.7297  0.9280  0.7864  0.5175  0.5530  0.7778  0.7031  0.7704  0.7704  0.5250  0.6008  0.8220  0.1870  0.000040
epoch:649 0.7333  0.9470  0.7812  0.5300  0.5547  0.7793  0.7063  0.7720  0.7720  0.5333  0.6008  0.8241  0.1888  0.000040
epoch:650 0.7291  0.9260  0.8068  0.5100  0.5788  0.7781  0.7013  0.7714  0.7714  0.5214  0.6262  0.8258  0.1873  0.000040
epoch:651 0.7280  0.9265  0.7868  0.5516  0.5721  0.7728  0.7011  0.7677  0.7677  0.5631  0.6238  0.8150  0.1875  0.000040
epoch:652 0.7302  0.9473  0.7990  0.5190  0.5619  0.7718  0.7023  0.7684  0.7684  0.5298  0.6052  0.8162  0.1874  0.000040
epoch:653 0.7264  0.9464  0.7992  0.5516  0.5652  0.7702  0.6994  0.7664  0.7664  0.5631  0.6135  0.8156  0.1878  0.000040
epoch:654 0.7321  0.9374  0.7899  0.5524  0.5658  0.7758  0.7065  0.7731  0.7731  0.5631  0.6071  0.8215  0.1883  0.000040
epoch:655 0.7187  0.9469  0.7772  0.5144  0.5569  0.7654  0.6965  0.7629  0.7629  0.5250  0.6032  0.8150  0.1875  0.000040
epoch:656 0.7230  0.9468  0.7604  0.5300  0.5463  0.7701  0.6984  0.7641  0.7641  0.5333  0.5901  0.8157  0.1848  0.000040
epoch:657 0.7222  0.9356  0.7869  0.5175  0.5613  0.7613  0.6973  0.7643  0.7643  0.5250  0.6095  0.8073  0.1881  0.000040
epoch:658 0.7244  0.9469  0.7794  0.5094  0.5586  0.7706  0.7025  0.7686  0.7686  0.5202  0.6028  0.8223  0.1879  0.000040
epoch:659 0.7213  0.9473  0.7863  0.5175  0.5608  0.7675  0.6967  0.7625  0.7625  0.5250  0.6076  0.8121  0.1865  0.000040
epoch:660 0.7334  0.9353  0.7872  0.5221  0.5591  0.7816  0.6998  0.7742  0.7742  0.5298  0.6048  0.8284  0.1876  0.000040
epoch:661 0.7246  0.9471  0.7889  0.5477  0.5621  0.7698  0.7007  0.7668  0.7668  0.5583  0.6024  0.8186  0.1869  0.000040
epoch:662 0.7134  0.9360  0.7942  0.5516  0.5854  0.7609  0.6840  0.7515  0.7515  0.5631  0.6282  0.8042  0.1886  0.000040
epoch:663 0.7067  0.9368  0.7874  0.5516  0.5683  0.7475  0.6812  0.7484  0.7484  0.5631  0.6174  0.7973  0.1874  0.000040
epoch:664 0.7241  0.9462  0.7787  0.5269  0.5617  0.7700  0.7015  0.7670  0.7670  0.5333  0.6116  0.8163  0.1873  0.000040
epoch:665 0.7253  0.9465  0.7828  0.5144  0.5553  0.7746  0.7022  0.7674  0.7674  0.5250  0.6013  0.8205  0.1878  0.000040
epoch:666 0.7207  0.9456  0.7855  0.5516  0.5641  0.7692  0.6973  0.7642  0.7642  0.5631  0.6111  0.8153  0.1896  0.000040
epoch:667 0.7295  0.9467  0.7912  0.5190  0.5675  0.7777  0.7030  0.7703  0.7703  0.5298  0.6111  0.8231  0.1860  0.000040
epoch:668 0.7285  0.9468  0.7878  0.5144  0.5696  0.7762  0.7041  0.7704  0.7704  0.5250  0.6179  0.8207  0.1875  0.000040
epoch:669 0.7305  0.9464  0.7825  0.5144  0.5638  0.7694  0.7049  0.7707  0.7707  0.5250  0.6111  0.8128  0.1876  0.000040
epoch:670 0.7326  0.9467  0.7905  0.5190  0.5668  0.7808  0.7048  0.7717  0.7717  0.5298  0.6111  0.8239  0.1861  0.000040
epoch:671 0.7277  0.9468  0.7827  0.5477  0.5611  0.7754  0.7031  0.7691  0.7691  0.5583  0.6032  0.8208  0.1862  0.000040
epoch:672 0.7253  0.9455  0.7880  0.5524  0.5533  0.7723  0.7021  0.7682  0.7682  0.5631  0.5949  0.8203  0.1885  0.000040
epoch:673 0.7321  0.9375  0.7889  0.5554  0.5602  0.7791  0.7049  0.7722  0.7722  0.5631  0.5960  0.8257  0.1873  0.000040
epoch:674 0.7292  0.9468  0.7803  0.5144  0.5633  0.7751  0.7021  0.7687  0.7687  0.5250  0.6052  0.8188  0.1867  0.000040
epoch:675 0.7227  0.9469  0.7958  0.5190  0.5563  0.7677  0.6961  0.7619  0.7619  0.5298  0.6013  0.8132  0.1874  0.000040
epoch:676 0.7244  0.9464  0.7846  0.5144  0.5680  0.7722  0.7025  0.7680  0.7680  0.5250  0.6135  0.8187  0.1858  0.000040
epoch:677 0.7298  0.9366  0.7832  0.5516  0.5662  0.7769  0.7033  0.7700  0.7700  0.5631  0.6175  0.8197  0.1874  0.000040
epoch:678 0.7253  0.9466  0.7795  0.5190  0.5493  0.7678  0.6968  0.7640  0.7640  0.5298  0.5905  0.8133  0.1865  0.000040
epoch:679 0.7288  0.9466  0.7866  0.5477  0.5701  0.7741  0.7028  0.7692  0.7692  0.5583  0.6179  0.8176  0.1869  0.000040
epoch:680 0.7203  0.9473  0.7768  0.5477  0.5567  0.7654  0.6987  0.7642  0.7642  0.5583  0.5989  0.8157  0.1862  0.000040
epoch:681 0.7300  0.9470  0.7995  0.5316  0.5666  0.7712  0.7006  0.7673  0.7673  0.5381  0.6092  0.8170  0.1857  0.000040
epoch:682 0.7329  0.9467  0.7694  0.5347  0.5542  0.7767  0.7043  0.7719  0.7719  0.5381  0.5909  0.8220  0.1857  0.000040
epoch:683 0.7272  0.9459  0.7912  0.5190  0.5699  0.7721  0.7027  0.7691  0.7691  0.5298  0.6179  0.8171  0.1865  0.000040
epoch:684 0.7285  0.9470  0.7801  0.5477  0.5663  0.7748  0.7044  0.7699  0.7699  0.5583  0.6135  0.8205  0.1856  0.000040
epoch:685 0.7347  0.9374  0.7879  0.5477  0.5631  0.7828  0.7076  0.7739  0.7739  0.5583  0.6111  0.8268  0.1861  0.000040
epoch:686 0.7292  0.9469  0.7788  0.5144  0.5640  0.7773  0.7035  0.7699  0.7699  0.5250  0.6135  0.8199  0.1852  0.000040
epoch:687 0.7306  0.9470  0.7870  0.5094  0.5513  0.7776  0.7046  0.7692  0.7692  0.5202  0.5989  0.8205  0.1848  0.000040
epoch:688 0.7257  0.9468  0.7869  0.5190  0.5532  0.7731  0.7004  0.7659  0.7659  0.5298  0.5965  0.8192  0.1847  0.000040
epoch:689 0.7302  0.9372  0.7885  0.5172  0.5564  0.7741  0.7032  0.7699  0.7699  0.5250  0.6032  0.8185  0.1845  0.000040
epoch:690 0.7340  0.9469  0.8013  0.5190  0.5658  0.7767  0.7046  0.7710  0.7710  0.5298  0.6111  0.8209  0.1857  0.000040
epoch:691 0.7221  0.9363  0.7817  0.5144  0.5577  0.7667  0.6965  0.7629  0.7629  0.5250  0.6052  0.8115  0.1867  0.000040
epoch:692 0.7334  0.9468  0.7954  0.5144  0.5624  0.7774  0.7040  0.7697  0.7697  0.5250  0.6008  0.8215  0.1844  0.000040
epoch:693 0.7345  0.9433  0.7864  0.5190  0.5586  0.7813  0.7021  0.7752  0.7752  0.5298  0.6032  0.8310  0.1849  0.000040
epoch:694 0.7342  0.9464  0.7888  0.5477  0.5679  0.7826  0.7087  0.7754  0.7754  0.5583  0.6135  0.8270  0.1857  0.000040
epoch:695 0.7233  0.9366  0.7686  0.5140  0.5582  0.7666  0.6986  0.7647  0.7647  0.5250  0.5992  0.8091  0.1860  0.000040
epoch:696 0.7311  0.9468  0.7855  0.5144  0.5614  0.7783  0.7058  0.7709  0.7709  0.5250  0.6056  0.8213  0.1856  0.000040
epoch:697 0.7241  0.9465  0.7803  0.5477  0.5610  0.7720  0.7014  0.7678  0.7678  0.5583  0.6072  0.8195  0.1834  0.000040
epoch:698 0.7313  0.9474  0.7858  0.5219  0.5700  0.7685  0.7062  0.7732  0.7732  0.5286  0.6174  0.8159  0.1864  0.000040
epoch:699 0.7227  0.9469  0.7848  0.5182  0.5640  0.7708  0.6978  0.7648  0.7648  0.5298  0.6111  0.8161  0.1843  0.000040
epoch:700 0.7195  0.9469  0.7761  0.5144  0.5615  0.7610  0.6991  0.7648  0.7648  0.5250  0.6048  0.8158  0.1836  0.000040
epoch:701 0.7307  0.9468  0.7775  0.5316  0.5548  0.7759  0.7030  0.7702  0.7702  0.5381  0.5968  0.8204  0.1849  0.000040
epoch:702 0.7210  0.9375  0.7892  0.5172  0.5483  0.7705  0.6964  0.7628  0.7628  0.5250  0.5877  0.8181  0.1837  0.000040
epoch:703 0.7081  0.9369  0.7871  0.5516  0.5659  0.7552  0.6814  0.7481  0.7481  0.5631  0.6116  0.7991  0.1852  0.000040
epoch:704 0.7261  0.9473  0.7883  0.5190  0.5629  0.7723  0.7007  0.7664  0.7664  0.5298  0.6052  0.8171  0.1851  0.000040
epoch:705 0.7286  0.9473  0.7833  0.5316  0.5543  0.7718  0.7003  0.7673  0.7673  0.5381  0.5964  0.8184  0.1853  0.000040
epoch:706 0.7279  0.9468  0.7869  0.5347  0.5588  0.7715  0.6988  0.7660  0.7660  0.5381  0.6028  0.8160  0.1848  0.000040
epoch:707 0.7253  0.9468  0.7829  0.5144  0.5617  0.7740  0.7008  0.7665  0.7665  0.5250  0.6032  0.8189  0.1865  0.000040
epoch:708 0.7255  0.9279  0.7852  0.5269  0.5660  0.7686  0.6996  0.7665  0.7665  0.5333  0.6091  0.8142  0.1861  0.000040
epoch:709 0.7294  0.9470  0.7910  0.5144  0.5720  0.7720  0.7007  0.7679  0.7679  0.5250  0.6174  0.8173  0.1835  0.000040
epoch:710 0.7378  0.9468  0.7986  0.5309  0.5701  0.7833  0.7062  0.7749  0.7749  0.5381  0.6174  0.8257  0.1835  0.000040
epoch:711 0.7320  0.9473  0.7882  0.5190  0.5542  0.7816  0.7055  0.7713  0.7713  0.5298  0.5989  0.8252  0.1837  0.000040
epoch:712 0.7243  0.9474  0.7868  0.5144  0.5577  0.7685  0.6996  0.7651  0.7651  0.5250  0.6072  0.8168  0.1848  0.000040
epoch:713 0.7301  0.9461  0.7736  0.5190  0.5493  0.7797  0.7061  0.7722  0.7722  0.5298  0.5929  0.8257  0.1841  0.000040
epoch:714 0.7306  0.9476  0.7924  0.5269  0.5713  0.7712  0.7027  0.7696  0.7696  0.5333  0.6179  0.8168  0.1823  0.000040
epoch:715 0.7289  0.9357  0.7973  0.5393  0.5728  0.7716  0.7005  0.7686  0.7686  0.5429  0.6179  0.8160  0.1846  0.000040
epoch:716 0.7264  0.9369  0.7822  0.5300  0.5634  0.7686  0.7007  0.7677  0.7677  0.5333  0.6071  0.8165  0.1854  0.000040
epoch:717 0.7335  0.9378  0.7910  0.5190  0.5678  0.7789  0.7063  0.7727  0.7727  0.5298  0.6107  0.8242  0.1836  0.000040
epoch:718 0.7251  0.9468  0.7730  0.5316  0.5512  0.7711  0.6986  0.7647  0.7647  0.5381  0.5929  0.8155  0.1840  0.000040
epoch:719 0.7256  0.9464  0.8014  0.5190  0.5653  0.7721  0.6981  0.7651  0.7651  0.5298  0.6092  0.8184  0.1850  0.000040
epoch:720 0.7217  0.9468  0.7884  0.5316  0.5583  0.7670  0.6967  0.7621  0.7621  0.5381  0.5989  0.8129  0.1843  0.000040
epoch:721 0.7304  0.9463  0.7886  0.5094  0.5699  0.7766  0.7045  0.7714  0.7714  0.5202  0.6183  0.8221  0.1851  0.000040
epoch:722 0.7262  0.9474  0.7884  0.5508  0.5640  0.7687  0.7030  0.7694  0.7694  0.5583  0.6111  0.8205  0.1838  0.000040
epoch:723 0.7241  0.9379  0.7786  0.5508  0.5579  0.7701  0.7001  0.7659  0.7659  0.5583  0.6048  0.8152  0.1850  0.000040
epoch:724 0.7276  0.9467  0.7932  0.5300  0.5698  0.7679  0.6997  0.7655  0.7655  0.5333  0.6163  0.8121  0.1843  0.000040
epoch:725 0.7230  0.9467  0.7735  0.5190  0.5491  0.7698  0.6979  0.7637  0.7637  0.5298  0.5905  0.8157  0.1832  0.000040
epoch:726 0.7224  0.9469  0.7811  0.5175  0.5612  0.7658  0.6998  0.7659  0.7659  0.5250  0.6095  0.8150  0.1833  0.000040
epoch:727 0.7231  0.9473  0.7803  0.5144  0.5630  0.7712  0.7017  0.7672  0.7672  0.5250  0.6092  0.8195  0.1841  0.000040
epoch:728 0.7249  0.9468  0.7890  0.5190  0.5633  0.7692  0.7001  0.7671  0.7671  0.5298  0.6048  0.8186  0.1852  0.000040
epoch:729 0.7272  0.9472  0.7930  0.5221  0.5627  0.7713  0.7014  0.7684  0.7684  0.5298  0.5996  0.8203  0.1851  0.000040
epoch:730 0.7031  0.9465  0.7949  0.5466  0.5706  0.7476  0.6807  0.7477  0.7477  0.5583  0.6151  0.7975  0.1847  0.000040
epoch:731 0.7284  0.9473  0.7859  0.5190  0.5572  0.7725  0.7019  0.7683  0.7683  0.5298  0.5992  0.8205  0.1850  0.000040
epoch:732 0.7243  0.9469  0.7884  0.5190  0.5567  0.7736  0.7002  0.7657  0.7657  0.5298  0.5965  0.8194  0.1836  0.000040
epoch:733 0.7250  0.9468  0.7936  0.5190  0.5581  0.7735  0.7008  0.7663  0.7663  0.5298  0.5989  0.8189  0.1851  0.000040
epoch:734 0.7284  0.9469  0.7809  0.5477  0.5595  0.7750  0.7053  0.7711  0.7711  0.5583  0.6036  0.8223  0.1830  0.000040
epoch:735 0.7214  0.9378  0.7849  0.5477  0.5542  0.7690  0.6981  0.7635  0.7635  0.5583  0.5965  0.8163  0.1842  0.000040
epoch:736 0.7289  0.9473  0.7731  0.5190  0.5552  0.7740  0.7029  0.7692  0.7692  0.5298  0.5968  0.8204  0.1828  0.000040
epoch:737 0.7302  0.9465  0.7964  0.5190  0.5722  0.7758  0.7052  0.7716  0.7716  0.5298  0.6159  0.8247  0.1838  0.000040
epoch:738 0.7333  0.9358  0.7750  0.5316  0.5504  0.7804  0.7022  0.7747  0.7747  0.5381  0.5929  0.8286  0.1834  0.000040
epoch:739 0.7256  0.9465  0.7859  0.5125  0.5570  0.7759  0.7024  0.7675  0.7675  0.5202  0.6013  0.8205  0.1841  0.000040
epoch:740 0.7288  0.9461  0.7876  0.5190  0.5645  0.7748  0.7018  0.7685  0.7685  0.5298  0.6135  0.8184  0.1822  0.000040
epoch:741 0.7174  0.9462  0.7794  0.5269  0.5577  0.7649  0.6940  0.7601  0.7601  0.5333  0.6008  0.8110  0.1824  0.000040
epoch:742 0.7283  0.9471  0.7939  0.5316  0.5631  0.7708  0.7022  0.7698  0.7698  0.5381  0.6080  0.8184  0.1821  0.000040
epoch:743 0.7291  0.9469  0.7921  0.5190  0.5621  0.7770  0.7035  0.7702  0.7702  0.5298  0.6008  0.8247  0.1827  0.000040
epoch:744 0.7253  0.9468  0.7816  0.5012  0.5626  0.7740  0.7005  0.7668  0.7668  0.5119  0.6071  0.8194  0.1818  0.000040
epoch:745 0.7341  0.9470  0.7821  0.5269  0.5690  0.7790  0.7051  0.7721  0.7721  0.5333  0.6135  0.8215  0.1849  0.000040
epoch:746 0.7270  0.9471  0.7841  0.5094  0.5567  0.7757  0.7025  0.7689  0.7689  0.5202  0.6008  0.8234  0.1837  0.000040
epoch:747 0.7165  0.9462  0.7769  0.5190  0.5499  0.7655  0.6961  0.7619  0.7619  0.5298  0.5929  0.8150  0.1820  0.000040
epoch:748 0.7208  0.9469  0.7803  0.5144  0.5561  0.7688  0.6952  0.7610  0.7610  0.5250  0.6028  0.8126  0.1840  0.000040
epoch:749 0.7260  0.9471  0.7803  0.5477  0.5654  0.7737  0.7030  0.7687  0.7687  0.5583  0.6116  0.8194  0.1829  0.000040
epoch:750 0.7219  0.9468  0.7641  0.5477  0.5497  0.7689  0.6996  0.7653  0.7653  0.5583  0.5925  0.8187  0.1825  0.000040
epoch:751 0.7274  0.9468  0.7936  0.5316  0.5635  0.7726  0.7013  0.7674  0.7674  0.5381  0.6032  0.8176  0.1818  0.000040
epoch:752 0.7239  0.9472  0.7614  0.5508  0.5491  0.7705  0.7014  0.7669  0.7669  0.5583  0.5929  0.8189  0.1822  0.000040
epoch:753 0.7202  0.9365  0.7826  0.5641  0.5646  0.7551  0.6937  0.7604  0.7604  0.5714  0.6135  0.7976  0.1845  0.000040
epoch:754 0.7270  0.9465  0.7869  0.5133  0.5705  0.7758  0.7038  0.7705  0.7705  0.5250  0.6155  0.8239  0.1828  0.000040
epoch:755 0.7268  0.9471  0.7897  0.5190  0.5612  0.7691  0.7002  0.7672  0.7672  0.5298  0.6028  0.8155  0.1817  0.000040
epoch:756 0.7225  0.9472  0.7677  0.5505  0.5472  0.7691  0.6989  0.7650  0.7650  0.5583  0.5901  0.8173  0.1811  0.000040
epoch:757 0.7263  0.9459  0.7904  0.5190  0.5577  0.7696  0.7016  0.7677  0.7677  0.5298  0.6032  0.8147  0.1812  0.000040
epoch:758 0.7260  0.9468  0.7885  0.5190  0.5639  0.7729  0.6997  0.7661  0.7661  0.5298  0.6028  0.8181  0.1813  0.000040
epoch:759 0.7260  0.9467  0.7970  0.5466  0.5676  0.7604  0.7016  0.7676  0.7676  0.5583  0.6139  0.8073  0.1845  0.000040
epoch:760 0.7190  0.9383  0.7878  0.5477  0.5532  0.7646  0.6938  0.7590  0.7590  0.5583  0.5965  0.8108  0.1811  0.000040
epoch:761 0.7261  0.9468  0.7946  0.5524  0.5712  0.7710  0.7012  0.7679  0.7679  0.5631  0.6159  0.8157  0.1808  0.000040
epoch:762 0.7170  0.9471  0.7723  0.5190  0.5515  0.7626  0.6919  0.7580  0.7580  0.5298  0.5925  0.8089  0.1814  0.000040
epoch:763 0.7248  0.9367  0.7881  0.5516  0.5684  0.7619  0.7029  0.7699  0.7699  0.5631  0.6155  0.8115  0.1828  0.000040
epoch:764 0.7329  0.9367  0.7984  0.5190  0.5654  0.7799  0.7060  0.7723  0.7723  0.5298  0.6092  0.8241  0.1830  0.000040
epoch:765 0.7340  0.9471  0.7770  0.5316  0.5574  0.7778  0.7079  0.7751  0.7751  0.5381  0.5996  0.8252  0.1821  0.000040
epoch:766 0.7329  0.9468  0.7924  0.5316  0.5609  0.7777  0.7066  0.7724  0.7724  0.5381  0.6032  0.8226  0.1829  0.000040
epoch:767 0.7234  0.9468  0.7903  0.5221  0.5514  0.7704  0.6969  0.7635  0.7635  0.5298  0.5882  0.8178  0.1833  0.000040
epoch:768 0.7238  0.9269  0.7903  0.5477  0.5656  0.7699  0.6973  0.7643  0.7643  0.5583  0.6155  0.8124  0.1823  0.000040
epoch:769 0.7216  0.9373  0.7888  0.5221  0.5576  0.7661  0.6960  0.7630  0.7630  0.5298  0.6008  0.8134  0.1819  0.000040
epoch:770 0.7273  0.9472  0.7897  0.5316  0.5647  0.7708  0.7018  0.7682  0.7682  0.5381  0.6076  0.8165  0.1820  0.000040
epoch:771 0.7220  0.9472  0.7856  0.5175  0.5569  0.7646  0.6934  0.7604  0.7604  0.5250  0.5968  0.8092  0.1818  0.000040
epoch:772 0.7208  0.9373  0.7962  0.5221  0.5629  0.7652  0.6978  0.7639  0.7639  0.5298  0.6052  0.8137  0.1815  0.000040
epoch:773 0.7236  0.9383  0.7821  0.5524  0.5611  0.7691  0.7002  0.7663  0.7663  0.5631  0.6088  0.8173  0.1814  0.000040
epoch:774 0.7136  0.9468  0.7857  0.5516  0.5717  0.7565  0.6897  0.7566  0.7566  0.5631  0.6187  0.8049  0.1813  0.000040
epoch:775 0.7236  0.9462  0.7844  0.5094  0.5698  0.7610  0.7022  0.7680  0.7680  0.5202  0.6179  0.8086  0.1810  0.000040
epoch:776 0.7254  0.9379  0.7898  0.5316  0.5601  0.7718  0.7001  0.7659  0.7659  0.5381  0.6008  0.8170  0.1826  0.000040
epoch:777 0.7166  0.9472  0.7770  0.5427  0.5619  0.7602  0.6960  0.7623  0.7623  0.5536  0.6052  0.8116  0.1812  0.000040
epoch:778 0.7207  0.9368  0.7781  0.5144  0.5712  0.7623  0.6999  0.7656  0.7656  0.5250  0.6174  0.8139  0.1820  0.000040
epoch:779 0.7277  0.9360  0.7923  0.5516  0.5760  0.7744  0.7032  0.7705  0.7705  0.5631  0.6218  0.8221  0.1825  0.000040
epoch:780 0.7263  0.9473  0.7887  0.5316  0.5613  0.7712  0.7006  0.7669  0.7669  0.5381  0.6013  0.8166  0.1821  0.000040
epoch:781 0.7185  0.9468  0.7648  0.5144  0.5530  0.7654  0.6948  0.7611  0.7611  0.5250  0.5964  0.8097  0.1816  0.000040
epoch:782 0.7276  0.9477  0.7963  0.5269  0.5627  0.7724  0.7035  0.7695  0.7695  0.5333  0.6056  0.8189  0.1834  0.000040
epoch:783 0.7237  0.9463  0.7835  0.5144  0.5589  0.7701  0.6995  0.7653  0.7653  0.5250  0.6032  0.8152  0.1816  0.000040
epoch:784 0.7290  0.9473  0.7963  0.5190  0.5656  0.7716  0.7043  0.7712  0.7712  0.5298  0.6159  0.8215  0.1817  0.000040
epoch:785 0.7285  0.9464  0.7957  0.5524  0.5690  0.7738  0.7019  0.7683  0.7683  0.5631  0.6116  0.8173  0.1805  0.000040
epoch:786 0.7204  0.9466  0.7641  0.5316  0.5521  0.7645  0.6969  0.7645  0.7645  0.5381  0.5929  0.8158  0.1817  0.000040
epoch:787 0.7289  0.9469  0.8035  0.5144  0.5712  0.7714  0.6999  0.7669  0.7669  0.5250  0.6159  0.8155  0.1802  0.000040
epoch:788 0.7277  0.9384  0.8020  0.5190  0.5591  0.7733  0.7013  0.7679  0.7679  0.5298  0.6032  0.8202  0.1824  0.000040
epoch:789 0.7162  0.9383  0.7803  0.5477  0.5571  0.7610  0.6949  0.7610  0.7610  0.5583  0.6004  0.8126  0.1805  0.000040
epoch:790 0.7201  0.9466  0.7731  0.5144  0.5591  0.7632  0.6967  0.7625  0.7625  0.5250  0.5992  0.8102  0.1811  0.000040
epoch:791 0.7312  0.9464  0.7949  0.5190  0.5598  0.7786  0.7052  0.7710  0.7710  0.5298  0.6013  0.8223  0.1795  0.000040
epoch:792 0.7208  0.9472  0.7914  0.5524  0.5612  0.7635  0.6976  0.7643  0.7643  0.5631  0.6052  0.8155  0.1789  0.000040
epoch:793 0.7126  0.9464  0.7801  0.5508  0.5554  0.7527  0.6904  0.7570  0.7570  0.5583  0.5949  0.8040  0.1809  0.000040
epoch:794 0.7217  0.9471  0.7912  0.5316  0.5635  0.7657  0.6965  0.7626  0.7626  0.5381  0.6032  0.8121  0.1806  0.000040
epoch:795 0.7179  0.9383  0.7867  0.5524  0.5583  0.7629  0.6957  0.7621  0.7621  0.5631  0.5985  0.8139  0.1801  0.000040
epoch:796 0.7195  0.9460  0.7900  0.5554  0.5612  0.7636  0.6984  0.7651  0.7651  0.5631  0.6032  0.8160  0.1804  0.000040
epoch:797 0.7226  0.9468  0.7833  0.5190  0.5598  0.7665  0.7015  0.7672  0.7672  0.5298  0.6013  0.8189  0.1803  0.000040
epoch:798 0.7230  0.9350  0.7998  0.5466  0.5720  0.7692  0.6978  0.7651  0.7651  0.5583  0.6174  0.8144  0.1815  0.000040
epoch:799 0.7365  0.9449  0.7986  0.5190  0.5630  0.7865  0.7059  0.7776  0.7776  0.5298  0.6032  0.8342  0.1803  0.000040
epoch:800 0.7273  0.9476  0.7787  0.5347  0.5524  0.7725  0.7005  0.7672  0.7672  0.5381  0.5973  0.8157  0.1797  0.000040
