epoch:0 0.0365  0.0892  0.0186  0.0051  0.0934  0.0295  0.0455  0.1189  0.1315  0.0476  0.2152  0.1035  1.8163  0.004000
epoch:1 0.1919  0.4332  0.1506  0.1931  0.1911  0.1902  0.1979  0.2921  0.2978  0.2762  0.3225  0.2537  1.2018  0.004000
epoch:2 0.4054  0.7979  0.4101  0.2566  0.3445  0.3766  0.3944  0.4818  0.4871  0.3381  0.4522  0.4240  0.8987  0.004000
epoch:3 0.5052  0.8326  0.5975  0.2827  0.3840  0.4904  0.4763  0.5798  0.5810  0.3833  0.4677  0.5400  0.7231  0.004000
epoch:4 0.5360  0.8477  0.5770  0.2661  0.3956  0.5115  0.5224  0.5897  0.5900  0.3000  0.4850  0.5416  0.6206  0.004000
epoch:5 0.5642  0.9015  0.6134  0.2938  0.4814  0.5310  0.5409  0.6147  0.6150  0.4381  0.5281  0.5635  0.5529  0.004000
epoch:6 0.6050  0.9073  0.6710  0.3555  0.4533  0.5697  0.5810  0.6486  0.6498  0.4786  0.5154  0.5938  0.5040  0.004000
epoch:7 0.6315  0.9057  0.6615  0.3853  0.4317  0.6070  0.6077  0.6706  0.6706  0.4405  0.4909  0.6292  0.4629  0.004000
epoch:8 0.6069  0.9089  0.6635  0.3274  0.4757  0.5762  0.5912  0.6531  0.6537  0.3500  0.5262  0.6082  0.4239  0.004000
epoch:9 0.6206  0.9073  0.6774  0.3351  0.4832  0.5871  0.5945  0.6555  0.6555  0.3405  0.5396  0.6086  0.4033  0.004000
epoch:10 0.6365  0.9308  0.6651  0.3429  0.4931  0.6373  0.6111  0.6791  0.6791  0.4690  0.5451  0.6652  0.3762  0.004000
epoch:11 0.6479  0.9288  0.6689  0.3354  0.4802  0.6501  0.6206  0.6840  0.6840  0.4036  0.5356  0.6770  0.3519  0.004000
epoch:12 0.6470  0.9294  0.6725  0.3362  0.4777  0.6546  0.6182  0.6816  0.6816  0.3536  0.5447  0.6735  0.3345  0.004000
epoch:13 0.6347  0.9300  0.6427  0.3673  0.4632  0.6472  0.6092  0.6739  0.6739  0.4286  0.5242  0.6703  0.3212  0.004000
epoch:14 0.6586  0.9292  0.6646  0.3325  0.4444  0.6848  0.6366  0.7006  0.7006  0.3488  0.5127  0.7096  0.3113  0.004000
epoch:15 0.6638  0.9286  0.6786  0.3277  0.4758  0.6948  0.6419  0.7044  0.7044  0.3369  0.5349  0.7220  0.2984  0.004000
epoch:16 0.6526  0.9359  0.6851  0.4167  0.4584  0.6708  0.6254  0.6882  0.6882  0.4964  0.5214  0.6922  0.2718  0.000400
epoch:17 0.6682  0.9358  0.6905  0.4075  0.4634  0.6867  0.6442  0.7058  0.7058  0.4821  0.5214  0.7110  0.2615  0.000400
epoch:18 0.6687  0.9334  0.7187  0.3640  0.4546  0.6990  0.6427  0.7083  0.7083  0.4821  0.5298  0.7229  0.2534  0.000400
epoch:19 0.6691  0.9338  0.7010  0.3747  0.4616  0.7001  0.6475  0.7094  0.7094  0.4738  0.5326  0.7232  0.2549  0.000400
epoch:20 0.6739  0.9348  0.6806  0.3844  0.4529  0.7045  0.6506  0.7134  0.7134  0.4869  0.5273  0.7218  0.2490  0.000400
epoch:21 0.6680  0.9355  0.6766  0.3729  0.4563  0.7011  0.6465  0.7093  0.7093  0.4786  0.5186  0.7218  0.2463  0.000400
epoch:22 0.6721  0.9352  0.6935  0.3737  0.4443  0.7056  0.6419  0.7082  0.7082  0.4869  0.5210  0.7221  0.2441  0.000040
epoch:23 0.6803  0.9355  0.6926  0.3705  0.4472  0.7122  0.6568  0.7187  0.7187  0.4869  0.5214  0.7320  0.2429  0.000040
epoch:24 0.6681  0.9279  0.7192  0.3399  0.4538  0.7014  0.6388  0.7021  0.7021  0.3452  0.5277  0.7184  0.2430  0.000040
epoch:25 0.6714  0.9348  0.7086  0.3865  0.4655  0.7036  0.6478  0.7094  0.7094  0.4869  0.5349  0.7243  0.2430  0.000040
epoch:26 0.6704  0.9365  0.6905  0.3891  0.4409  0.7047  0.6514  0.7124  0.7124  0.4905  0.5258  0.7255  0.2427  0.000040
epoch:27 0.6750  0.9356  0.7076  0.3707  0.4552  0.7131  0.6535  0.7163  0.7163  0.4821  0.5356  0.7342  0.2437  0.000040
epoch:28 0.6569  0.9374  0.7057  0.3839  0.4507  0.6814  0.6314  0.6939  0.6939  0.4952  0.5238  0.7015  0.2413  0.000040
epoch:29 0.6790  0.9374  0.6787  0.3844  0.4441  0.7061  0.6554  0.7176  0.7176  0.4917  0.5195  0.7254  0.2416  0.000040
epoch:30 0.6701  0.9363  0.7008  0.3707  0.4457  0.7020  0.6489  0.7105  0.7105  0.4821  0.5238  0.7242  0.2425  0.000040
epoch:31 0.6598  0.9357  0.6686  0.3614  0.4425  0.6983  0.6362  0.6978  0.6978  0.4738  0.5214  0.7159  0.2421  0.000040
epoch:32 0.6630  0.9369  0.6969  0.3960  0.4590  0.6944  0.6359  0.6984  0.6984  0.4952  0.5238  0.7146  0.2425  0.000040
epoch:33 0.6561  0.9362  0.6933  0.3756  0.4376  0.6878  0.6322  0.6944  0.6944  0.4869  0.5171  0.7054  0.2396  0.000040
epoch:34 0.6581  0.9362  0.7015  0.3947  0.4580  0.6832  0.6302  0.6927  0.6927  0.4952  0.5258  0.6994  0.2402  0.000040
epoch:35 0.6668  0.9343  0.6931  0.3800  0.4492  0.6958  0.6396  0.7058  0.7058  0.4964  0.5254  0.7150  0.2405  0.000040
epoch:36 0.6717  0.9371  0.6671  0.3674  0.4448  0.7019  0.6470  0.7098  0.7098  0.4833  0.5210  0.7244  0.2393  0.000040
epoch:37 0.6733  0.9375  0.6950  0.3818  0.4428  0.7099  0.6490  0.7103  0.7103  0.4821  0.5282  0.7277  0.2400  0.000040
epoch:38 0.6650  0.9362  0.6897  0.3880  0.4488  0.6969  0.6406  0.7019  0.7019  0.4905  0.5195  0.7137  0.2418  0.000040
epoch:39 0.6529  0.9365  0.6849  0.3753  0.4481  0.6824  0.6317  0.6939  0.6939  0.4821  0.5254  0.7022  0.2395  0.000040
epoch:40 0.6773  0.9351  0.6981  0.3793  0.4598  0.7129  0.6485  0.7144  0.7144  0.4905  0.5289  0.7337  0.2415  0.000040
epoch:41 0.6715  0.9369  0.6797  0.3788  0.4516  0.6996  0.6459  0.7081  0.7081  0.4869  0.5258  0.7155  0.2388  0.000040
epoch:42 0.6721  0.9361  0.6895  0.3907  0.4409  0.7010  0.6488  0.7110  0.7110  0.4917  0.5195  0.7197  0.2377  0.000040
epoch:43 0.6719  0.9350  0.6955  0.3809  0.4543  0.7013  0.6454  0.7110  0.7110  0.4821  0.5234  0.7197  0.2392  0.000040
epoch:44 0.6706  0.9360  0.6962  0.3737  0.4569  0.6995  0.6435  0.7060  0.7060  0.4869  0.5270  0.7208  0.2391  0.000040
epoch:45 0.6713  0.9355  0.6911  0.3615  0.4609  0.6940  0.6421  0.7074  0.7074  0.4786  0.5302  0.7160  0.2389  0.000040
epoch:46 0.6572  0.9356  0.6940  0.3711  0.4441  0.6914  0.6313  0.6932  0.6932  0.4869  0.5274  0.7076  0.2387  0.000040
epoch:47 0.6734  0.9359  0.6895  0.3844  0.4424  0.7054  0.6484  0.7100  0.7100  0.4869  0.5207  0.7263  0.2386  0.000040
epoch:48 0.6496  0.9365  0.6766  0.3707  0.4408  0.6850  0.6253  0.6869  0.6869  0.4821  0.5167  0.7012  0.2363  0.000040
epoch:49 0.6754  0.9362  0.6820  0.3787  0.4457  0.7098  0.6508  0.7127  0.7127  0.4869  0.5214  0.7260  0.2387  0.000040
epoch:50 0.6742  0.9270  0.7082  0.3403  0.4630  0.7137  0.6459  0.7084  0.7084  0.3536  0.5361  0.7313  0.2362  0.000040
epoch:51 0.6691  0.9357  0.6852  0.3739  0.4421  0.6977  0.6399  0.7058  0.7058  0.4786  0.5262  0.7147  0.2388  0.000040
epoch:52 0.6696  0.9374  0.6710  0.3762  0.4493  0.6987  0.6454  0.7067  0.7067  0.4821  0.5195  0.7171  0.2379  0.000040
epoch:53 0.6711  0.9372  0.6866  0.3768  0.4442  0.7000  0.6460  0.7085  0.7085  0.4905  0.5249  0.7187  0.2370  0.000040
epoch:54 0.6803  0.9363  0.7059  0.3869  0.4529  0.7049  0.6524  0.7146  0.7146  0.4869  0.5298  0.7236  0.2380  0.000040
epoch:55 0.6582  0.9366  0.7136  0.3949  0.4451  0.7026  0.6320  0.6954  0.6954  0.4964  0.5293  0.7189  0.2366  0.000040
epoch:56 0.6606  0.9362  0.6999  0.4170  0.4468  0.6886  0.6342  0.6964  0.6964  0.4952  0.5234  0.7075  0.2382  0.000040
epoch:57 0.6499  0.9359  0.6898  0.3742  0.4403  0.6764  0.6265  0.6884  0.6884  0.4869  0.5214  0.6962  0.2373  0.000040
epoch:58 0.6655  0.9347  0.6940  0.3766  0.4534  0.6898  0.6331  0.6987  0.6987  0.4738  0.5210  0.7065  0.2388  0.000040
epoch:59 0.6792  0.9355  0.7122  0.3853  0.4561  0.7127  0.6494  0.7156  0.7156  0.4869  0.5302  0.7334  0.2355  0.000040
epoch:60 0.6785  0.9364  0.6947  0.3774  0.4434  0.7136  0.6562  0.7181  0.7181  0.4869  0.5214  0.7363  0.2346  0.000040
epoch:61 0.6565  0.9369  0.6920  0.3907  0.4468  0.6748  0.6315  0.6937  0.6937  0.4869  0.5195  0.6985  0.2365  0.000040
epoch:62 0.6615  0.9374  0.6828  0.3797  0.4503  0.6913  0.6351  0.6973  0.6973  0.4952  0.5234  0.7094  0.2354  0.000040
epoch:63 0.6518  0.9376  0.6659  0.3624  0.4433  0.6808  0.6260  0.6879  0.6879  0.4821  0.5210  0.7002  0.2359  0.000040
epoch:64 0.6544  0.9365  0.6743  0.3753  0.4418  0.6899  0.6290  0.6906  0.6906  0.4821  0.5190  0.7089  0.2359  0.000040
epoch:65 0.6741  0.9347  0.7216  0.3744  0.4706  0.6993  0.6419  0.7081  0.7081  0.4869  0.5384  0.7187  0.2346  0.000040
epoch:66 0.6542  0.9382  0.7040  0.3599  0.4496  0.6808  0.6284  0.6909  0.6909  0.4821  0.5297  0.7018  0.2340  0.000040
epoch:67 0.6796  0.9378  0.6726  0.3664  0.4506  0.7169  0.6559  0.7181  0.7181  0.4774  0.5249  0.7381  0.2369  0.000040
epoch:68 0.6617  0.9369  0.6968  0.3872  0.4396  0.6971  0.6359  0.6981  0.6981  0.5000  0.5195  0.7157  0.2323  0.000040
epoch:69 0.6544  0.9354  0.6873  0.3759  0.4422  0.6942  0.6329  0.6942  0.6942  0.4857  0.5214  0.7126  0.2331  0.000040
epoch:70 0.6700  0.9364  0.6826  0.3740  0.4474  0.7043  0.6450  0.7075  0.7075  0.4833  0.5298  0.7245  0.2327  0.000040
epoch:71 0.6598  0.9370  0.6873  0.3835  0.4417  0.6984  0.6338  0.6957  0.6957  0.4952  0.5167  0.7162  0.2354  0.000040
epoch:72 0.6678  0.9354  0.6859  0.3933  0.4468  0.7013  0.6361  0.7029  0.7029  0.4964  0.5186  0.7203  0.2338  0.000040
epoch:73 0.6642  0.9369  0.6847  0.3740  0.4519  0.6952  0.6397  0.7019  0.7019  0.4869  0.5258  0.7151  0.2364  0.000040
epoch:74 0.6819  0.9351  0.7096  0.3617  0.4453  0.7166  0.6516  0.7169  0.7169  0.4821  0.5278  0.7347  0.2324  0.000040
epoch:75 0.6745  0.9350  0.7010  0.3673  0.4560  0.7093  0.6438  0.7100  0.7100  0.4869  0.5293  0.7276  0.2340  0.000040
epoch:76 0.6732  0.9379  0.7025  0.3663  0.4500  0.7009  0.6466  0.7091  0.7091  0.4905  0.5254  0.7211  0.2322  0.000040
epoch:77 0.6585  0.9373  0.6849  0.3802  0.4507  0.6944  0.6389  0.7006  0.7006  0.4905  0.5214  0.7180  0.2338  0.000040
epoch:78 0.6599  0.9359  0.6713  0.3664  0.4454  0.6907  0.6357  0.6979  0.6979  0.4821  0.5230  0.7072  0.2335  0.000040
epoch:79 0.6700  0.9341  0.7082  0.3677  0.4610  0.6949  0.6383  0.7042  0.7042  0.4821  0.5317  0.7112  0.2320  0.000040
epoch:80 0.6777  0.9366  0.7035  0.3829  0.4575  0.7111  0.6489  0.7117  0.7117  0.4917  0.5293  0.7303  0.2325  0.000040
epoch:81 0.6812  0.9358  0.7073  0.3659  0.4422  0.7166  0.6505  0.7162  0.7162  0.4869  0.5214  0.7339  0.2339  0.000040
epoch:82 0.6563  0.9375  0.6917  0.3774  0.4506  0.6870  0.6301  0.6914  0.6914  0.4821  0.5171  0.7070  0.2309  0.000040
epoch:83 0.6552  0.9369  0.6780  0.3697  0.4426  0.6850  0.6314  0.6933  0.6933  0.4869  0.5143  0.7094  0.2334  0.000040
epoch:84 0.6545  0.9359  0.6926  0.3835  0.4404  0.6838  0.6306  0.6922  0.6922  0.4952  0.5135  0.7007  0.2311  0.000040
epoch:85 0.6826  0.9371  0.7013  0.3658  0.4510  0.7143  0.6580  0.7196  0.7196  0.4857  0.5258  0.7368  0.2347  0.000040
epoch:86 0.6732  0.9348  0.6908  0.3629  0.4532  0.7136  0.6492  0.7148  0.7148  0.4774  0.5234  0.7350  0.2324  0.000040
epoch:87 0.6834  0.9356  0.7083  0.3526  0.4516  0.7257  0.6521  0.7171  0.7171  0.4536  0.5293  0.7413  0.2352  0.000040
epoch:88 0.6613  0.9386  0.7040  0.3543  0.4620  0.6978  0.6343  0.6971  0.6971  0.4440  0.5317  0.7168  0.2337  0.000040
epoch:89 0.6735  0.9353  0.7211  0.3856  0.4590  0.6982  0.6415  0.7078  0.7078  0.4952  0.5341  0.7139  0.2290  0.000040
epoch:90 0.6591  0.9386  0.6818  0.3829  0.4564  0.6861  0.6356  0.6984  0.6984  0.4690  0.5376  0.7095  0.2305  0.000040
epoch:91 0.6812  0.9358  0.7089  0.3687  0.4557  0.7138  0.6562  0.7175  0.7175  0.4774  0.5345  0.7323  0.2298  0.000040
epoch:92 0.6644  0.9374  0.6892  0.3956  0.4453  0.6958  0.6364  0.7007  0.7007  0.5036  0.5230  0.7172  0.2328  0.000040
epoch:93 0.6731  0.9367  0.7056  0.3802  0.4627  0.7050  0.6455  0.7083  0.7083  0.4869  0.5337  0.7255  0.2309  0.000040
epoch:94 0.6595  0.9357  0.6960  0.3696  0.4504  0.7025  0.6346  0.6974  0.6974  0.4917  0.5317  0.7208  0.2321  0.000040
epoch:95 0.6756  0.9358  0.6986  0.3720  0.4546  0.7119  0.6527  0.7149  0.7149  0.4821  0.5234  0.7340  0.2310  0.000040
epoch:96 0.6576  0.9373  0.7019  0.3683  0.4335  0.6955  0.6327  0.6943  0.6943  0.4738  0.5190  0.7146  0.2321  0.000040
epoch:97 0.6754  0.9350  0.7050  0.3883  0.4496  0.7108  0.6451  0.7122  0.7122  0.4917  0.5333  0.7300  0.2287  0.000040
epoch:98 0.6671  0.9380  0.6973  0.3566  0.4473  0.7026  0.6427  0.7055  0.7055  0.4869  0.5249  0.7243  0.2302  0.000040
epoch:99 0.6775  0.9362  0.6893  0.3756  0.4538  0.7154  0.6538  0.7163  0.7163  0.4869  0.5186  0.7371  0.2319  0.000040
epoch:100 0.6840  0.9388  0.6948  0.3740  0.4593  0.7140  0.6584  0.7215  0.7215  0.4952  0.5356  0.7378  0.2315  0.000040
epoch:101 0.6642  0.9387  0.7050  0.3752  0.4502  0.6979  0.6389  0.7026  0.7026  0.4917  0.5333  0.7201  0.2268  0.000040
epoch:102 0.6774  0.9367  0.7107  0.3581  0.4582  0.7150  0.6530  0.7146  0.7146  0.4488  0.5321  0.7334  0.2316  0.000040
epoch:103 0.6563  0.9376  0.6915  0.3670  0.4530  0.6895  0.6286  0.6923  0.6923  0.4917  0.5328  0.7091  0.2318  0.000040
epoch:104 0.6604  0.9350  0.7088  0.3607  0.4585  0.6928  0.6316  0.6975  0.6975  0.4869  0.5293  0.7120  0.2330  0.000040
epoch:105 0.6865  0.9366  0.7102  0.3603  0.4556  0.7183  0.6603  0.7222  0.7222  0.4774  0.5341  0.7394  0.2299  0.000040
epoch:106 0.6568  0.9374  0.7096  0.3661  0.4573  0.6906  0.6315  0.6946  0.6946  0.4869  0.5404  0.7097  0.2273  0.000040
epoch:107 0.6595  0.9371  0.6988  0.3900  0.4494  0.6872  0.6326  0.6951  0.6951  0.4869  0.5274  0.7088  0.2310  0.000040
epoch:108 0.6760  0.9373  0.6839  0.3593  0.4498  0.7122  0.6515  0.7140  0.7140  0.4869  0.5167  0.7333  0.2266  0.000040
epoch:109 0.6623  0.9373  0.6891  0.3648  0.4514  0.6911  0.6336  0.6949  0.6949  0.4524  0.5143  0.7111  0.2291  0.000040
epoch:110 0.6541  0.9377  0.6732  0.3710  0.4424  0.6854  0.6285  0.6904  0.6904  0.4774  0.5123  0.7070  0.2280  0.000040
epoch:111 0.6528  0.9369  0.6832  0.3580  0.4379  0.6926  0.6287  0.6906  0.6906  0.4738  0.5123  0.7131  0.2286  0.000040
epoch:112 0.6495  0.9359  0.6816  0.3742  0.4262  0.6855  0.6304  0.6926  0.6926  0.4774  0.5083  0.7107  0.2291  0.000040
epoch:113 0.6881  0.9365  0.7118  0.3858  0.4487  0.7243  0.6618  0.7243  0.7243  0.5000  0.5293  0.7426  0.2284  0.000040
epoch:114 0.6797  0.9370  0.7171  0.3716  0.4494  0.7150  0.6519  0.7144  0.7144  0.4536  0.5317  0.7329  0.2289  0.000040
epoch:115 0.6762  0.9382  0.7024  0.3771  0.4547  0.7038  0.6470  0.7107  0.7107  0.4631  0.5380  0.7210  0.2299  0.000040
epoch:116 0.6658  0.9371  0.6793  0.3891  0.4309  0.7001  0.6390  0.7021  0.7021  0.5000  0.5123  0.7203  0.2241  0.000040
epoch:117 0.6580  0.9356  0.6942  0.3674  0.4583  0.6937  0.6301  0.6963  0.6963  0.4869  0.5293  0.7136  0.2274  0.000040
epoch:118 0.6533  0.9369  0.6842  0.3809  0.4436  0.6911  0.6285  0.6907  0.6907  0.4869  0.5186  0.7110  0.2295  0.000040
epoch:119 0.6604  0.9348  0.6976  0.3760  0.4506  0.7023  0.6349  0.6977  0.6977  0.5000  0.5246  0.7218  0.2266  0.000040
epoch:120 0.6811  0.9377  0.7131  0.3674  0.4610  0.7099  0.6547  0.7181  0.7181  0.4619  0.5455  0.7328  0.2250  0.000040
epoch:121 0.6561  0.9350  0.6754  0.3717  0.4537  0.6984  0.6286  0.6939  0.6939  0.4905  0.5143  0.7184  0.2253  0.000040
epoch:122 0.6570  0.9364  0.6957  0.3674  0.4550  0.6953  0.6266  0.6925  0.6925  0.4821  0.5230  0.7126  0.2270  0.000040
epoch:123 0.6582  0.9362  0.6878  0.3734  0.4440  0.6957  0.6358  0.6983  0.6983  0.4869  0.5270  0.7162  0.2270  0.000040
epoch:124 0.6542  0.9351  0.6928  0.3493  0.4615  0.6970  0.6231  0.6887  0.6887  0.4690  0.5289  0.7131  0.2293  0.000040
epoch:125 0.6730  0.9371  0.7032  0.3733  0.4621  0.6985  0.6470  0.7092  0.7092  0.4821  0.5341  0.7208  0.2265  0.000040
epoch:126 0.6710  0.9362  0.6973  0.3683  0.4550  0.6993  0.6444  0.7069  0.7069  0.4869  0.5234  0.7208  0.2263  0.000040
epoch:127 0.6560  0.9375  0.7057  0.3622  0.4474  0.6908  0.6319  0.6938  0.6938  0.4488  0.5214  0.7125  0.2266  0.000040
epoch:128 0.6742  0.9359  0.6891  0.3699  0.4539  0.7127  0.6491  0.7156  0.7156  0.4917  0.5317  0.7337  0.2265  0.000040
epoch:129 0.6600  0.9367  0.7137  0.3727  0.4522  0.6856  0.6334  0.6959  0.6959  0.4917  0.5250  0.7053  0.2261  0.000040
epoch:130 0.6584  0.9369  0.6900  0.3736  0.4552  0.6940  0.6316  0.6935  0.6935  0.4821  0.5171  0.7125  0.2255  0.000040
epoch:131 0.6750  0.9377  0.6918  0.3733  0.4682  0.7108  0.6473  0.7104  0.7104  0.4821  0.5352  0.7287  0.2268  0.000040
epoch:132 0.6599  0.9324  0.6942  0.3771  0.4636  0.7043  0.6313  0.6978  0.6978  0.4631  0.5285  0.7222  0.2244  0.000040
epoch:133 0.6747  0.9355  0.6975  0.3667  0.4567  0.7132  0.6488  0.7147  0.7147  0.4869  0.5293  0.7342  0.2266  0.000040
epoch:134 0.6780  0.9364  0.7103  0.3827  0.4504  0.7196  0.6505  0.7127  0.7127  0.4869  0.5274  0.7363  0.2276  0.000040
epoch:135 0.6860  0.9355  0.7044  0.3562  0.4479  0.7315  0.6602  0.7224  0.7224  0.4440  0.5289  0.7531  0.2254  0.000040
epoch:136 0.6595  0.9371  0.6854  0.3810  0.4546  0.6884  0.6365  0.6984  0.6984  0.4821  0.5270  0.7130  0.2237  0.000040
epoch:137 0.6812  0.9380  0.7041  0.3921  0.4504  0.7139  0.6545  0.7182  0.7182  0.4964  0.5293  0.7352  0.2273  0.000040
epoch:138 0.6764  0.9358  0.7024  0.3716  0.4665  0.7166  0.6510  0.7129  0.7129  0.4869  0.5298  0.7355  0.2265  0.000040
epoch:139 0.6789  0.9367  0.6751  0.3779  0.4436  0.7175  0.6550  0.7172  0.7172  0.4869  0.5162  0.7370  0.2248  0.000040
epoch:140 0.6740  0.9367  0.6958  0.3751  0.4539  0.7098  0.6465  0.7093  0.7093  0.4917  0.5186  0.7300  0.2245  0.000040
epoch:141 0.6666  0.9380  0.7064  0.3595  0.4459  0.7039  0.6404  0.7026  0.7026  0.4690  0.5230  0.7238  0.2267  0.000040
epoch:142 0.6548  0.9305  0.7027  0.3373  0.4513  0.6843  0.6234  0.6857  0.6857  0.3536  0.5186  0.7046  0.2241  0.000040
epoch:143 0.6772  0.9359  0.6930  0.3521  0.4546  0.7182  0.6503  0.7155  0.7155  0.4536  0.5270  0.7416  0.2237  0.000040
epoch:144 0.6686  0.9351  0.6885  0.3625  0.4567  0.7145  0.6438  0.7097  0.7097  0.4536  0.5289  0.7337  0.2234  0.000040
epoch:145 0.6620  0.9291  0.6829  0.3401  0.4517  0.6992  0.6358  0.6983  0.6983  0.3536  0.5270  0.7179  0.2262  0.000040
epoch:146 0.6599  0.9367  0.6844  0.3693  0.4526  0.6955  0.6366  0.7000  0.7000  0.4583  0.5234  0.7196  0.2266  0.000040
epoch:147 0.6587  0.9358  0.6882  0.3642  0.4553  0.6959  0.6360  0.6988  0.6988  0.4869  0.5182  0.7193  0.2228  0.000040
epoch:148 0.6859  0.9383  0.6899  0.3798  0.4366  0.7197  0.6579  0.7201  0.7201  0.4821  0.5107  0.7417  0.2243  0.000040
epoch:149 0.6741  0.9360  0.6811  0.3727  0.4535  0.7100  0.6503  0.7128  0.7128  0.4786  0.5270  0.7321  0.2242  0.000040
epoch:150 0.6825  0.9365  0.6985  0.3592  0.4471  0.7217  0.6574  0.7199  0.7199  0.4536  0.5270  0.7402  0.2245  0.000040
epoch:151 0.6533  0.9371  0.6839  0.3638  0.4486  0.6767  0.6307  0.6926  0.6926  0.4774  0.5210  0.7027  0.2230  0.000040
epoch:152 0.6759  0.9359  0.7036  0.3641  0.4476  0.7326  0.6504  0.7157  0.7157  0.4536  0.5293  0.7498  0.2224  0.000040
epoch:153 0.6575  0.9360  0.6832  0.3808  0.4518  0.6958  0.6285  0.6947  0.6947  0.4869  0.5246  0.7141  0.2239  0.000040
epoch:154 0.6764  0.9362  0.7154  0.3927  0.4429  0.7062  0.6536  0.7161  0.7161  0.4917  0.5214  0.7302  0.2253  0.000040
epoch:155 0.6768  0.9358  0.6943  0.3780  0.4494  0.7139  0.6511  0.7177  0.7177  0.4964  0.5270  0.7360  0.2228  0.000040
epoch:156 0.6754  0.9342  0.6900  0.3692  0.4556  0.7248  0.6502  0.7161  0.7161  0.4869  0.5246  0.7463  0.2236  0.000040
epoch:157 0.6738  0.9369  0.6915  0.3689  0.4528  0.7105  0.6505  0.7127  0.7127  0.4869  0.5210  0.7324  0.2232  0.000040
epoch:158 0.6676  0.9358  0.6960  0.3754  0.4466  0.7135  0.6423  0.7079  0.7079  0.4667  0.5270  0.7330  0.2241  0.000040
epoch:159 0.6751  0.9369  0.6986  0.3927  0.4430  0.7087  0.6484  0.7109  0.7109  0.4917  0.5186  0.7332  0.2236  0.000040
epoch:160 0.6612  0.9375  0.6824  0.3751  0.4498  0.6902  0.6336  0.6961  0.6961  0.4536  0.5190  0.7106  0.2229  0.000040
epoch:161 0.6750  0.9356  0.6912  0.3678  0.4550  0.7138  0.6462  0.7124  0.7124  0.4869  0.5270  0.7316  0.2226  0.000040
epoch:162 0.6603  0.9376  0.6947  0.3796  0.4602  0.6800  0.6361  0.6980  0.6980  0.4738  0.5238  0.7074  0.2262  0.000040
epoch:163 0.6599  0.9360  0.6960  0.3816  0.4417  0.6972  0.6391  0.7010  0.7010  0.4917  0.5211  0.7209  0.2226  0.000040
epoch:164 0.6582  0.9365  0.6933  0.3687  0.4327  0.6939  0.6346  0.6963  0.6963  0.4571  0.5143  0.7170  0.2212  0.000040
epoch:165 0.6766  0.9370  0.6916  0.3816  0.4601  0.7145  0.6528  0.7159  0.7159  0.4917  0.5313  0.7353  0.2231  0.000040
epoch:166 0.6822  0.9364  0.7335  0.3850  0.4642  0.7121  0.6462  0.7127  0.7127  0.5048  0.5377  0.7292  0.2227  0.000040
epoch:167 0.6758  0.9358  0.7024  0.3716  0.4549  0.7119  0.6475  0.7137  0.7137  0.4917  0.5377  0.7300  0.2224  0.000040
epoch:168 0.6715  0.9361  0.6919  0.3770  0.4549  0.6985  0.6474  0.7093  0.7093  0.4821  0.5270  0.7226  0.2242  0.000040
epoch:169 0.6784  0.9379  0.6808  0.3697  0.4486  0.7157  0.6520  0.7151  0.7151  0.4536  0.5225  0.7347  0.2236  0.000040
epoch:170 0.6749  0.9385  0.6924  0.4242  0.4632  0.7038  0.6492  0.7129  0.7129  0.5000  0.5396  0.7257  0.2231  0.000040
epoch:171 0.6859  0.9360  0.7048  0.3713  0.4678  0.7211  0.6556  0.7224  0.7224  0.4917  0.5313  0.7396  0.2226  0.000040
epoch:172 0.6747  0.9366  0.6927  0.3748  0.4417  0.7147  0.6533  0.7149  0.7149  0.4690  0.5186  0.7368  0.2228  0.000040
epoch:173 0.6810  0.9361  0.6955  0.3689  0.4566  0.7201  0.6543  0.7162  0.7162  0.4821  0.5190  0.7424  0.2210  0.000040
epoch:174 0.6584  0.9388  0.7066  0.3770  0.4347  0.6946  0.6362  0.6984  0.6984  0.4905  0.5146  0.7169  0.2203  0.000040
epoch:175 0.6744  0.9366  0.7029  0.3865  0.4322  0.7078  0.6534  0.7165  0.7165  0.4631  0.5214  0.7339  0.2219  0.000040
epoch:176 0.6724  0.9358  0.7102  0.3773  0.4611  0.7099  0.6441  0.7106  0.7106  0.4821  0.5356  0.7284  0.2211  0.000040
epoch:177 0.6823  0.9363  0.7037  0.3760  0.4567  0.7273  0.6563  0.7216  0.7216  0.4917  0.5302  0.7482  0.2238  0.000040
epoch:178 0.6697  0.9352  0.6964  0.3661  0.4556  0.7100  0.6444  0.7091  0.7091  0.4536  0.5278  0.7300  0.2210  0.000040
epoch:179 0.6725  0.9343  0.6989  0.3619  0.4584  0.7266  0.6476  0.7125  0.7125  0.4583  0.5250  0.7472  0.2220  0.000040
epoch:180 0.6712  0.9297  0.6875  0.3341  0.4632  0.7098  0.6488  0.7101  0.7101  0.3488  0.5278  0.7318  0.2185  0.000040
epoch:181 0.6672  0.9310  0.6684  0.3425  0.4590  0.7049  0.6390  0.7024  0.7024  0.3536  0.5245  0.7229  0.2217  0.000040
epoch:182 0.6788  0.9340  0.6968  0.3603  0.4566  0.7285  0.6528  0.7175  0.7175  0.4536  0.5293  0.7453  0.2198  0.000040
epoch:183 0.6783  0.9353  0.7134  0.3629  0.4570  0.7248  0.6516  0.7169  0.7169  0.4821  0.5298  0.7445  0.2206  0.000040
epoch:184 0.6553  0.9383  0.6996  0.3770  0.4595  0.6827  0.6330  0.6957  0.6957  0.4905  0.5356  0.7067  0.2207  0.000040
epoch:185 0.6616  0.9367  0.7039  0.3724  0.4548  0.6976  0.6386  0.7011  0.7011  0.4869  0.5317  0.7180  0.2227  0.000040
epoch:186 0.6644  0.9362  0.6881  0.3630  0.4550  0.7067  0.6407  0.7029  0.7029  0.4869  0.5298  0.7249  0.2199  0.000040
epoch:187 0.6784  0.9365  0.6913  0.3699  0.4529  0.7139  0.6506  0.7142  0.7142  0.4583  0.5270  0.7334  0.2187  0.000040
epoch:188 0.6866  0.9363  0.7121  0.3698  0.4614  0.7367  0.6644  0.7263  0.7263  0.4488  0.5381  0.7587  0.2196  0.000040
epoch:189 0.6702  0.9369  0.6957  0.3805  0.4439  0.7088  0.6480  0.7093  0.7093  0.4440  0.5215  0.7292  0.2203  0.000040
epoch:190 0.6760  0.9366  0.6849  0.3894  0.4428  0.7118  0.6533  0.7158  0.7158  0.4917  0.5190  0.7344  0.2199  0.000040
epoch:191 0.6736  0.9376  0.6868  0.3941  0.4341  0.7053  0.6515  0.7137  0.7137  0.4488  0.5167  0.7312  0.2220  0.000040
epoch:192 0.6825  0.9366  0.7019  0.3783  0.4340  0.7223  0.6608  0.7233  0.7233  0.4917  0.5214  0.7431  0.2189  0.000040
epoch:193 0.6874  0.9363  0.6933  0.3816  0.4555  0.7226  0.6607  0.7234  0.7234  0.4917  0.5317  0.7418  0.2190  0.000040
epoch:194 0.6804  0.9358  0.7088  0.3799  0.4627  0.7137  0.6494  0.7159  0.7159  0.4964  0.5341  0.7318  0.2189  0.000040
epoch:195 0.6827  0.9363  0.6888  0.3733  0.4473  0.7198  0.6582  0.7207  0.7207  0.4583  0.5274  0.7399  0.2192  0.000040
epoch:196 0.6854  0.9372  0.6977  0.3697  0.4611  0.7213  0.6609  0.7228  0.7228  0.4869  0.5321  0.7399  0.2202  0.000040
epoch:197 0.6721  0.9355  0.6885  0.3722  0.4651  0.7069  0.6466  0.7088  0.7088  0.4869  0.5321  0.7253  0.2205  0.000040
epoch:198 0.6742  0.9377  0.6748  0.3861  0.4466  0.7122  0.6537  0.7162  0.7162  0.4869  0.5186  0.7368  0.2201  0.000040
epoch:199 0.6737  0.9349  0.7088  0.3651  0.4603  0.7099  0.6477  0.7130  0.7130  0.4583  0.5317  0.7305  0.2193  0.000040
epoch:200 0.6839  0.9373  0.7027  0.3842  0.4500  0.7177  0.6582  0.7213  0.7213  0.4667  0.5254  0.7380  0.2205  0.000040
epoch:201 0.6742  0.9353  0.6894  0.3651  0.4543  0.7116  0.6492  0.7145  0.7145  0.4583  0.5298  0.7332  0.2190  0.000040
epoch:202 0.6757  0.9357  0.6785  0.3842  0.4491  0.7129  0.6461  0.7120  0.7120  0.4631  0.5210  0.7316  0.2173  0.000040
epoch:203 0.6597  0.9386  0.7037  0.3929  0.4378  0.6958  0.6372  0.7006  0.7006  0.4667  0.5254  0.7183  0.2174  0.000040
epoch:204 0.6736  0.9351  0.6959  0.3615  0.4568  0.7123  0.6449  0.7096  0.7096  0.4488  0.5250  0.7305  0.2186  0.000040
epoch:205 0.6739  0.9361  0.6883  0.3678  0.4553  0.7109  0.6521  0.7140  0.7140  0.4869  0.5278  0.7324  0.2189  0.000040
epoch:206 0.6726  0.9359  0.7010  0.3779  0.4629  0.7050  0.6495  0.7114  0.7114  0.4821  0.5298  0.7273  0.2183  0.000040
epoch:207 0.6763  0.9376  0.7017  0.3869  0.4419  0.7086  0.6531  0.7162  0.7162  0.5000  0.5206  0.7339  0.2186  0.000040
epoch:208 0.6633  0.9350  0.6772  0.3701  0.4600  0.7059  0.6341  0.6997  0.6997  0.4583  0.5289  0.7225  0.2177  0.000040
epoch:209 0.6786  0.9370  0.7016  0.3976  0.4377  0.7140  0.6533  0.7158  0.7158  0.4964  0.5167  0.7350  0.2197  0.000040
epoch:210 0.6730  0.9358  0.6773  0.3927  0.4282  0.7152  0.6531  0.7156  0.7156  0.4917  0.5083  0.7376  0.2193  0.000040
epoch:211 0.6646  0.9372  0.6982  0.3724  0.4552  0.6986  0.6386  0.7011  0.7011  0.4869  0.5313  0.7191  0.2184  0.000040
epoch:212 0.6848  0.9358  0.7113  0.3674  0.4622  0.7218  0.6577  0.7226  0.7226  0.4583  0.5298  0.7417  0.2179  0.000040
epoch:213 0.6544  0.9365  0.6832  0.3617  0.4454  0.6881  0.6296  0.6921  0.6921  0.4536  0.5226  0.7083  0.2185  0.000040
epoch:214 0.6684  0.9365  0.6923  0.3759  0.4492  0.7108  0.6433  0.7055  0.7055  0.4631  0.5195  0.7293  0.2194  0.000040
epoch:215 0.6801  0.9369  0.7226  0.3684  0.4621  0.7240  0.6523  0.7173  0.7173  0.4821  0.5321  0.7398  0.2174  0.000040
epoch:216 0.6576  0.9385  0.6913  0.3943  0.4440  0.6874  0.6338  0.6975  0.6975  0.4952  0.5317  0.7115  0.2170  0.000040
epoch:217 0.6693  0.9382  0.7060  0.3852  0.4609  0.7073  0.6448  0.7079  0.7079  0.4952  0.5404  0.7273  0.2185  0.000040
epoch:218 0.6761  0.9367  0.7030  0.3746  0.4523  0.7128  0.6545  0.7167  0.7167  0.4786  0.5293  0.7368  0.2162  0.000040
epoch:219 0.6723  0.9362  0.6952  0.3653  0.4572  0.7101  0.6437  0.7090  0.7090  0.4536  0.5293  0.7319  0.2183  0.000040
epoch:220 0.6830  0.9302  0.7144  0.3414  0.4585  0.7300  0.6589  0.7208  0.7208  0.3536  0.5278  0.7523  0.2161  0.000040
epoch:221 0.6760  0.9378  0.6955  0.3727  0.4575  0.7203  0.6524  0.7158  0.7158  0.4583  0.5356  0.7421  0.2165  0.000040
epoch:222 0.6768  0.9386  0.7123  0.3701  0.4667  0.7102  0.6517  0.7142  0.7142  0.4774  0.5313  0.7332  0.2166  0.000040
epoch:223 0.6658  0.9379  0.7137  0.3695  0.4615  0.6980  0.6406  0.7034  0.7034  0.4571  0.5440  0.7236  0.2189  0.000040
epoch:224 0.6666  0.9377  0.7140  0.3861  0.4380  0.7097  0.6443  0.7071  0.7071  0.4869  0.5254  0.7306  0.2185  0.000040
epoch:225 0.6790  0.9358  0.6903  0.3807  0.4597  0.7137  0.6517  0.7167  0.7167  0.4583  0.5278  0.7341  0.2170  0.000040
epoch:226 0.6864  0.9364  0.7102  0.3651  0.4625  0.7287  0.6609  0.7234  0.7234  0.4536  0.5317  0.7515  0.2170  0.000040
epoch:227 0.6764  0.9341  0.7083  0.3601  0.4609  0.7219  0.6513  0.7157  0.7157  0.4488  0.5302  0.7429  0.2165  0.000040
epoch:228 0.6810  0.9377  0.7137  0.3867  0.4436  0.7144  0.6573  0.7192  0.7192  0.4869  0.5214  0.7367  0.2151  0.000040
epoch:229 0.6795  0.9390  0.7237  0.3841  0.4637  0.7108  0.6574  0.7199  0.7199  0.4857  0.5440  0.7354  0.2172  0.000040
epoch:230 0.6754  0.9361  0.6987  0.3822  0.4606  0.7121  0.6520  0.7139  0.7139  0.4821  0.5298  0.7321  0.2160  0.000040
epoch:231 0.6719  0.9363  0.7025  0.3703  0.4447  0.7113  0.6517  0.7136  0.7136  0.4690  0.5186  0.7357  0.2165  0.000040
epoch:232 0.6844  0.9364  0.6813  0.3593  0.4513  0.7271  0.6603  0.7231  0.7231  0.4583  0.5186  0.7505  0.2161  0.000040
epoch:233 0.6798  0.9359  0.6877  0.3663  0.4407  0.7190  0.6574  0.7188  0.7188  0.4440  0.5190  0.7391  0.2167  0.000040
epoch:234 0.6828  0.9378  0.6918  0.3832  0.4571  0.7274  0.6592  0.7217  0.7217  0.4821  0.5230  0.7457  0.2158  0.000040
epoch:235 0.6800  0.9353  0.7017  0.3661  0.4584  0.7231  0.6538  0.7185  0.7185  0.4536  0.5298  0.7413  0.2193  0.000040
epoch:236 0.6728  0.9356  0.6984  0.3802  0.4561  0.7079  0.6432  0.7088  0.7088  0.4917  0.5250  0.7240  0.2173  0.000040
epoch:237 0.6832  0.9387  0.6936  0.3775  0.4492  0.7190  0.6580  0.7210  0.7210  0.4821  0.5333  0.7396  0.2137  0.000040
epoch:238 0.6841  0.9367  0.6915  0.3800  0.4563  0.7191  0.6580  0.7199  0.7199  0.4619  0.5230  0.7394  0.2145  0.000040
epoch:239 0.6806  0.9352  0.7056  0.3732  0.4683  0.7197  0.6516  0.7160  0.7160  0.4536  0.5326  0.7365  0.2144  0.000040
epoch:240 0.6850  0.9306  0.7114  0.3401  0.4580  0.7399  0.6607  0.7229  0.7229  0.3536  0.5298  0.7594  0.2164  0.000040
epoch:241 0.6848  0.9365  0.7016  0.3555  0.4577  0.7207  0.6607  0.7226  0.7226  0.4488  0.5321  0.7418  0.2163  0.000040
epoch:242 0.6790  0.9368  0.6939  0.3938  0.4522  0.7130  0.6527  0.7155  0.7155  0.4964  0.5214  0.7315  0.2143  0.000040
epoch:243 0.6824  0.9387  0.7039  0.3894  0.4492  0.7162  0.6566  0.7191  0.7191  0.4869  0.5313  0.7359  0.2146  0.000040
epoch:244 0.6755  0.9380  0.7031  0.3772  0.4608  0.7153  0.6511  0.7139  0.7139  0.4952  0.5289  0.7366  0.2157  0.000040
epoch:245 0.6612  0.9369  0.6873  0.3756  0.4400  0.7082  0.6378  0.7003  0.7003  0.4536  0.5230  0.7265  0.2132  0.000040
epoch:246 0.6645  0.9368  0.6914  0.3768  0.4479  0.7023  0.6412  0.7034  0.7034  0.4536  0.5214  0.7227  0.2174  0.000040
epoch:247 0.6776  0.9376  0.7104  0.3925  0.4657  0.7087  0.6514  0.7136  0.7136  0.4917  0.5321  0.7287  0.2146  0.000040
epoch:248 0.6857  0.9366  0.6909  0.3813  0.4574  0.7212  0.6601  0.7226  0.7226  0.4667  0.5274  0.7410  0.2155  0.000040
epoch:249 0.6807  0.9359  0.6858  0.3741  0.4536  0.7174  0.6496  0.7145  0.7145  0.4667  0.5147  0.7349  0.2169  0.000040
epoch:250 0.6825  0.9380  0.6841  0.3865  0.4346  0.7206  0.6576  0.7207  0.7207  0.4667  0.5123  0.7423  0.2155  0.000040
epoch:251 0.6848  0.9358  0.7153  0.3648  0.4664  0.7273  0.6563  0.7212  0.7212  0.4536  0.5345  0.7437  0.2133  0.000040
epoch:252 0.6818  0.9376  0.6894  0.3822  0.4462  0.7171  0.6560  0.7188  0.7188  0.4583  0.5170  0.7418  0.2152  0.000040
epoch:253 0.6778  0.9366  0.6929  0.3793  0.4552  0.7306  0.6552  0.7174  0.7174  0.4583  0.5230  0.7519  0.2137  0.000040
epoch:254 0.6841  0.9368  0.7128  0.3867  0.4377  0.7282  0.6621  0.7243  0.7243  0.4869  0.5218  0.7476  0.2134  0.000040
epoch:255 0.6805  0.9344  0.6899  0.3648  0.4717  0.7294  0.6534  0.7181  0.7181  0.4536  0.5293  0.7500  0.2154  0.000040
epoch:256 0.6769  0.9356  0.6858  0.3792  0.4588  0.7215  0.6493  0.7149  0.7149  0.4583  0.5234  0.7435  0.2150  0.000040
epoch:257 0.6849  0.9381  0.7136  0.3838  0.4386  0.7175  0.6582  0.7216  0.7216  0.4667  0.5273  0.7380  0.2113  0.000040
epoch:258 0.6693  0.9349  0.6984  0.3800  0.4621  0.7019  0.6378  0.7037  0.7037  0.4583  0.5270  0.7176  0.2127  0.000040
epoch:259 0.6778  0.9389  0.6985  0.4059  0.4532  0.7110  0.6482  0.7125  0.7125  0.4583  0.5298  0.7308  0.2141  0.000040
epoch:260 0.6810  0.9384  0.7076  0.3940  0.4440  0.7228  0.6578  0.7209  0.7209  0.4952  0.5273  0.7431  0.2145  0.000040
epoch:261 0.6699  0.9344  0.6943  0.3709  0.4731  0.7094  0.6408  0.7060  0.7060  0.4583  0.5317  0.7269  0.2121  0.000040
epoch:262 0.6792  0.9360  0.6913  0.3792  0.4562  0.7146  0.6539  0.7161  0.7161  0.4917  0.5254  0.7344  0.2128  0.000040
epoch:263 0.6813  0.9385  0.6869  0.3624  0.4568  0.7167  0.6572  0.7192  0.7192  0.4440  0.5313  0.7375  0.2118  0.000040
epoch:264 0.6823  0.9366  0.6940  0.3703  0.4437  0.7309  0.6599  0.7218  0.7218  0.4583  0.5235  0.7512  0.2121  0.000040
epoch:265 0.6783  0.9390  0.6858  0.4046  0.4383  0.7115  0.6501  0.7139  0.7139  0.4619  0.5186  0.7331  0.2135  0.000040
epoch:266 0.6823  0.9369  0.6930  0.3745  0.4427  0.7194  0.6575  0.7189  0.7189  0.4536  0.5151  0.7399  0.2136  0.000040
epoch:267 0.6831  0.9365  0.7003  0.3783  0.4559  0.7193  0.6592  0.7214  0.7214  0.4869  0.5274  0.7399  0.2119  0.000040
epoch:268 0.6779  0.9383  0.6830  0.3867  0.4588  0.7020  0.6527  0.7161  0.7161  0.4667  0.5337  0.7270  0.2129  0.000040
epoch:269 0.6836  0.9358  0.6884  0.3877  0.4565  0.7183  0.6564  0.7186  0.7186  0.5000  0.5207  0.7378  0.2131  0.000040
epoch:270 0.6865  0.9367  0.7001  0.3738  0.4524  0.7368  0.6604  0.7229  0.7229  0.4583  0.5171  0.7579  0.2120  0.000040
epoch:271 0.6675  0.9369  0.7029  0.3817  0.4574  0.7055  0.6440  0.7062  0.7062  0.4869  0.5298  0.7251  0.2106  0.000040
epoch:272 0.6836  0.9380  0.7076  0.3876  0.4550  0.7264  0.6571  0.7217  0.7217  0.5000  0.5313  0.7445  0.2119  0.000040
epoch:273 0.6709  0.9373  0.7205  0.3781  0.4614  0.7104  0.6443  0.7065  0.7065  0.4869  0.5298  0.7325  0.2131  0.000040
epoch:274 0.6875  0.9361  0.7033  0.3709  0.4652  0.7358  0.6586  0.7238  0.7238  0.4583  0.5298  0.7555  0.2128  0.000040
epoch:275 0.6813  0.9381  0.6993  0.3795  0.4404  0.7219  0.6554  0.7176  0.7176  0.4619  0.5174  0.7405  0.2145  0.000040
epoch:276 0.6894  0.9390  0.6935  0.4197  0.4593  0.7224  0.6614  0.7242  0.7242  0.4952  0.5313  0.7423  0.2106  0.000040
epoch:277 0.6672  0.9365  0.6928  0.3709  0.4617  0.7071  0.6410  0.7038  0.7038  0.4583  0.5298  0.7256  0.2140  0.000040
epoch:278 0.6850  0.9359  0.6866  0.3875  0.4602  0.7213  0.6560  0.7210  0.7210  0.4667  0.5250  0.7409  0.2120  0.000040
epoch:279 0.6771  0.9364  0.6809  0.3839  0.4487  0.7143  0.6511  0.7133  0.7133  0.4583  0.5147  0.7344  0.2110  0.000040
epoch:280 0.6853  0.9373  0.7172  0.3986  0.4706  0.7153  0.6594  0.7216  0.7216  0.5000  0.5361  0.7349  0.2133  0.000040
epoch:281 0.6826  0.9366  0.6935  0.3676  0.4559  0.7299  0.6592  0.7208  0.7208  0.4821  0.5207  0.7513  0.2122  0.000040
epoch:282 0.6652  0.9372  0.6860  0.3931  0.4454  0.6915  0.6396  0.7021  0.7021  0.4952  0.5155  0.7142  0.2130  0.000040
epoch:283 0.6855  0.9379  0.7004  0.4032  0.4550  0.7182  0.6576  0.7207  0.7207  0.5000  0.5285  0.7380  0.2108  0.000040
epoch:284 0.6888  0.9369  0.7027  0.3849  0.4488  0.7336  0.6619  0.7250  0.7250  0.4714  0.5214  0.7526  0.2117  0.000040
epoch:285 0.6838  0.9364  0.6791  0.3705  0.4583  0.7338  0.6592  0.7219  0.7219  0.4619  0.5206  0.7510  0.2112  0.000040
epoch:286 0.6836  0.9388  0.6886  0.4014  0.4588  0.7148  0.6547  0.7192  0.7192  0.4583  0.5313  0.7367  0.2125  0.000040
epoch:287 0.6875  0.9382  0.7085  0.3810  0.4646  0.7218  0.6611  0.7242  0.7242  0.4619  0.5356  0.7417  0.2105  0.000040
epoch:288 0.6853  0.9367  0.6984  0.3827  0.4622  0.7180  0.6587  0.7206  0.7206  0.4619  0.5278  0.7381  0.2131  0.000040
epoch:289 0.6787  0.9371  0.7002  0.3859  0.4452  0.7168  0.6564  0.7183  0.7183  0.4619  0.5235  0.7426  0.2120  0.000040
epoch:290 0.6890  0.9364  0.7166  0.3738  0.4633  0.7302  0.6619  0.7244  0.7244  0.4619  0.5313  0.7516  0.2123  0.000040
epoch:291 0.6837  0.9369  0.6945  0.3752  0.4442  0.7239  0.6586  0.7202  0.7202  0.4452  0.5151  0.7473  0.2112  0.000040
epoch:292 0.6761  0.9365  0.7093  0.4288  0.4687  0.7070  0.6501  0.7126  0.7126  0.5048  0.5314  0.7289  0.2107  0.000040
epoch:293 0.6825  0.9380  0.6893  0.3806  0.4393  0.7271  0.6592  0.7222  0.7222  0.4619  0.5166  0.7473  0.2077  0.000040
epoch:294 0.6861  0.9371  0.6868  0.3986  0.4562  0.7193  0.6581  0.7206  0.7206  0.5000  0.5190  0.7386  0.2092  0.000040
epoch:295 0.6868  0.9364  0.7060  0.3792  0.4667  0.7276  0.6606  0.7231  0.7231  0.4917  0.5298  0.7455  0.2106  0.000040
epoch:296 0.6812  0.9350  0.6948  0.3934  0.4697  0.7218  0.6504  0.7160  0.7160  0.4583  0.5289  0.7424  0.2118  0.000040
epoch:297 0.6870  0.9369  0.7208  0.3638  0.4551  0.7336  0.6627  0.7243  0.7243  0.4488  0.5298  0.7537  0.2114  0.000040
epoch:298 0.6839  0.9365  0.6902  0.3653  0.4634  0.7213  0.6570  0.7189  0.7189  0.4536  0.5195  0.7423  0.2102  0.000040
epoch:299 0.6757  0.9354  0.6952  0.3653  0.4649  0.7095  0.6474  0.7121  0.7121  0.4583  0.5278  0.7300  0.2082  0.000040
epoch:300 0.6849  0.9367  0.6864  0.3867  0.4519  0.7295  0.6590  0.7209  0.7209  0.4869  0.5147  0.7515  0.2085  0.000040
epoch:301 0.6623  0.9389  0.7074  0.4020  0.4449  0.6943  0.6354  0.6991  0.6991  0.4619  0.5230  0.7177  0.2097  0.000040
epoch:302 0.6823  0.9390  0.6884  0.3964  0.4400  0.7160  0.6558  0.7183  0.7183  0.5000  0.5107  0.7362  0.2096  0.000040
epoch:303 0.6870  0.9356  0.7214  0.3750  0.4617  0.7352  0.6568  0.7227  0.7227  0.5000  0.5171  0.7547  0.2084  0.000040
epoch:304 0.6857  0.9354  0.6970  0.3633  0.4605  0.7356  0.6585  0.7226  0.7226  0.4571  0.5254  0.7547  0.2088  0.000040
epoch:305 0.6876  0.9377  0.7021  0.3783  0.4672  0.7266  0.6614  0.7245  0.7245  0.4571  0.5361  0.7494  0.2087  0.000040
epoch:306 0.6819  0.9374  0.6897  0.3806  0.4408  0.7184  0.6560  0.7185  0.7185  0.4619  0.5083  0.7399  0.2103  0.000040
epoch:307 0.6773  0.9347  0.6957  0.3792  0.4572  0.7273  0.6513  0.7175  0.7175  0.4917  0.5190  0.7497  0.2092  0.000040
epoch:308 0.6893  0.9351  0.7129  0.3731  0.4682  0.7367  0.6606  0.7253  0.7253  0.4619  0.5298  0.7563  0.2082  0.000040
epoch:309 0.6836  0.9355  0.7092  0.3787  0.4658  0.7222  0.6519  0.7172  0.7172  0.4631  0.5302  0.7418  0.2100  0.000040
epoch:310 0.6858  0.9368  0.7145  0.3850  0.4418  0.7227  0.6573  0.7201  0.7201  0.4631  0.5167  0.7417  0.2103  0.000040
epoch:311 0.6808  0.9354  0.6954  0.3797  0.4658  0.7136  0.6498  0.7157  0.7157  0.4583  0.5337  0.7320  0.2102  0.000040
epoch:312 0.6826  0.9382  0.7055  0.3917  0.4500  0.7090  0.6567  0.7216  0.7216  0.4952  0.5301  0.7317  0.2085  0.000040
epoch:313 0.6854  0.9353  0.6929  0.3804  0.4627  0.7176  0.6547  0.7203  0.7203  0.4714  0.5293  0.7370  0.2103  0.000040
epoch:314 0.6912  0.9355  0.7112  0.3849  0.4741  0.7295  0.6638  0.7263  0.7263  0.4714  0.5381  0.7516  0.2094  0.000040
epoch:315 0.6877  0.9356  0.7217  0.3648  0.4639  0.7365  0.6592  0.7238  0.7238  0.4536  0.5298  0.7560  0.2089  0.000040
epoch:316 0.6855  0.9378  0.7032  0.3595  0.4568  0.7199  0.6589  0.7208  0.7208  0.4488  0.5214  0.7412  0.2089  0.000040
epoch:317 0.6727  0.9367  0.7064  0.3859  0.4617  0.7135  0.6451  0.7076  0.7076  0.4667  0.5278  0.7346  0.2101  0.000040
epoch:318 0.6869  0.9361  0.7107  0.3763  0.4535  0.7356  0.6626  0.7245  0.7245  0.4619  0.5278  0.7560  0.2087  0.000040
epoch:319 0.6806  0.9368  0.6915  0.4255  0.4373  0.7160  0.6550  0.7172  0.7172  0.5000  0.5068  0.7381  0.2072  0.000040
epoch:320 0.6878  0.9383  0.6999  0.3806  0.4579  0.7261  0.6608  0.7236  0.7236  0.4619  0.5238  0.7454  0.2091  0.000040
epoch:321 0.6852  0.9369  0.6965  0.3849  0.4656  0.7162  0.6581  0.7206  0.7206  0.4869  0.5238  0.7367  0.2066  0.000040
epoch:322 0.6871  0.9365  0.7220  0.3814  0.4600  0.7301  0.6623  0.7242  0.7242  0.4619  0.5338  0.7515  0.2088  0.000040
epoch:323 0.6873  0.9378  0.7106  0.3976  0.4626  0.7183  0.6601  0.7226  0.7226  0.5048  0.5357  0.7375  0.2083  0.000040
epoch:324 0.6786  0.9362  0.7040  0.3814  0.4564  0.7295  0.6536  0.7183  0.7183  0.4619  0.5250  0.7516  0.2090  0.000040
epoch:325 0.6852  0.9367  0.7009  0.3677  0.4511  0.7196  0.6603  0.7216  0.7216  0.4571  0.5135  0.7454  0.2095  0.000040
epoch:326 0.6790  0.9358  0.7050  0.3683  0.4646  0.7152  0.6536  0.7183  0.7183  0.4571  0.5298  0.7410  0.2101  0.000040
epoch:327 0.6857  0.9374  0.6869  0.3921  0.4519  0.7215  0.6576  0.7204  0.7204  0.4833  0.5162  0.7441  0.2087  0.000040
epoch:328 0.6818  0.9364  0.6783  0.3542  0.4521  0.7188  0.6562  0.7178  0.7178  0.4440  0.5190  0.7386  0.2065  0.000040
epoch:329 0.6840  0.9372  0.7191  0.3975  0.4369  0.7235  0.6596  0.7209  0.7209  0.4952  0.5211  0.7431  0.2092  0.000040
epoch:330 0.6794  0.9368  0.7035  0.3594  0.4605  0.7139  0.6531  0.7150  0.7150  0.4488  0.5250  0.7333  0.2072  0.000040
epoch:331 0.6819  0.9358  0.6947  0.3648  0.4565  0.7195  0.6584  0.7203  0.7203  0.4536  0.5278  0.7391  0.2105  0.000040
epoch:332 0.6853  0.9364  0.7019  0.3773  0.4635  0.7298  0.6591  0.7213  0.7213  0.4619  0.5274  0.7473  0.2085  0.000040
epoch:333 0.6851  0.9382  0.6959  0.3767  0.4482  0.7209  0.6598  0.7226  0.7226  0.4905  0.5269  0.7444  0.2064  0.000040
epoch:334 0.6858  0.9359  0.7163  0.3897  0.4479  0.7233  0.6612  0.7225  0.7225  0.4905  0.5151  0.7468  0.2080  0.000040
epoch:335 0.6819  0.9366  0.6850  0.3701  0.4539  0.7242  0.6559  0.7178  0.7178  0.4536  0.5147  0.7468  0.2090  0.000040
epoch:336 0.6842  0.9366  0.7072  0.3732  0.4632  0.7290  0.6593  0.7218  0.7218  0.4536  0.5293  0.7502  0.2082  0.000040
epoch:337 0.6799  0.9369  0.7023  0.3834  0.4472  0.7200  0.6545  0.7164  0.7164  0.4702  0.5171  0.7392  0.2087  0.000040
epoch:338 0.6891  0.9356  0.7402  0.3814  0.4738  0.7224  0.6644  0.7260  0.7260  0.4619  0.5409  0.7457  0.2073  0.000040
epoch:339 0.6831  0.9360  0.7115  0.4041  0.4695  0.7291  0.6600  0.7225  0.7225  0.4667  0.5321  0.7529  0.2069  0.000040
epoch:340 0.6895  0.9379  0.7182  0.4121  0.4485  0.7385  0.6630  0.7264  0.7264  0.4714  0.5277  0.7576  0.2084  0.000040
epoch:341 0.6753  0.9375  0.6902  0.3889  0.4400  0.7103  0.6529  0.7148  0.7148  0.4571  0.5214  0.7326  0.2073  0.000040
epoch:342 0.6853  0.9369  0.7002  0.3758  0.4474  0.7368  0.6619  0.7235  0.7235  0.4571  0.5171  0.7589  0.2088  0.000040
epoch:343 0.6882  0.9361  0.7058  0.3732  0.4611  0.7323  0.6583  0.7236  0.7236  0.4536  0.5274  0.7534  0.2073  0.000040
epoch:344 0.6807  0.9367  0.6930  0.3884  0.4675  0.7184  0.6559  0.7190  0.7190  0.5000  0.5298  0.7426  0.2065  0.000040
epoch:345 0.6830  0.9369  0.7041  0.3750  0.4402  0.7204  0.6581  0.7203  0.7203  0.4667  0.5171  0.7404  0.2083  0.000040
epoch:346 0.6748  0.9358  0.6864  0.3803  0.4554  0.7106  0.6522  0.7141  0.7141  0.4571  0.5171  0.7341  0.2071  0.000040
epoch:347 0.6885  0.9367  0.7033  0.3925  0.4658  0.7201  0.6611  0.7233  0.7233  0.4952  0.5333  0.7454  0.2076  0.000040
epoch:348 0.6873  0.9364  0.6994  0.3904  0.4663  0.7160  0.6592  0.7217  0.7217  0.4667  0.5298  0.7367  0.2067  0.000040
epoch:349 0.6848  0.9367  0.7023  0.3872  0.4541  0.7177  0.6577  0.7199  0.7199  0.4667  0.5254  0.7378  0.2064  0.000040
epoch:350 0.6925  0.9369  0.7384  0.3789  0.4675  0.7393  0.6660  0.7282  0.7282  0.4667  0.5385  0.7595  0.2069  0.000040
epoch:351 0.6891  0.9369  0.7136  0.3803  0.4478  0.7410  0.6642  0.7258  0.7258  0.4571  0.5195  0.7608  0.2062  0.000040
epoch:352 0.6880  0.9365  0.7243  0.3694  0.4634  0.7326  0.6630  0.7258  0.7258  0.4631  0.5361  0.7534  0.2067  0.000040
epoch:353 0.6920  0.9366  0.7324  0.3766  0.4711  0.7408  0.6652  0.7271  0.7271  0.4571  0.5361  0.7594  0.2080  0.000040
epoch:354 0.6898  0.9371  0.7363  0.3766  0.4523  0.7311  0.6639  0.7258  0.7258  0.4667  0.5282  0.7529  0.2048  0.000040
epoch:355 0.6877  0.9366  0.6974  0.4016  0.4545  0.7213  0.6619  0.7241  0.7241  0.5036  0.5278  0.7409  0.2054  0.000040
epoch:356 0.6845  0.9368  0.6768  0.3817  0.4538  0.7173  0.6588  0.7210  0.7210  0.5000  0.5195  0.7375  0.2062  0.000040
epoch:357 0.6854  0.9364  0.7290  0.3933  0.4674  0.7277  0.6601  0.7220  0.7220  0.4571  0.5314  0.7497  0.2084  0.000040
epoch:358 0.6800  0.9376  0.6887  0.3821  0.4384  0.7195  0.6550  0.7187  0.7187  0.4619  0.5083  0.7409  0.2054  0.000040
epoch:359 0.6906  0.9380  0.7184  0.3922  0.4680  0.7257  0.6656  0.7286  0.7286  0.4952  0.5361  0.7510  0.2049  0.000040
epoch:360 0.6823  0.9384  0.6976  0.4256  0.4548  0.7146  0.6589  0.7220  0.7220  0.5036  0.5297  0.7423  0.2045  0.000040
epoch:361 0.6866  0.9369  0.7161  0.3872  0.4400  0.7329  0.6593  0.7218  0.7218  0.4631  0.5171  0.7521  0.2060  0.000040
epoch:362 0.6791  0.9366  0.6984  0.3878  0.4660  0.7156  0.6539  0.7164  0.7164  0.4869  0.5353  0.7381  0.2101  0.000040
epoch:363 0.6880  0.9380  0.7044  0.3922  0.4661  0.7161  0.6605  0.7232  0.7232  0.4702  0.5380  0.7378  0.2051  0.000040
epoch:364 0.6895  0.9369  0.7228  0.3703  0.4675  0.7412  0.6640  0.7265  0.7265  0.4583  0.5298  0.7610  0.2055  0.000040
epoch:365 0.6867  0.9389  0.7121  0.3884  0.4592  0.7293  0.6609  0.7240  0.7240  0.4667  0.5333  0.7507  0.2060  0.000040
epoch:366 0.6823  0.9366  0.7024  0.3908  0.4402  0.7266  0.6596  0.7218  0.7218  0.5048  0.5151  0.7452  0.2049  0.000040
epoch:367 0.6811  0.9356  0.7193  0.3684  0.4844  0.7256  0.6547  0.7197  0.7197  0.4583  0.5357  0.7513  0.2035  0.000040
epoch:368 0.6699  0.9364  0.7363  0.3846  0.4715  0.7177  0.6454  0.7077  0.7077  0.4952  0.5381  0.7392  0.2032  0.000040
epoch:369 0.6884  0.9371  0.7101  0.3839  0.4575  0.7351  0.6614  0.7236  0.7236  0.4619  0.5258  0.7550  0.2047  0.000040
epoch:370 0.6903  0.9362  0.7367  0.3786  0.4713  0.7358  0.6636  0.7255  0.7255  0.4667  0.5361  0.7555  0.2045  0.000040
epoch:371 0.6875  0.9374  0.6957  0.4016  0.4538  0.7217  0.6617  0.7233  0.7233  0.5036  0.5175  0.7412  0.2032  0.000040
epoch:372 0.6857  0.9366  0.6921  0.3789  0.4624  0.7175  0.6591  0.7207  0.7207  0.4905  0.5254  0.7417  0.2040  0.000040
epoch:373 0.6853  0.9369  0.6950  0.3818  0.4515  0.7369  0.6611  0.7239  0.7239  0.5000  0.5210  0.7558  0.2040  0.000040
epoch:374 0.6860  0.9369  0.6915  0.3756  0.4325  0.7406  0.6638  0.7257  0.7257  0.4619  0.5088  0.7629  0.2031  0.000040
epoch:375 0.6931  0.9354  0.7156  0.3869  0.4673  0.7392  0.6601  0.7257  0.7257  0.4667  0.5313  0.7576  0.2060  0.000040
epoch:376 0.6834  0.9390  0.6936  0.3845  0.4488  0.7201  0.6569  0.7197  0.7197  0.4583  0.5210  0.7391  0.2051  0.000040
epoch:377 0.6832  0.9380  0.6815  0.4144  0.4407  0.7189  0.6574  0.7211  0.7211  0.4952  0.5190  0.7394  0.2030  0.000040
epoch:378 0.6866  0.9383  0.6952  0.4032  0.4419  0.7224  0.6590  0.7223  0.7223  0.5000  0.5146  0.7425  0.2029  0.000040
epoch:379 0.6888  0.9342  0.7082  0.4051  0.4620  0.7406  0.6602  0.7252  0.7252  0.4667  0.5317  0.7587  0.2049  0.000040
epoch:380 0.6872  0.9367  0.7160  0.3772  0.4566  0.7359  0.6620  0.7242  0.7242  0.4619  0.5314  0.7571  0.2054  0.000040
epoch:381 0.6882  0.9382  0.7142  0.3695  0.4669  0.7282  0.6626  0.7251  0.7251  0.4488  0.5361  0.7483  0.2068  0.000040
epoch:382 0.6871  0.9383  0.6885  0.3922  0.4527  0.7227  0.6626  0.7257  0.7257  0.4952  0.5254  0.7489  0.2042  0.000040
epoch:383 0.6847  0.9379  0.6928  0.3807  0.4526  0.7200  0.6585  0.7213  0.7213  0.4952  0.5186  0.7409  0.2037  0.000040
epoch:384 0.6861  0.9364  0.7033  0.3856  0.4465  0.7335  0.6602  0.7224  0.7224  0.4619  0.5083  0.7555  0.2054  0.000040
epoch:385 0.6841  0.9367  0.6859  0.3855  0.4614  0.7170  0.6570  0.7192  0.7192  0.4667  0.5195  0.7364  0.2034  0.000040
epoch:386 0.6863  0.9369  0.7012  0.3723  0.4453  0.7261  0.6610  0.7229  0.7229  0.4619  0.5135  0.7473  0.2047  0.000040
epoch:387 0.6829  0.9382  0.6925  0.4121  0.4483  0.7173  0.6564  0.7192  0.7192  0.4917  0.5210  0.7372  0.2027  0.000040
epoch:388 0.6791  0.9367  0.6975  0.3796  0.4589  0.7221  0.6568  0.7184  0.7184  0.4667  0.5294  0.7429  0.2028  0.000040
epoch:389 0.6910  0.9375  0.7278  0.3955  0.4448  0.7410  0.6649  0.7271  0.7271  0.4750  0.5195  0.7603  0.2024  0.000040
epoch:390 0.6785  0.9366  0.7019  0.3907  0.4632  0.7198  0.6551  0.7176  0.7176  0.4667  0.5274  0.7442  0.2026  0.000040
epoch:391 0.6863  0.9375  0.7083  0.3954  0.4458  0.7215  0.6584  0.7206  0.7206  0.4714  0.5092  0.7409  0.2025  0.000040
epoch:392 0.6775  0.9381  0.6985  0.3626  0.4538  0.7092  0.6559  0.7184  0.7184  0.4619  0.5282  0.7339  0.2044  0.000040
epoch:393 0.6865  0.9358  0.6996  0.3529  0.4647  0.7411  0.6639  0.7261  0.7261  0.4619  0.5254  0.7608  0.2019  0.000040
epoch:394 0.6777  0.9351  0.6953  0.3819  0.4717  0.7197  0.6525  0.7177  0.7177  0.4619  0.5293  0.7437  0.2054  0.000040
epoch:395 0.6851  0.9364  0.7145  0.4172  0.4407  0.7291  0.6610  0.7223  0.7223  0.4952  0.5151  0.7505  0.2027  0.000040
epoch:396 0.6827  0.9369  0.6919  0.3599  0.4455  0.7315  0.6601  0.7217  0.7217  0.4571  0.5147  0.7529  0.2016  0.000040
epoch:397 0.6879  0.9368  0.6934  0.3933  0.4640  0.7299  0.6611  0.7233  0.7233  0.4952  0.5230  0.7515  0.2036  0.000040
epoch:398 0.6842  0.9375  0.6972  0.4065  0.4443  0.7177  0.6594  0.7219  0.7219  0.5048  0.5195  0.7386  0.2024  0.000040
epoch:399 0.6877  0.9365  0.7279  0.3743  0.4429  0.7377  0.6625  0.7244  0.7244  0.4619  0.5175  0.7589  0.2016  0.000040
epoch:400 0.6910  0.9352  0.7091  0.3965  0.4672  0.7322  0.6601  0.7251  0.7251  0.4571  0.5337  0.7547  0.2047  0.000040
epoch:401 0.6896  0.9362  0.7087  0.3688  0.4769  0.7207  0.6615  0.7234  0.7234  0.4524  0.5424  0.7433  0.2022  0.000040
epoch:402 0.6785  0.9358  0.7155  0.3666  0.4452  0.7202  0.6575  0.7188  0.7188  0.4905  0.5151  0.7482  0.2033  0.000040
epoch:403 0.6803  0.9366  0.7329  0.3766  0.4770  0.7282  0.6568  0.7190  0.7190  0.4571  0.5401  0.7506  0.2029  0.000040
epoch:404 0.6811  0.9368  0.6837  0.3885  0.4327  0.7217  0.6578  0.7191  0.7191  0.4905  0.5044  0.7446  0.2042  0.000040
epoch:405 0.6834  0.9366  0.6876  0.3764  0.4511  0.7187  0.6576  0.7189  0.7189  0.4571  0.5230  0.7380  0.2003  0.000040
epoch:406 0.6876  0.9369  0.7128  0.3500  0.4665  0.7358  0.6627  0.7241  0.7241  0.4571  0.5302  0.7547  0.2025  0.000040
epoch:407 0.6832  0.9358  0.6948  0.3667  0.4650  0.7300  0.6617  0.7233  0.7233  0.4667  0.5235  0.7518  0.2030  0.000040
epoch:408 0.6888  0.9352  0.7284  0.3732  0.4677  0.7354  0.6598  0.7248  0.7248  0.4536  0.5341  0.7555  0.2026  0.000040
epoch:409 0.6886  0.9383  0.7116  0.3874  0.4635  0.7191  0.6607  0.7229  0.7229  0.4702  0.5298  0.7391  0.2004  0.000040
epoch:410 0.6852  0.9356  0.7089  0.4350  0.4706  0.7340  0.6592  0.7245  0.7245  0.4536  0.5377  0.7566  0.2035  0.000040
epoch:411 0.6772  0.9371  0.7138  0.3783  0.4461  0.7285  0.6565  0.7173  0.7173  0.4810  0.5211  0.7500  0.2010  0.000040
epoch:412 0.6899  0.9367  0.7212  0.3738  0.4601  0.7375  0.6634  0.7256  0.7256  0.4619  0.5317  0.7576  0.2023  0.000040
epoch:413 0.6832  0.9369  0.6892  0.3876  0.4341  0.7380  0.6567  0.7192  0.7192  0.4667  0.5016  0.7568  0.2027  0.000040
epoch:414 0.6867  0.9367  0.7181  0.4373  0.4719  0.7392  0.6591  0.7222  0.7222  0.4488  0.5416  0.7568  0.2030  0.000040
epoch:415 0.6839  0.9366  0.7075  0.3905  0.4493  0.7219  0.6590  0.7215  0.7215  0.4714  0.5214  0.7396  0.2037  0.000040
epoch:416 0.6834  0.9371  0.6823  0.3927  0.4466  0.7169  0.6548  0.7170  0.7170  0.4667  0.5107  0.7367  0.2022  0.000040
epoch:417 0.6885  0.9371  0.6987  0.3932  0.4480  0.7377  0.6630  0.7252  0.7252  0.4952  0.5131  0.7579  0.2011  0.000040
epoch:418 0.6852  0.9368  0.6899  0.3501  0.4617  0.7374  0.6632  0.7251  0.7251  0.4619  0.5338  0.7576  0.2032  0.000040
epoch:419 0.6896  0.9364  0.7103  0.4016  0.4669  0.7366  0.6633  0.7258  0.7258  0.5048  0.5298  0.7542  0.2017  0.000040
epoch:420 0.6797  0.9369  0.6858  0.4005  0.4580  0.7140  0.6544  0.7169  0.7169  0.5000  0.5274  0.7373  0.2017  0.000040
epoch:421 0.6888  0.9365  0.7208  0.3827  0.4781  0.7340  0.6624  0.7249  0.7249  0.4619  0.5401  0.7544  0.2016  0.000040
epoch:422 0.6841  0.9368  0.7128  0.3715  0.4436  0.7397  0.6604  0.7226  0.7226  0.4488  0.5186  0.7589  0.2011  0.000040
epoch:423 0.6813  0.9386  0.6803  0.3967  0.4476  0.7338  0.6589  0.7220  0.7220  0.4952  0.5206  0.7539  0.2016  0.000040
epoch:424 0.6872  0.9375  0.6909  0.3812  0.4447  0.7394  0.6616  0.7238  0.7238  0.4571  0.5167  0.7592  0.2009  0.000040
epoch:425 0.6887  0.9368  0.7271  0.3566  0.4685  0.7378  0.6646  0.7271  0.7271  0.4524  0.5385  0.7584  0.2016  0.000040
epoch:426 0.6899  0.9368  0.7045  0.4523  0.4750  0.7299  0.6598  0.7229  0.7229  0.4667  0.5356  0.7470  0.2023  0.000040
epoch:427 0.6901  0.9366  0.7020  0.3734  0.4640  0.7242  0.6603  0.7225  0.7225  0.4667  0.5195  0.7465  0.1997  0.000040
epoch:428 0.6893  0.9368  0.7161  0.3797  0.4797  0.7320  0.6620  0.7242  0.7242  0.4619  0.5381  0.7531  0.2020  0.000040
epoch:429 0.6898  0.9366  0.7163  0.3797  0.4695  0.7385  0.6631  0.7256  0.7256  0.4619  0.5333  0.7592  0.1996  0.000040
epoch:430 0.6853  0.9372  0.6886  0.4039  0.4472  0.7210  0.6564  0.7186  0.7186  0.4583  0.5123  0.7417  0.2009  0.000040
epoch:431 0.6826  0.9371  0.6987  0.3576  0.4442  0.7290  0.6599  0.7218  0.7218  0.4917  0.5171  0.7470  0.1996  0.000040
epoch:432 0.6865  0.9364  0.6992  0.3497  0.4760  0.7364  0.6633  0.7252  0.7252  0.4524  0.5377  0.7571  0.2007  0.000040
epoch:433 0.6842  0.9364  0.7136  0.3691  0.4501  0.7358  0.6611  0.7233  0.7233  0.4619  0.5250  0.7566  0.2010  0.000040
epoch:434 0.6864  0.9379  0.6856  0.3969  0.4419  0.7288  0.6581  0.7209  0.7209  0.4583  0.5171  0.7470  0.2007  0.000040
epoch:435 0.6882  0.9364  0.7146  0.3875  0.4474  0.7363  0.6603  0.7231  0.7231  0.4583  0.5214  0.7557  0.1996  0.000040
epoch:436 0.6884  0.9360  0.7135  0.3822  0.4718  0.7228  0.6590  0.7206  0.7206  0.4619  0.5338  0.7415  0.2002  0.000040
epoch:437 0.6796  0.9375  0.6839  0.3831  0.4422  0.7179  0.6557  0.7182  0.7182  0.4667  0.5147  0.7425  0.2005  0.000040
epoch:438 0.6849  0.9366  0.7138  0.3483  0.4621  0.7308  0.6606  0.7225  0.7225  0.4536  0.5254  0.7526  0.1986  0.000040
epoch:439 0.6872  0.9378  0.7086  0.3978  0.4607  0.7216  0.6609  0.7231  0.7231  0.4619  0.5302  0.7447  0.2004  0.000040
epoch:440 0.6804  0.9365  0.6946  0.3584  0.4363  0.7270  0.6580  0.7199  0.7199  0.4619  0.5167  0.7489  0.2004  0.000040
epoch:441 0.6896  0.9358  0.7091  0.3719  0.4722  0.7359  0.6587  0.7237  0.7237  0.4619  0.5293  0.7558  0.2032  0.000040
epoch:442 0.6876  0.9368  0.7107  0.3635  0.4614  0.7341  0.6592  0.7208  0.7208  0.4536  0.5254  0.7534  0.2014  0.000040
epoch:443 0.6859  0.9369  0.6935  0.3912  0.4595  0.7256  0.6593  0.7215  0.7215  0.4952  0.5254  0.7433  0.2005  0.000040
epoch:444 0.6824  0.9372  0.6957  0.3845  0.4488  0.7169  0.6566  0.7182  0.7182  0.4869  0.5151  0.7383  0.1994  0.000040
epoch:445 0.6824  0.9378  0.7105  0.3434  0.4504  0.7356  0.6608  0.7224  0.7224  0.4857  0.5210  0.7544  0.1992  0.000040
epoch:446 0.6813  0.9385  0.6917  0.3495  0.4513  0.7260  0.6575  0.7206  0.7206  0.4571  0.5190  0.7452  0.2003  0.000040
epoch:447 0.6837  0.9369  0.7123  0.3780  0.4572  0.7338  0.6607  0.7232  0.7232  0.4619  0.5278  0.7537  0.1982  0.000040
epoch:448 0.6810  0.9392  0.6914  0.3472  0.4513  0.7199  0.6573  0.7204  0.7204  0.4536  0.5230  0.7412  0.2017  0.000040
epoch:449 0.6868  0.9371  0.6933  0.4196  0.4455  0.7307  0.6600  0.7228  0.7228  0.5000  0.5111  0.7518  0.1991  0.000040
epoch:450 0.6827  0.9368  0.6939  0.3679  0.4490  0.7158  0.6584  0.7206  0.7206  0.4667  0.5171  0.7409  0.1994  0.000040
epoch:451 0.6860  0.9376  0.6972  0.3617  0.4695  0.7221  0.6622  0.7247  0.7247  0.4869  0.5361  0.7454  0.1971  0.000040
epoch:452 0.6932  0.9368  0.7203  0.3746  0.4700  0.7384  0.6647  0.7269  0.7269  0.4571  0.5341  0.7581  0.2016  0.000040
epoch:453 0.6880  0.9365  0.7210  0.3683  0.4662  0.7369  0.6624  0.7240  0.7240  0.4571  0.5278  0.7563  0.1995  0.000040
epoch:454 0.6929  0.9362  0.7375  0.3857  0.4770  0.7346  0.6630  0.7249  0.7249  0.4667  0.5385  0.7531  0.2005  0.000040
epoch:455 0.6865  0.9371  0.7054  0.3684  0.4484  0.7369  0.6617  0.7239  0.7239  0.4714  0.5175  0.7568  0.2001  0.000040
epoch:456 0.6838  0.9371  0.6874  0.3416  0.4602  0.7387  0.6611  0.7230  0.7230  0.4536  0.5195  0.7576  0.1976  0.000040
epoch:457 0.6838  0.9364  0.7211  0.4023  0.4680  0.7178  0.6557  0.7185  0.7185  0.4667  0.5341  0.7381  0.1994  0.000040
epoch:458 0.6834  0.9377  0.7023  0.3450  0.4602  0.7305  0.6613  0.7238  0.7238  0.4488  0.5317  0.7520  0.2002  0.000040
epoch:459 0.6855  0.9388  0.6855  0.3891  0.4563  0.7211  0.6620  0.7239  0.7239  0.4952  0.5214  0.7428  0.1998  0.000040
epoch:460 0.6887  0.9358  0.6982  0.3941  0.4629  0.7353  0.6565  0.7224  0.7224  0.4619  0.5289  0.7544  0.1979  0.000040
epoch:461 0.6835  0.9379  0.7131  0.3819  0.4485  0.7269  0.6608  0.7224  0.7224  0.4869  0.5199  0.7489  0.1987  0.000040
epoch:462 0.6817  0.9376  0.7103  0.3857  0.4672  0.7198  0.6550  0.7187  0.7187  0.4667  0.5352  0.7439  0.1986  0.000040
epoch:463 0.6876  0.9368  0.6996  0.3603  0.4657  0.7391  0.6654  0.7273  0.7273  0.4619  0.5302  0.7594  0.1976  0.000040
epoch:464 0.6905  0.9358  0.7095  0.3758  0.4709  0.7284  0.6580  0.7233  0.7233  0.4571  0.5337  0.7494  0.1954  0.000040
epoch:465 0.6908  0.9369  0.7204  0.3953  0.4624  0.7372  0.6624  0.7246  0.7246  0.4619  0.5298  0.7563  0.1983  0.000040
epoch:466 0.6913  0.9365  0.7330  0.3932  0.4731  0.7354  0.6596  0.7246  0.7246  0.4571  0.5401  0.7544  0.1989  0.000040
epoch:467 0.6887  0.9365  0.7266  0.3683  0.4792  0.7344  0.6624  0.7249  0.7249  0.4536  0.5424  0.7544  0.2001  0.000040
epoch:468 0.6877  0.9365  0.7104  0.3755  0.4606  0.7289  0.6610  0.7226  0.7226  0.4571  0.5278  0.7505  0.2017  0.000040
epoch:469 0.6845  0.9376  0.7088  0.3722  0.4533  0.7305  0.6593  0.7240  0.7240  0.4583  0.5254  0.7526  0.1988  0.000040
epoch:470 0.6843  0.9369  0.6986  0.3612  0.4574  0.7185  0.6585  0.7213  0.7213  0.4583  0.5234  0.7404  0.1977  0.000040
epoch:471 0.6859  0.9361  0.7111  0.3612  0.4467  0.7363  0.6601  0.7229  0.7229  0.4619  0.5111  0.7566  0.1964  0.000040
epoch:472 0.6862  0.9366  0.7064  0.3463  0.4749  0.7242  0.6598  0.7223  0.7223  0.4488  0.5361  0.7438  0.1988  0.000040
epoch:473 0.6859  0.9371  0.7159  0.3585  0.4538  0.7205  0.6587  0.7206  0.7206  0.4619  0.5235  0.7401  0.1984  0.000040
epoch:474 0.6828  0.9377  0.7046  0.3477  0.4542  0.7259  0.6598  0.7220  0.7220  0.4488  0.5234  0.7512  0.1987  0.000040
epoch:475 0.6914  0.9359  0.7321  0.3787  0.4780  0.7370  0.6631  0.7256  0.7256  0.4619  0.5401  0.7558  0.1959  0.000040
epoch:476 0.6884  0.9367  0.7204  0.3631  0.4806  0.7355  0.6622  0.7247  0.7247  0.4667  0.5377  0.7552  0.1973  0.000040
epoch:477 0.6826  0.9362  0.6966  0.3414  0.4599  0.7192  0.6574  0.7184  0.7184  0.4524  0.5171  0.7423  0.1982  0.000040
epoch:478 0.6838  0.9374  0.7010  0.3540  0.4454  0.7308  0.6616  0.7232  0.7232  0.4571  0.5195  0.7520  0.1974  0.000040
epoch:479 0.6821  0.9373  0.7002  0.3719  0.4658  0.7037  0.6578  0.7209  0.7209  0.4583  0.5317  0.7309  0.1987  0.000040
epoch:480 0.6893  0.9368  0.7167  0.3913  0.4586  0.7357  0.6602  0.7230  0.7230  0.4571  0.5254  0.7547  0.1958  0.000040
epoch:481 0.6841  0.9348  0.6998  0.3799  0.4646  0.7130  0.6537  0.7184  0.7184  0.4619  0.5293  0.7320  0.1996  0.000040
epoch:482 0.6867  0.9368  0.7160  0.3877  0.4590  0.7343  0.6621  0.7237  0.7237  0.4524  0.5298  0.7558  0.1972  0.000040
epoch:483 0.6842  0.9378  0.6982  0.3856  0.4515  0.7196  0.6591  0.7213  0.7213  0.4869  0.5190  0.7415  0.1979  0.000040
epoch:484 0.6815  0.9383  0.7125  0.3738  0.4567  0.7262  0.6588  0.7207  0.7207  0.4821  0.5250  0.7486  0.1972  0.000040
epoch:485 0.6850  0.9361  0.7186  0.3556  0.4603  0.7356  0.6587  0.7215  0.7215  0.4571  0.5250  0.7544  0.1951  0.000040
epoch:486 0.6811  0.9389  0.6926  0.3683  0.4480  0.7133  0.6545  0.7189  0.7189  0.4536  0.5230  0.7346  0.1975  0.000040
epoch:487 0.6855  0.9365  0.7142  0.3656  0.4468  0.7349  0.6592  0.7227  0.7227  0.4667  0.5190  0.7518  0.1985  0.000040
epoch:488 0.6848  0.9362  0.7035  0.3640  0.4546  0.7218  0.6603  0.7234  0.7234  0.4667  0.5234  0.7457  0.1959  0.000040
epoch:489 0.6872  0.9362  0.7160  0.3461  0.4672  0.7351  0.6602  0.7224  0.7224  0.4440  0.5298  0.7550  0.1953  0.000040
epoch:490 0.6856  0.9368  0.6969  0.3612  0.4502  0.7384  0.6626  0.7254  0.7254  0.4536  0.5214  0.7608  0.1946  0.000040
epoch:491 0.6845  0.9368  0.6992  0.3638  0.4551  0.7337  0.6593  0.7225  0.7225  0.4667  0.5238  0.7526  0.1953  0.000040
epoch:492 0.6851  0.9374  0.7087  0.3556  0.4703  0.7246  0.6606  0.7222  0.7222  0.4571  0.5366  0.7468  0.1955  0.000040
epoch:493 0.6868  0.9366  0.7229  0.3556  0.4661  0.7283  0.6604  0.7223  0.7223  0.4571  0.5298  0.7486  0.1957  0.000040
epoch:494 0.6883  0.9369  0.7061  0.3995  0.4699  0.7356  0.6623  0.7245  0.7245  0.4619  0.5357  0.7552  0.1976  0.000040
epoch:495 0.6818  0.9358  0.7143  0.3941  0.4657  0.7238  0.6548  0.7192  0.7192  0.4619  0.5317  0.7439  0.1974  0.000040
epoch:496 0.6851  0.9367  0.7142  0.3805  0.4526  0.7331  0.6632  0.7251  0.7251  0.4869  0.5195  0.7552  0.1942  0.000040
epoch:497 0.6887  0.9369  0.7162  0.3656  0.4693  0.7353  0.6626  0.7248  0.7248  0.4667  0.5361  0.7542  0.1952  0.000040
epoch:498 0.6845  0.9365  0.7051  0.3609  0.4463  0.7344  0.6591  0.7222  0.7222  0.4631  0.5167  0.7571  0.1960  0.000040
epoch:499 0.6912  0.9366  0.7256  0.3941  0.4732  0.7334  0.6630  0.7249  0.7249  0.4619  0.5341  0.7544  0.1947  0.000040
epoch:500 0.6871  0.9377  0.7205  0.3742  0.4594  0.7361  0.6626  0.7248  0.7248  0.4583  0.5258  0.7584  0.1980  0.000040
epoch:501 0.6852  0.9371  0.7018  0.3584  0.4621  0.7324  0.6579  0.7201  0.7201  0.4619  0.5190  0.7528  0.1970  0.000040
epoch:502 0.6854  0.9372  0.6988  0.3532  0.4687  0.7298  0.6603  0.7246  0.7246  0.4536  0.5341  0.7521  0.1954  0.000040
epoch:503 0.6832  0.9363  0.7022  0.3527  0.4432  0.7349  0.6600  0.7225  0.7225  0.4583  0.5214  0.7547  0.1964  0.000040
epoch:504 0.6851  0.9356  0.7148  0.3696  0.4528  0.7331  0.6606  0.7231  0.7231  0.4952  0.5214  0.7529  0.1969  0.000040
epoch:505 0.6841  0.9376  0.7204  0.3607  0.4686  0.7232  0.6605  0.7224  0.7224  0.4488  0.5361  0.7412  0.1960  0.000040
epoch:506 0.6847  0.9374  0.7047  0.3675  0.4433  0.7336  0.6615  0.7234  0.7234  0.4952  0.5171  0.7557  0.1957  0.000040
epoch:507 0.6818  0.9370  0.6868  0.3786  0.4566  0.7096  0.6556  0.7190  0.7190  0.4667  0.5195  0.7322  0.1960  0.000040
epoch:508 0.6895  0.9372  0.7178  0.3588  0.4768  0.7309  0.6629  0.7248  0.7248  0.4440  0.5361  0.7536  0.1955  0.000040
epoch:509 0.6788  0.9369  0.7173  0.3638  0.4492  0.7295  0.6565  0.7190  0.7190  0.4667  0.5190  0.7516  0.1950  0.000040
epoch:510 0.6820  0.9361  0.7208  0.3584  0.4636  0.7259  0.6598  0.7229  0.7229  0.4619  0.5321  0.7505  0.1972  0.000040
epoch:511 0.6888  0.9362  0.7065  0.3742  0.4639  0.7373  0.6630  0.7252  0.7252  0.5000  0.5274  0.7568  0.1948  0.000040
epoch:512 0.6820  0.9379  0.7036  0.3811  0.4515  0.7152  0.6553  0.7172  0.7172  0.4571  0.5190  0.7356  0.1951  0.000040
epoch:513 0.6828  0.9368  0.6876  0.3684  0.4370  0.7276  0.6562  0.7190  0.7190  0.4714  0.5123  0.7484  0.1963  0.000040
epoch:514 0.6843  0.9365  0.7092  0.3605  0.4466  0.7277  0.6602  0.7224  0.7224  0.4952  0.5195  0.7489  0.1948  0.000040
epoch:515 0.6870  0.9362  0.7185  0.3613  0.4723  0.7276  0.6595  0.7226  0.7226  0.4619  0.5353  0.7491  0.1964  0.000040
epoch:516 0.6826  0.9381  0.6995  0.3605  0.4452  0.7271  0.6570  0.7195  0.7195  0.4619  0.5186  0.7438  0.1927  0.000040
epoch:517 0.6832  0.9365  0.6972  0.3370  0.4505  0.7291  0.6600  0.7219  0.7219  0.4488  0.5234  0.7505  0.1939  0.000040
epoch:518 0.6868  0.9365  0.7167  0.3671  0.4713  0.7340  0.6591  0.7207  0.7207  0.4536  0.5274  0.7526  0.1958  0.000040
epoch:519 0.6877  0.9380  0.7124  0.3702  0.4618  0.7358  0.6626  0.7251  0.7251  0.4571  0.5321  0.7552  0.1960  0.000040
epoch:520 0.6841  0.9381  0.7035  0.3494  0.4462  0.7302  0.6597  0.7228  0.7228  0.4488  0.5254  0.7515  0.1952  0.000040
epoch:521 0.6879  0.9366  0.7165  0.3519  0.4680  0.7350  0.6605  0.7227  0.7227  0.4583  0.5278  0.7544  0.1953  0.000040
epoch:522 0.6864  0.9386  0.7193  0.3609  0.4530  0.7344  0.6615  0.7243  0.7243  0.4631  0.5317  0.7552  0.1963  0.000040
epoch:523 0.6848  0.9364  0.7014  0.3553  0.4541  0.7287  0.6601  0.7235  0.7235  0.4583  0.5230  0.7534  0.1953  0.000040
epoch:524 0.6852  0.9370  0.7159  0.3500  0.4492  0.7397  0.6632  0.7254  0.7254  0.4536  0.5195  0.7613  0.1938  0.000040
epoch:525 0.6846  0.9371  0.7240  0.3583  0.4685  0.7293  0.6599  0.7212  0.7212  0.4488  0.5333  0.7502  0.1955  0.000040
epoch:526 0.6879  0.9369  0.7102  0.3747  0.4804  0.7368  0.6602  0.7224  0.7224  0.4571  0.5349  0.7550  0.1941  0.000040
epoch:527 0.6868  0.9366  0.7130  0.3584  0.4646  0.7385  0.6638  0.7260  0.7260  0.4619  0.5298  0.7581  0.1940  0.000040
epoch:528 0.6829  0.9373  0.6926  0.3640  0.4565  0.7292  0.6582  0.7213  0.7213  0.4452  0.5234  0.7481  0.1958  0.000040
epoch:529 0.6911  0.9372  0.7125  0.3587  0.4580  0.7359  0.6637  0.7260  0.7260  0.4619  0.5262  0.7526  0.1953  0.000040
epoch:530 0.6790  0.9358  0.7166  0.4309  0.4737  0.7216  0.6544  0.7157  0.7157  0.4488  0.5298  0.7418  0.1947  0.000040
epoch:531 0.6867  0.9366  0.7260  0.3477  0.4573  0.7374  0.6622  0.7241  0.7241  0.4488  0.5298  0.7571  0.1924  0.000040
epoch:532 0.6855  0.9368  0.7122  0.3634  0.4589  0.7228  0.6592  0.7220  0.7220  0.4619  0.5274  0.7462  0.1947  0.000040
epoch:533 0.6910  0.9371  0.7418  0.3358  0.4795  0.7399  0.6652  0.7268  0.7268  0.4440  0.5405  0.7597  0.1931  0.000040
epoch:534 0.6911  0.9365  0.7194  0.3667  0.4696  0.7380  0.6644  0.7266  0.7266  0.4905  0.5321  0.7563  0.1947  0.000040
epoch:535 0.6867  0.9371  0.7253  0.3625  0.4682  0.7381  0.6633  0.7255  0.7255  0.4488  0.5381  0.7579  0.1945  0.000040
epoch:536 0.6866  0.9375  0.7120  0.3556  0.4514  0.7371  0.6610  0.7235  0.7235  0.4571  0.5254  0.7555  0.1941  0.000040
epoch:537 0.6849  0.9367  0.6951  0.3565  0.4545  0.7195  0.6569  0.7197  0.7197  0.4536  0.5234  0.7393  0.1943  0.000040
epoch:538 0.6728  0.9374  0.6879  0.3486  0.4522  0.7095  0.6511  0.7133  0.7133  0.4536  0.5171  0.7347  0.1924  0.000040
epoch:539 0.6836  0.9368  0.7171  0.4023  0.4805  0.7272  0.6565  0.7196  0.7196  0.4667  0.5356  0.7490  0.1950  0.000040
epoch:540 0.6812  0.9369  0.7121  0.3943  0.4762  0.7113  0.6531  0.7162  0.7162  0.4583  0.5377  0.7325  0.1949  0.000040
epoch:541 0.6888  0.9372  0.7313  0.3607  0.4782  0.7360  0.6631  0.7253  0.7253  0.4536  0.5424  0.7544  0.1922  0.000040
epoch:542 0.6828  0.9362  0.7089  0.3493  0.4553  0.7339  0.6590  0.7207  0.7207  0.4476  0.5190  0.7534  0.1940  0.000040
epoch:543 0.6929  0.9370  0.7244  0.4018  0.4790  0.7357  0.6638  0.7266  0.7266  0.5048  0.5381  0.7547  0.1930  0.000040
epoch:544 0.6872  0.9371  0.7068  0.3656  0.4636  0.7347  0.6605  0.7236  0.7236  0.4667  0.5293  0.7550  0.1933  0.000040
epoch:545 0.6850  0.9374  0.7029  0.3851  0.4449  0.7275  0.6593  0.7228  0.7228  0.4905  0.5214  0.7489  0.1927  0.000040
epoch:546 0.6806  0.9363  0.7097  0.4190  0.4719  0.7210  0.6536  0.7198  0.7198  0.5000  0.5298  0.7447  0.1935  0.000040
epoch:547 0.6829  0.9371  0.7024  0.3608  0.4505  0.7348  0.6605  0.7230  0.7230  0.4619  0.5234  0.7544  0.1939  0.000040
epoch:548 0.6769  0.9371  0.6960  0.3638  0.4425  0.7296  0.6547  0.7166  0.7166  0.4667  0.5123  0.7518  0.1937  0.000040
epoch:549 0.6840  0.9371  0.7122  0.3462  0.4537  0.7373  0.6633  0.7249  0.7249  0.4524  0.5274  0.7589  0.1939  0.000040
epoch:550 0.6947  0.9371  0.7372  0.3894  0.4842  0.7375  0.6670  0.7289  0.7289  0.4905  0.5448  0.7566  0.1918  0.000040
epoch:551 0.6861  0.9364  0.7219  0.3535  0.4576  0.7397  0.6629  0.7254  0.7254  0.4583  0.5298  0.7584  0.1921  0.000040
epoch:552 0.6772  0.9374  0.7011  0.3528  0.4474  0.7139  0.6536  0.7167  0.7167  0.4583  0.5171  0.7399  0.1936  0.000040
epoch:553 0.6883  0.9374  0.7114  0.3458  0.4509  0.7274  0.6632  0.7248  0.7248  0.4536  0.5218  0.7507  0.1935  0.000040
epoch:554 0.6892  0.9386  0.7155  0.3615  0.4547  0.7345  0.6615  0.7243  0.7243  0.4619  0.5297  0.7534  0.1927  0.000040
epoch:555 0.6849  0.9368  0.7193  0.3655  0.4540  0.7365  0.6601  0.7223  0.7223  0.4452  0.5254  0.7565  0.1934  0.000040
epoch:556 0.6898  0.9375  0.7277  0.3804  0.4747  0.7353  0.6636  0.7258  0.7258  0.4667  0.5385  0.7550  0.1942  0.000040
epoch:557 0.6869  0.9375  0.7092  0.3681  0.4565  0.7234  0.6604  0.7235  0.7235  0.4667  0.5234  0.7465  0.1926  0.000040
epoch:558 0.6810  0.9372  0.7096  0.3854  0.4560  0.7182  0.6568  0.7193  0.7193  0.5083  0.5238  0.7420  0.1914  0.000040
epoch:559 0.6751  0.9364  0.6969  0.3643  0.4661  0.7271  0.6555  0.7174  0.7174  0.4440  0.5293  0.7497  0.1934  0.000040
epoch:560 0.6814  0.9368  0.7224  0.4465  0.4820  0.7255  0.6580  0.7211  0.7211  0.4619  0.5400  0.7500  0.1922  0.000040
epoch:561 0.6857  0.9376  0.7002  0.3699  0.4547  0.7208  0.6570  0.7202  0.7202  0.4536  0.5214  0.7401  0.1929  0.000040
epoch:562 0.6890  0.9374  0.6879  0.3634  0.4606  0.7302  0.6603  0.7234  0.7234  0.4619  0.5234  0.7507  0.1915  0.000040
epoch:563 0.6864  0.9374  0.7052  0.3592  0.4447  0.7365  0.6619  0.7238  0.7238  0.4869  0.5218  0.7555  0.1927  0.000040
epoch:564 0.6853  0.9365  0.7082  0.3423  0.4498  0.7359  0.6604  0.7223  0.7223  0.4488  0.5218  0.7550  0.1918  0.000040
epoch:565 0.6850  0.9375  0.7077  0.3681  0.4577  0.7209  0.6609  0.7231  0.7231  0.4667  0.5278  0.7420  0.1910  0.000040
epoch:566 0.6898  0.9371  0.7210  0.3594  0.4737  0.7383  0.6628  0.7265  0.7265  0.4619  0.5401  0.7573  0.1918  0.000040
epoch:567 0.6857  0.9379  0.7181  0.3668  0.4536  0.7394  0.6627  0.7246  0.7246  0.4452  0.5254  0.7608  0.1923  0.000040
epoch:568 0.6834  0.9375  0.7033  0.3585  0.4478  0.7376  0.6603  0.7219  0.7219  0.4452  0.5175  0.7571  0.1912  0.000040
epoch:569 0.6903  0.9369  0.7212  0.3584  0.4511  0.7395  0.6637  0.7262  0.7262  0.4619  0.5258  0.7581  0.1913  0.000040
epoch:570 0.6925  0.9383  0.7164  0.3704  0.4680  0.7395  0.6651  0.7276  0.7276  0.4536  0.5341  0.7608  0.1946  0.000040
epoch:571 0.6845  0.9363  0.6886  0.3726  0.4456  0.7265  0.6580  0.7199  0.7199  0.4488  0.5195  0.7484  0.1924  0.000040
epoch:572 0.6849  0.9383  0.7015  0.3663  0.4509  0.7249  0.6592  0.7220  0.7220  0.4488  0.5195  0.7478  0.1934  0.000040
epoch:573 0.6799  0.9371  0.7199  0.3440  0.4511  0.7277  0.6575  0.7197  0.7197  0.4536  0.5258  0.7521  0.1932  0.000040
epoch:574 0.6863  0.9380  0.7033  0.3800  0.4421  0.7338  0.6606  0.7234  0.7234  0.4619  0.5218  0.7539  0.1931  0.000040
epoch:575 0.6836  0.9383  0.7124  0.3476  0.4519  0.7172  0.6588  0.7219  0.7219  0.4393  0.5258  0.7420  0.1957  0.000040
epoch:576 0.6858  0.9371  0.7138  0.3545  0.4592  0.7354  0.6609  0.7232  0.7232  0.4536  0.5298  0.7547  0.1918  0.000040
epoch:577 0.6840  0.9364  0.7088  0.3514  0.4531  0.7385  0.6603  0.7231  0.7231  0.4488  0.5210  0.7581  0.1915  0.000040
epoch:578 0.6870  0.9372  0.7077  0.3578  0.4491  0.7346  0.6608  0.7236  0.7236  0.4583  0.5258  0.7544  0.1911  0.000040
epoch:579 0.6817  0.9375  0.6958  0.3487  0.4514  0.7344  0.6605  0.7224  0.7224  0.4488  0.5214  0.7526  0.1919  0.000040
epoch:580 0.6836  0.9375  0.6959  0.3941  0.4439  0.7352  0.6593  0.7216  0.7216  0.4905  0.5171  0.7542  0.1915  0.000040
epoch:581 0.6838  0.9367  0.7020  0.3668  0.4604  0.7176  0.6593  0.7221  0.7221  0.4619  0.5321  0.7383  0.1921  0.000040
epoch:582 0.6786  0.9371  0.7103  0.3440  0.4393  0.7330  0.6566  0.7182  0.7182  0.4536  0.5147  0.7521  0.1908  0.000040
epoch:583 0.6870  0.9371  0.7277  0.3535  0.4572  0.7352  0.6598  0.7232  0.7232  0.4583  0.5270  0.7571  0.1916  0.000040
epoch:584 0.6871  0.9366  0.7067  0.3525  0.4562  0.7216  0.6592  0.7228  0.7228  0.4500  0.5277  0.7459  0.1908  0.000040
epoch:585 0.6804  0.9375  0.7006  0.3581  0.4426  0.7314  0.6561  0.7189  0.7189  0.4631  0.5167  0.7483  0.1908  0.000040
epoch:586 0.6851  0.9368  0.7137  0.3455  0.4700  0.7357  0.6611  0.7239  0.7239  0.4488  0.5380  0.7539  0.1908  0.000040
epoch:587 0.6843  0.9368  0.7024  0.3553  0.4517  0.7299  0.6610  0.7235  0.7235  0.4583  0.5238  0.7518  0.1918  0.000040
epoch:588 0.6809  0.9367  0.7206  0.3662  0.4713  0.7286  0.6593  0.7209  0.7209  0.4571  0.5361  0.7516  0.1915  0.000040
epoch:589 0.6783  0.9361  0.7100  0.3495  0.4724  0.7309  0.6591  0.7216  0.7216  0.4571  0.5377  0.7534  0.1903  0.000040
epoch:590 0.6881  0.9368  0.7299  0.3648  0.4846  0.7352  0.6623  0.7248  0.7248  0.4536  0.5424  0.7541  0.1904  0.000040
epoch:591 0.6842  0.9387  0.6898  0.3642  0.4526  0.7309  0.6587  0.7228  0.7228  0.4488  0.5273  0.7510  0.1887  0.000040
epoch:592 0.6862  0.9378  0.7009  0.3820  0.4558  0.7333  0.6603  0.7225  0.7225  0.4619  0.5214  0.7547  0.1914  0.000040
epoch:593 0.6888  0.9378  0.7021  0.3797  0.4595  0.7360  0.6601  0.7239  0.7239  0.4571  0.5313  0.7547  0.1900  0.000040
epoch:594 0.6889  0.9374  0.7230  0.3701  0.4676  0.7403  0.6635  0.7263  0.7263  0.4488  0.5356  0.7594  0.1926  0.000040
epoch:595 0.6863  0.9374  0.7047  0.3806  0.4482  0.7358  0.6617  0.7242  0.7242  0.4619  0.5234  0.7568  0.1924  0.000040
epoch:596 0.6825  0.9374  0.6976  0.3508  0.4474  0.7243  0.6590  0.7218  0.7218  0.4488  0.5190  0.7491  0.1910  0.000040
epoch:597 0.6864  0.9374  0.7067  0.3555  0.4536  0.7319  0.6610  0.7235  0.7235  0.4536  0.5238  0.7523  0.1885  0.000040
epoch:598 0.6815  0.9378  0.6933  0.3554  0.4528  0.7289  0.6595  0.7229  0.7229  0.4500  0.5258  0.7518  0.1913  0.000040
epoch:599 0.6836  0.9368  0.6961  0.3440  0.4545  0.7370  0.6596  0.7218  0.7218  0.4440  0.5210  0.7563  0.1912  0.000040
epoch:600 0.6908  0.9361  0.7298  0.3638  0.4827  0.7383  0.6651  0.7282  0.7282  0.4667  0.5444  0.7571  0.1891  0.000040
epoch:601 0.6837  0.9375  0.6990  0.3844  0.4598  0.7203  0.6597  0.7219  0.7219  0.4786  0.5293  0.7423  0.1888  0.000040
epoch:602 0.6867  0.9374  0.7098  0.3538  0.4484  0.7315  0.6595  0.7220  0.7220  0.4821  0.5190  0.7518  0.1904  0.000040
epoch:603 0.6889  0.9370  0.7104  0.3785  0.4509  0.7298  0.6614  0.7236  0.7236  0.4952  0.5195  0.7512  0.1887  0.000040
epoch:604 0.6781  0.9384  0.6932  0.3864  0.4504  0.7106  0.6544  0.7181  0.7181  0.4917  0.5167  0.7343  0.1903  0.000040
epoch:605 0.6857  0.9360  0.7095  0.3581  0.4551  0.7384  0.6612  0.7246  0.7246  0.4631  0.5234  0.7576  0.1885  0.000040
epoch:606 0.6826  0.9381  0.7067  0.3525  0.4761  0.7170  0.6591  0.7213  0.7213  0.4440  0.5401  0.7436  0.1908  0.000040
epoch:607 0.6809  0.9379  0.6935  0.3686  0.4471  0.7211  0.6569  0.7188  0.7188  0.4488  0.5167  0.7446  0.1890  0.000040
epoch:608 0.6880  0.9373  0.7132  0.3626  0.4523  0.7332  0.6586  0.7221  0.7221  0.4583  0.5195  0.7544  0.1934  0.000040
epoch:609 0.6819  0.9374  0.6967  0.3579  0.4420  0.7124  0.6536  0.7173  0.7173  0.4548  0.5186  0.7346  0.1903  0.000040
epoch:610 0.6835  0.9378  0.6969  0.3668  0.4519  0.7316  0.6595  0.7217  0.7217  0.4536  0.5190  0.7531  0.1897  0.000040
epoch:611 0.6860  0.9371  0.7042  0.3632  0.4473  0.7376  0.6614  0.7248  0.7248  0.4583  0.5214  0.7584  0.1897  0.000040
epoch:612 0.6857  0.9364  0.7059  0.3584  0.4505  0.7376  0.6629  0.7251  0.7251  0.4619  0.5218  0.7571  0.1882  0.000040
epoch:613 0.6806  0.9374  0.6990  0.3617  0.4462  0.7313  0.6569  0.7206  0.7206  0.4583  0.5254  0.7520  0.1911  0.000040
epoch:614 0.6858  0.9365  0.7244  0.3474  0.4624  0.7367  0.6628  0.7250  0.7250  0.4488  0.5341  0.7563  0.1906  0.000040
epoch:615 0.6846  0.9381  0.6935  0.3789  0.4598  0.7286  0.6579  0.7207  0.7207  0.4571  0.5254  0.7462  0.1886  0.000040
epoch:616 0.6881  0.9362  0.7192  0.3728  0.4932  0.7396  0.6614  0.7270  0.7270  0.4571  0.5487  0.7581  0.1903  0.000040
epoch:617 0.6863  0.9375  0.7043  0.3948  0.4541  0.7359  0.6628  0.7247  0.7247  0.4905  0.5234  0.7557  0.1879  0.000040
epoch:618 0.6789  0.9377  0.7152  0.3928  0.4953  0.7056  0.6554  0.7185  0.7185  0.4536  0.5487  0.7317  0.1907  0.000040
epoch:619 0.6854  0.9370  0.7073  0.3743  0.4648  0.7194  0.6601  0.7229  0.7229  0.4917  0.5341  0.7388  0.1898  0.000040
epoch:620 0.6882  0.9375  0.7085  0.3643  0.4650  0.7240  0.6633  0.7261  0.7261  0.4869  0.5361  0.7473  0.1893  0.000040
epoch:621 0.6911  0.9371  0.7258  0.3614  0.4893  0.7245  0.6599  0.7233  0.7233  0.4583  0.5424  0.7425  0.1876  0.000040
epoch:622 0.6729  0.9365  0.7165  0.3453  0.4537  0.7210  0.6541  0.7163  0.7163  0.4488  0.5250  0.7450  0.1910  0.000040
epoch:623 0.6806  0.9378  0.6950  0.3673  0.4527  0.7265  0.6564  0.7192  0.7192  0.4536  0.5210  0.7446  0.1882  0.000040
epoch:624 0.6860  0.9369  0.7160  0.3764  0.4748  0.7267  0.6600  0.7231  0.7231  0.4583  0.5440  0.7481  0.1882  0.000040
epoch:625 0.6785  0.9366  0.7084  0.3986  0.4877  0.7250  0.6573  0.7207  0.7207  0.5000  0.5436  0.7479  0.1893  0.000040
epoch:626 0.6856  0.9372  0.7139  0.3703  0.4530  0.7381  0.6614  0.7242  0.7242  0.4536  0.5234  0.7571  0.1884  0.000040
epoch:627 0.6872  0.9367  0.7078  0.3562  0.4552  0.7384  0.6623  0.7251  0.7251  0.4536  0.5234  0.7589  0.1898  0.000040
epoch:628 0.6822  0.9374  0.7111  0.3464  0.4499  0.7350  0.6592  0.7205  0.7205  0.4524  0.5190  0.7534  0.1885  0.000040
epoch:629 0.6846  0.9371  0.7041  0.3463  0.4742  0.7354  0.6592  0.7220  0.7220  0.4488  0.5273  0.7539  0.1912  0.000040
epoch:630 0.6879  0.9367  0.7191  0.3727  0.4859  0.7362  0.6639  0.7270  0.7270  0.4917  0.5420  0.7573  0.1875  0.000040
epoch:631 0.6858  0.9367  0.7015  0.3384  0.4491  0.7359  0.6592  0.7214  0.7214  0.4405  0.5174  0.7552  0.1886  0.000040
epoch:632 0.6814  0.9374  0.6941  0.3493  0.4452  0.7309  0.6585  0.7207  0.7207  0.4452  0.5186  0.7529  0.1890  0.000040
epoch:633 0.6844  0.9378  0.7020  0.3734  0.4630  0.7337  0.6601  0.7232  0.7232  0.4583  0.5333  0.7550  0.1899  0.000040
epoch:634 0.6847  0.9371  0.7096  0.3648  0.4559  0.7381  0.6616  0.7244  0.7244  0.4536  0.5234  0.7584  0.1905  0.000040
epoch:635 0.6808  0.9378  0.7168  0.3675  0.4533  0.7349  0.6581  0.7206  0.7206  0.4452  0.5289  0.7542  0.1897  0.000040
epoch:636 0.6851  0.9367  0.7049  0.3731  0.4536  0.7353  0.6600  0.7225  0.7225  0.4536  0.5210  0.7526  0.1892  0.000040
epoch:637 0.6844  0.9374  0.7076  0.3531  0.4536  0.7342  0.6605  0.7230  0.7230  0.4500  0.5258  0.7552  0.1883  0.000040
epoch:638 0.6844  0.9355  0.7094  0.3589  0.4664  0.7283  0.6626  0.7254  0.7254  0.4786  0.5337  0.7534  0.1872  0.000040
epoch:639 0.6841  0.9374  0.7106  0.3690  0.4560  0.7254  0.6586  0.7214  0.7214  0.4869  0.5254  0.7465  0.1882  0.000040
epoch:640 0.6872  0.9379  0.7122  0.3671  0.4771  0.7230  0.6626  0.7248  0.7248  0.4488  0.5405  0.7470  0.1883  0.000040
epoch:641 0.6890  0.9378  0.7138  0.3784  0.4756  0.7383  0.6642  0.7270  0.7270  0.4583  0.5401  0.7589  0.1866  0.000040
epoch:642 0.6863  0.9377  0.6960  0.3857  0.4502  0.7339  0.6611  0.7242  0.7242  0.4619  0.5210  0.7539  0.1880  0.000040
epoch:643 0.6881  0.9374  0.7181  0.3973  0.4668  0.7369  0.6636  0.7270  0.7270  0.5000  0.5361  0.7555  0.1883  0.000040
epoch:644 0.6848  0.9378  0.7112  0.3836  0.4607  0.7285  0.6604  0.7226  0.7226  0.4869  0.5218  0.7454  0.1888  0.000040
epoch:645 0.6847  0.9370  0.7135  0.3597  0.4518  0.7380  0.6618  0.7243  0.7243  0.4583  0.5234  0.7576  0.1865  0.000040
epoch:646 0.6866  0.9371  0.7167  0.3703  0.4573  0.7377  0.6612  0.7246  0.7246  0.4917  0.5234  0.7563  0.1875  0.000040
epoch:647 0.6830  0.9379  0.7006  0.3449  0.4535  0.7216  0.6606  0.7225  0.7225  0.4488  0.5218  0.7470  0.1870  0.000040
epoch:648 0.6844  0.9379  0.7065  0.3883  0.4613  0.7347  0.6594  0.7228  0.7228  0.4869  0.5293  0.7550  0.1870  0.000040
epoch:649 0.6888  0.9375  0.7114  0.3863  0.4612  0.7372  0.6636  0.7267  0.7267  0.5000  0.5317  0.7573  0.1888  0.000040
epoch:650 0.6763  0.9359  0.7197  0.4483  0.4790  0.7179  0.6530  0.7185  0.7185  0.4583  0.5361  0.7463  0.1873  0.000040
epoch:651 0.6871  0.9364  0.7141  0.4680  0.4851  0.7336  0.6638  0.7272  0.7272  0.5000  0.5444  0.7534  0.1875  0.000040
epoch:652 0.6838  0.9378  0.7127  0.3784  0.4483  0.7337  0.6596  0.7221  0.7221  0.4583  0.5171  0.7563  0.1874  0.000040
epoch:653 0.6729  0.9368  0.7072  0.3669  0.4555  0.7243  0.6503  0.7134  0.7134  0.4536  0.5230  0.7461  0.1878  0.000040
epoch:654 0.6853  0.9378  0.7029  0.3950  0.4508  0.7343  0.6600  0.7231  0.7231  0.4917  0.5190  0.7557  0.1883  0.000040
epoch:655 0.6842  0.9374  0.7095  0.3563  0.4552  0.7315  0.6620  0.7251  0.7251  0.4786  0.5317  0.7534  0.1875  0.000040
epoch:656 0.6881  0.9379  0.7031  0.4015  0.4490  0.7387  0.6637  0.7271  0.7271  0.5000  0.5258  0.7573  0.1848  0.000040
epoch:657 0.6825  0.9371  0.6997  0.3820  0.4527  0.7178  0.6588  0.7219  0.7219  0.4619  0.5214  0.7446  0.1881  0.000040
epoch:658 0.6811  0.9374  0.7017  0.3493  0.4486  0.7154  0.6566  0.7191  0.7191  0.4452  0.5190  0.7409  0.1879  0.000040
epoch:659 0.6841  0.9379  0.6941  0.3836  0.4469  0.7304  0.6603  0.7228  0.7228  0.4821  0.5190  0.7526  0.1865  0.000040
epoch:660 0.6899  0.9378  0.7100  0.4077  0.4515  0.7398  0.6652  0.7286  0.7286  0.5000  0.5317  0.7603  0.1876  0.000040
epoch:661 0.6788  0.9383  0.7079  0.3682  0.4537  0.7287  0.6549  0.7177  0.7177  0.4488  0.5234  0.7492  0.1869  0.000040
epoch:662 0.6866  0.9364  0.7255  0.3983  0.4799  0.7140  0.6558  0.7192  0.7192  0.4583  0.5404  0.7376  0.1886  0.000040
epoch:663 0.6814  0.9372  0.7248  0.3931  0.4885  0.7277  0.6588  0.7219  0.7219  0.4917  0.5420  0.7513  0.1874  0.000040
epoch:664 0.6880  0.9366  0.7129  0.3553  0.4813  0.7350  0.6624  0.7258  0.7258  0.4583  0.5444  0.7550  0.1873  0.000040
epoch:665 0.6872  0.9375  0.7155  0.3643  0.4631  0.7390  0.6634  0.7259  0.7259  0.4821  0.5258  0.7581  0.1878  0.000040
epoch:666 0.6843  0.9365  0.6997  0.3614  0.4574  0.7320  0.6610  0.7238  0.7238  0.4869  0.5277  0.7499  0.1896  0.000040
epoch:667 0.6896  0.9378  0.7191  0.3755  0.4672  0.7373  0.6647  0.7281  0.7281  0.4964  0.5361  0.7581  0.1860  0.000040
epoch:668 0.6828  0.9379  0.7132  0.3721  0.4522  0.7369  0.6582  0.7216  0.7216  0.4500  0.5230  0.7560  0.1875  0.000040
epoch:669 0.6864  0.9374  0.7071  0.3930  0.4612  0.7384  0.6626  0.7257  0.7257  0.4869  0.5254  0.7576  0.1876  0.000040
epoch:670 0.6885  0.9371  0.7173  0.3977  0.4812  0.7355  0.6618  0.7255  0.7255  0.4964  0.5416  0.7544  0.1861  0.000040
epoch:671 0.6869  0.9379  0.6998  0.3960  0.4583  0.7365  0.6606  0.7243  0.7243  0.4869  0.5273  0.7552  0.1862  0.000040
epoch:672 0.6813  0.9367  0.6864  0.3548  0.4494  0.7257  0.6563  0.7191  0.7191  0.4786  0.5210  0.7433  0.1885  0.000040
epoch:673 0.6890  0.9375  0.7174  0.3890  0.4577  0.7419  0.6654  0.7285  0.7285  0.5000  0.5234  0.7618  0.1873  0.000040
epoch:674 0.6833  0.9378  0.7032  0.3641  0.4546  0.7286  0.6588  0.7210  0.7210  0.4488  0.5214  0.7499  0.1867  0.000040
epoch:675 0.6817  0.9374  0.7170  0.3797  0.4619  0.7346  0.6566  0.7191  0.7191  0.4583  0.5190  0.7542  0.1874  0.000040
epoch:676 0.6814  0.9374  0.7043  0.3432  0.4561  0.7338  0.6574  0.7202  0.7202  0.4405  0.5309  0.7534  0.1858  0.000040
epoch:677 0.6768  0.9375  0.7044  0.3803  0.4727  0.7157  0.6541  0.7175  0.7175  0.4583  0.5313  0.7394  0.1874  0.000040
epoch:678 0.6870  0.9379  0.7095  0.4007  0.4548  0.7302  0.6610  0.7235  0.7235  0.4917  0.5234  0.7512  0.1865  0.000040
epoch:679 0.6868  0.9370  0.7096  0.3721  0.4819  0.7355  0.6610  0.7250  0.7250  0.4500  0.5400  0.7547  0.1869  0.000040
epoch:680 0.6838  0.9378  0.7153  0.3901  0.4629  0.7292  0.6614  0.7236  0.7236  0.4821  0.5317  0.7544  0.1862  0.000040
epoch:681 0.6900  0.9375  0.7243  0.3709  0.4757  0.7390  0.6642  0.7270  0.7270  0.4619  0.5396  0.7586  0.1857  0.000040
epoch:682 0.6872  0.9377  0.6995  0.3903  0.4543  0.7339  0.6633  0.7267  0.7267  0.4833  0.5277  0.7552  0.1857  0.000040
epoch:683 0.6879  0.9369  0.7032  0.3950  0.4548  0.7395  0.6630  0.7264  0.7264  0.4917  0.5234  0.7589  0.1865  0.000040
epoch:684 0.6828  0.9375  0.7109  0.3945  0.4800  0.7297  0.6576  0.7207  0.7207  0.4869  0.5361  0.7489  0.1856  0.000040
epoch:685 0.6842  0.9374  0.7144  0.3709  0.4741  0.7361  0.6608  0.7235  0.7235  0.4536  0.5337  0.7550  0.1861  0.000040
epoch:686 0.6865  0.9374  0.7159  0.3932  0.4750  0.7351  0.6622  0.7250  0.7250  0.4917  0.5396  0.7547  0.1852  0.000040
epoch:687 0.6851  0.9375  0.7123  0.3500  0.4698  0.7345  0.6592  0.7232  0.7232  0.4452  0.5317  0.7544  0.1848  0.000040
epoch:688 0.6871  0.9378  0.7058  0.3849  0.4567  0.7358  0.6632  0.7257  0.7257  0.4821  0.5258  0.7571  0.1847  0.000040
epoch:689 0.6853  0.9382  0.6938  0.3717  0.4549  0.7367  0.6605  0.7236  0.7236  0.4536  0.5230  0.7587  0.1845  0.000040
epoch:690 0.6862  0.9374  0.7167  0.3988  0.4545  0.7369  0.6615  0.7249  0.7249  0.4917  0.5254  0.7563  0.1857  0.000040
epoch:691 0.6878  0.9374  0.7029  0.3897  0.4569  0.7376  0.6617  0.7254  0.7254  0.4869  0.5254  0.7571  0.1867  0.000040
epoch:692 0.6720  0.9379  0.7265  0.3628  0.4533  0.7251  0.6476  0.7101  0.7101  0.4821  0.5234  0.7441  0.1844  0.000040
epoch:693 0.6855  0.9374  0.7051  0.3921  0.4557  0.7351  0.6601  0.7238  0.7238  0.4833  0.5273  0.7563  0.1849  0.000040
epoch:694 0.6851  0.9374  0.7136  0.3798  0.4822  0.7320  0.6609  0.7249  0.7249  0.4667  0.5380  0.7542  0.1857  0.000040
epoch:695 0.6848  0.9375  0.7067  0.3476  0.4542  0.7342  0.6614  0.7239  0.7239  0.4488  0.5210  0.7520  0.1860  0.000040
epoch:696 0.6854  0.9378  0.7121  0.3669  0.4586  0.7369  0.6613  0.7247  0.7247  0.4536  0.5301  0.7555  0.1856  0.000040
epoch:697 0.6842  0.9375  0.7086  0.3669  0.4516  0.7378  0.6611  0.7239  0.7239  0.4536  0.5234  0.7565  0.1834  0.000040
epoch:698 0.6772  0.9379  0.6919  0.3836  0.4461  0.7194  0.6558  0.7186  0.7186  0.4869  0.5186  0.7415  0.1864  0.000040
epoch:699 0.6779  0.9374  0.7059  0.3977  0.4520  0.7303  0.6566  0.7209  0.7209  0.4964  0.5230  0.7529  0.1843  0.000040
epoch:700 0.6835  0.9374  0.7036  0.3617  0.4505  0.7340  0.6613  0.7244  0.7244  0.4833  0.5234  0.7571  0.1836  0.000040
epoch:701 0.6901  0.9378  0.7181  0.4028  0.4625  0.7372  0.6646  0.7289  0.7289  0.5012  0.5361  0.7584  0.1849  0.000040
epoch:702 0.6853  0.9388  0.7057  0.3812  0.4601  0.7339  0.6615  0.7246  0.7246  0.4786  0.5317  0.7547  0.1837  0.000040
epoch:703 0.6770  0.9369  0.7007  0.3724  0.4745  0.7193  0.6562  0.7190  0.7190  0.4571  0.5337  0.7442  0.1852  0.000040
epoch:704 0.6842  0.9378  0.7081  0.3739  0.4544  0.7354  0.6593  0.7224  0.7224  0.4500  0.5210  0.7576  0.1851  0.000040
epoch:705 0.6827  0.9378  0.7163  0.3992  0.4588  0.7302  0.6576  0.7207  0.7207  0.4964  0.5234  0.7521  0.1853  0.000040
epoch:706 0.6885  0.9379  0.7010  0.3795  0.4672  0.7365  0.6629  0.7262  0.7262  0.4536  0.5361  0.7576  0.1848  0.000040
epoch:707 0.6846  0.9379  0.7124  0.3879  0.4541  0.7362  0.6605  0.7242  0.7242  0.4869  0.5273  0.7549  0.1865  0.000040
epoch:708 0.6849  0.9378  0.7071  0.3937  0.4595  0.7321  0.6596  0.7230  0.7230  0.4952  0.5293  0.7518  0.1861  0.000040
epoch:709 0.6777  0.9375  0.7285  0.3663  0.4746  0.7284  0.6547  0.7187  0.7187  0.4536  0.5352  0.7500  0.1835  0.000040
epoch:710 0.6865  0.9374  0.7301  0.3975  0.4960  0.7293  0.6619  0.7256  0.7256  0.4750  0.5507  0.7511  0.1835  0.000040
epoch:711 0.6851  0.9379  0.7187  0.4089  0.4781  0.7320  0.6607  0.7247  0.7247  0.5000  0.5380  0.7529  0.1837  0.000040
epoch:712 0.6863  0.9379  0.7113  0.3813  0.4658  0.7334  0.6612  0.7243  0.7243  0.4619  0.5254  0.7557  0.1848  0.000040
epoch:713 0.6865  0.9373  0.7150  0.3673  0.4587  0.7401  0.6612  0.7249  0.7249  0.4500  0.5277  0.7581  0.1841  0.000040
epoch:714 0.6811  0.9388  0.7266  0.4564  0.4558  0.7357  0.6577  0.7211  0.7211  0.4869  0.5301  0.7545  0.1823  0.000040
epoch:715 0.6876  0.9367  0.7224  0.3793  0.4908  0.7340  0.6627  0.7258  0.7258  0.4583  0.5468  0.7566  0.1846  0.000040
epoch:716 0.6829  0.9379  0.7017  0.4007  0.4585  0.7302  0.6566  0.7209  0.7209  0.4952  0.5249  0.7529  0.1854  0.000040
epoch:717 0.6870  0.9378  0.7081  0.4102  0.4532  0.7363  0.6625  0.7259  0.7259  0.5048  0.5254  0.7557  0.1836  0.000040
epoch:718 0.6897  0.9378  0.7128  0.4117  0.4642  0.7358  0.6639  0.7273  0.7273  0.5048  0.5337  0.7573  0.1840  0.000040
epoch:719 0.6868  0.9375  0.7163  0.3612  0.4574  0.7376  0.6621  0.7249  0.7249  0.4869  0.5238  0.7563  0.1850  0.000040
epoch:720 0.6892  0.9378  0.7084  0.3995  0.4589  0.7376  0.6622  0.7256  0.7256  0.4952  0.5254  0.7563  0.1843  0.000040
epoch:721 0.6778  0.9374  0.7211  0.3764  0.4889  0.7251  0.6553  0.7190  0.7190  0.4583  0.5464  0.7477  0.1851  0.000040
epoch:722 0.6731  0.9380  0.7024  0.3836  0.4514  0.7226  0.6539  0.7170  0.7170  0.4774  0.5206  0.7502  0.1838  0.000040
epoch:723 0.6780  0.9379  0.7030  0.3920  0.4566  0.7258  0.6541  0.7182  0.7182  0.4869  0.5230  0.7497  0.1850  0.000040
epoch:724 0.6797  0.9392  0.7099  0.3777  0.4587  0.7306  0.6525  0.7175  0.7175  0.4500  0.5269  0.7502  0.1843  0.000040
epoch:725 0.6865  0.9389  0.7086  0.3745  0.4763  0.7354  0.6615  0.7246  0.7246  0.4536  0.5376  0.7552  0.1832  0.000040
epoch:726 0.6873  0.9379  0.7024  0.4052  0.4568  0.7336  0.6641  0.7275  0.7275  0.4952  0.5277  0.7581  0.1833  0.000040
epoch:727 0.6847  0.9378  0.7084  0.3854  0.4532  0.7360  0.6605  0.7236  0.7236  0.4869  0.5254  0.7544  0.1841  0.000040
epoch:728 0.6812  0.9379  0.7012  0.3851  0.4420  0.7311  0.6605  0.7236  0.7236  0.4821  0.5210  0.7565  0.1852  0.000040
epoch:729 0.6857  0.9383  0.7090  0.4610  0.4750  0.7334  0.6590  0.7237  0.7237  0.4833  0.5380  0.7547  0.1851  0.000040
epoch:730 0.6853  0.9375  0.7045  0.3665  0.4820  0.7269  0.6606  0.7253  0.7253  0.4488  0.5440  0.7518  0.1847  0.000040
epoch:731 0.6826  0.9379  0.7307  0.3739  0.4576  0.7355  0.6594  0.7222  0.7222  0.4500  0.5277  0.7574  0.1850  0.000040
epoch:732 0.6904  0.9374  0.7084  0.3727  0.4630  0.7396  0.6646  0.7277  0.7277  0.4917  0.5301  0.7581  0.1836  0.000040
epoch:733 0.6863  0.9379  0.7084  0.3825  0.4555  0.7341  0.6600  0.7231  0.7231  0.4583  0.5258  0.7528  0.1851  0.000040
epoch:734 0.6892  0.9385  0.7015  0.3643  0.4681  0.7329  0.6637  0.7268  0.7268  0.4821  0.5317  0.7544  0.1830  0.000040
epoch:735 0.6848  0.9378  0.6993  0.3755  0.4550  0.7362  0.6591  0.7226  0.7226  0.4774  0.5210  0.7552  0.1842  0.000040
epoch:736 0.6888  0.9378  0.7085  0.4035  0.4568  0.7359  0.6629  0.7269  0.7269  0.4964  0.5277  0.7571  0.1828  0.000040
epoch:737 0.6868  0.9375  0.7059  0.3736  0.4561  0.7377  0.6626  0.7251  0.7251  0.4536  0.5258  0.7571  0.1838  0.000040
epoch:738 0.6893  0.9383  0.7074  0.4572  0.4573  0.7390  0.6655  0.7280  0.7280  0.4869  0.5277  0.7602  0.1834  0.000040
epoch:739 0.6886  0.9375  0.7156  0.3750  0.4583  0.7358  0.6647  0.7272  0.7272  0.4917  0.5262  0.7576  0.1841  0.000040
epoch:740 0.6900  0.9367  0.7188  0.3782  0.4908  0.7360  0.6628  0.7259  0.7259  0.4583  0.5444  0.7544  0.1822  0.000040
epoch:741 0.6860  0.9374  0.6922  0.3857  0.4595  0.7305  0.6604  0.7244  0.7244  0.4786  0.5297  0.7523  0.1824  0.000040
epoch:742 0.6889  0.9378  0.7051  0.4089  0.4530  0.7345  0.6629  0.7260  0.7260  0.5000  0.5273  0.7552  0.1821  0.000040
epoch:743 0.6874  0.9374  0.6941  0.3727  0.4622  0.7376  0.6623  0.7260  0.7260  0.4917  0.5254  0.7576  0.1827  0.000040
epoch:744 0.6897  0.9378  0.7307  0.3931  0.4762  0.7397  0.6638  0.7275  0.7275  0.4917  0.5297  0.7589  0.1818  0.000040
epoch:745 0.6816  0.9375  0.7133  0.3779  0.4891  0.7292  0.6567  0.7210  0.7210  0.4583  0.5440  0.7508  0.1849  0.000040
epoch:746 0.6872  0.9383  0.7229  0.3828  0.4652  0.7299  0.6606  0.7228  0.7228  0.4619  0.5234  0.7510  0.1837  0.000040
epoch:747 0.6871  0.9374  0.7003  0.3935  0.4589  0.7372  0.6601  0.7251  0.7251  0.4917  0.5273  0.7560  0.1820  0.000040
epoch:748 0.6840  0.9379  0.7175  0.4023  0.4675  0.7296  0.6576  0.7213  0.7213  0.5000  0.5337  0.7494  0.1840  0.000040
epoch:749 0.6866  0.9383  0.7032  0.3797  0.4707  0.7280  0.6603  0.7231  0.7231  0.4774  0.5317  0.7494  0.1829  0.000040
epoch:750 0.6869  0.9378  0.7084  0.3940  0.4596  0.7360  0.6604  0.7244  0.7244  0.4917  0.5273  0.7555  0.1825  0.000040
epoch:751 0.6914  0.9378  0.7268  0.3931  0.4701  0.7389  0.6654  0.7288  0.7288  0.4917  0.5384  0.7576  0.1818  0.000040
epoch:752 0.6824  0.9395  0.7089  0.3925  0.4510  0.7321  0.6584  0.7231  0.7231  0.4869  0.5337  0.7545  0.1822  0.000040
epoch:753 0.6888  0.9374  0.7187  0.3669  0.4923  0.7344  0.6624  0.7261  0.7261  0.4536  0.5464  0.7542  0.1845  0.000040
epoch:754 0.6791  0.9375  0.7226  0.3836  0.4718  0.7293  0.6590  0.7221  0.7221  0.4869  0.5361  0.7523  0.1828  0.000040
epoch:755 0.6824  0.9382  0.7226  0.3992  0.4616  0.7325  0.6565  0.7196  0.7196  0.4917  0.5214  0.7518  0.1817  0.000040
epoch:756 0.6854  0.9383  0.7005  0.3881  0.4528  0.7225  0.6600  0.7231  0.7231  0.4821  0.5234  0.7470  0.1811  0.000040
epoch:757 0.6815  0.9371  0.7008  0.3918  0.4560  0.7269  0.6556  0.7203  0.7203  0.4869  0.5249  0.7484  0.1812  0.000040
epoch:758 0.6893  0.9378  0.7192  0.3825  0.4673  0.7405  0.6631  0.7274  0.7274  0.4631  0.5352  0.7602  0.1813  0.000040
epoch:759 0.6782  0.9372  0.7221  0.3945  0.4726  0.7266  0.6566  0.7206  0.7206  0.4917  0.5333  0.7518  0.1845  0.000040
epoch:760 0.6780  0.9383  0.7141  0.3826  0.4549  0.7237  0.6516  0.7166  0.7166  0.4786  0.5225  0.7457  0.1811  0.000040
epoch:761 0.6860  0.9378  0.7111  0.3739  0.4784  0.7334  0.6592  0.7232  0.7232  0.4500  0.5361  0.7531  0.1808  0.000040
epoch:762 0.6799  0.9383  0.7022  0.4673  0.4559  0.7142  0.6540  0.7171  0.7171  0.4917  0.5273  0.7378  0.1814  0.000040
epoch:763 0.6733  0.9367  0.7178  0.3793  0.4765  0.7196  0.6544  0.7172  0.7172  0.4821  0.5380  0.7461  0.1828  0.000040
epoch:764 0.6912  0.9367  0.7256  0.3806  0.4842  0.7381  0.6627  0.7267  0.7267  0.4583  0.5440  0.7565  0.1830  0.000040
epoch:765 0.6921  0.9382  0.7106  0.4007  0.4717  0.7390  0.6669  0.7306  0.7306  0.4917  0.5404  0.7610  0.1821  0.000040
epoch:766 0.6872  0.9378  0.7114  0.3896  0.4550  0.7364  0.6631  0.7256  0.7256  0.4869  0.5258  0.7571  0.1829  0.000040
epoch:767 0.6837  0.9379  0.7004  0.3961  0.4514  0.7291  0.6573  0.7210  0.7210  0.4869  0.5210  0.7489  0.1833  0.000040
epoch:768 0.6775  0.9368  0.7174  0.3859  0.4710  0.7269  0.6576  0.7204  0.7204  0.4821  0.5337  0.7508  0.1823  0.000040
epoch:769 0.6806  0.9383  0.7081  0.3758  0.4670  0.7242  0.6565  0.7190  0.7190  0.4536  0.5317  0.7476  0.1819  0.000040
epoch:770 0.6894  0.9383  0.7109  0.4089  0.4555  0.7345  0.6615  0.7249  0.7249  0.5000  0.5254  0.7544  0.1820  0.000040
epoch:771 0.6812  0.9384  0.6987  0.3848  0.4628  0.7180  0.6533  0.7170  0.7170  0.4583  0.5214  0.7418  0.1818  0.000040
epoch:772 0.6874  0.9383  0.7030  0.3961  0.4541  0.7319  0.6612  0.7243  0.7243  0.4869  0.5234  0.7526  0.1815  0.000040
epoch:773 0.6833  0.9383  0.6945  0.3948  0.4494  0.7244  0.6597  0.7234  0.7234  0.4869  0.5225  0.7531  0.1814  0.000040
epoch:774 0.6832  0.9379  0.6973  0.3736  0.4805  0.7302  0.6583  0.7233  0.7233  0.4500  0.5356  0.7544  0.1813  0.000040
epoch:775 0.6904  0.9374  0.7191  0.3767  0.4824  0.7356  0.6664  0.7295  0.7295  0.4571  0.5468  0.7581  0.1810  0.000040
epoch:776 0.6835  0.9379  0.7052  0.3855  0.4582  0.7329  0.6585  0.7222  0.7222  0.4833  0.5273  0.7526  0.1826  0.000040
epoch:777 0.6726  0.9380  0.6839  0.3740  0.4549  0.7052  0.6513  0.7155  0.7155  0.4738  0.5249  0.7357  0.1812  0.000040
epoch:778 0.6857  0.9380  0.7130  0.3807  0.4856  0.7314  0.6612  0.7249  0.7249  0.4583  0.5440  0.7539  0.1820  0.000040
epoch:779 0.6893  0.9369  0.7303  0.3810  0.4800  0.7419  0.6622  0.7268  0.7268  0.4631  0.5400  0.7594  0.1825  0.000040
epoch:780 0.6851  0.9378  0.7081  0.3921  0.4765  0.7329  0.6582  0.7227  0.7227  0.4833  0.5380  0.7529  0.1821  0.000040
epoch:781 0.6867  0.9375  0.6988  0.4007  0.4601  0.7206  0.6585  0.7228  0.7228  0.4917  0.5273  0.7462  0.1816  0.000040
epoch:782 0.6899  0.9383  0.7139  0.4117  0.4748  0.7356  0.6609  0.7251  0.7251  0.5048  0.5313  0.7541  0.1834  0.000040
epoch:783 0.6805  0.9380  0.7040  0.3793  0.4587  0.7140  0.6535  0.7171  0.7171  0.4536  0.5230  0.7388  0.1816  0.000040
epoch:784 0.6791  0.9379  0.7125  0.3721  0.4663  0.7265  0.6568  0.7205  0.7205  0.4500  0.5301  0.7510  0.1817  0.000040
epoch:785 0.6862  0.9375  0.7147  0.3844  0.4638  0.7363  0.6621  0.7255  0.7255  0.4786  0.5356  0.7573  0.1805  0.000040
epoch:786 0.6781  0.9379  0.6978  0.3713  0.4685  0.7127  0.6505  0.7155  0.7155  0.4500  0.5297  0.7328  0.1817  0.000040
epoch:787 0.6808  0.9374  0.7367  0.3764  0.4767  0.7267  0.6581  0.7211  0.7211  0.4583  0.5384  0.7500  0.1802  0.000040
epoch:788 0.6867  0.9384  0.7382  0.4089  0.4696  0.7341  0.6608  0.7248  0.7248  0.5000  0.5380  0.7545  0.1824  0.000040
epoch:789 0.6809  0.9383  0.7060  0.3897  0.4671  0.7255  0.6556  0.7206  0.7206  0.4869  0.5333  0.7510  0.1805  0.000040
epoch:790 0.6800  0.9379  0.7084  0.3840  0.4653  0.7277  0.6532  0.7171  0.7171  0.4583  0.5209  0.7479  0.1811  0.000040
epoch:791 0.6863  0.9374  0.7136  0.3593  0.4546  0.7376  0.6628  0.7259  0.7259  0.4738  0.5356  0.7586  0.1795  0.000040
epoch:792 0.6832  0.9383  0.7272  0.3912  0.4689  0.7282  0.6582  0.7237  0.7237  0.4869  0.5361  0.7539  0.1789  0.000040
epoch:793 0.6773  0.9380  0.6711  0.3753  0.4596  0.6941  0.6513  0.7153  0.7153  0.4500  0.5273  0.7153  0.1809  0.000040
epoch:794 0.6847  0.9383  0.7192  0.3960  0.4672  0.7327  0.6597  0.7228  0.7228  0.4869  0.5356  0.7547  0.1806  0.000040
epoch:795 0.6791  0.9383  0.7049  0.3823  0.4637  0.7262  0.6556  0.7196  0.7196  0.4821  0.5313  0.7502  0.1801  0.000040
epoch:796 0.6768  0.9372  0.7042  0.3916  0.4709  0.7274  0.6563  0.7212  0.7212  0.4821  0.5309  0.7545  0.1804  0.000040
epoch:797 0.6870  0.9378  0.7166  0.3960  0.4712  0.7322  0.6617  0.7258  0.7258  0.4869  0.5317  0.7565  0.1803  0.000040
epoch:798 0.6758  0.9364  0.7146  0.3738  0.4591  0.7276  0.6562  0.7193  0.7193  0.4619  0.5254  0.7505  0.1815  0.000040
epoch:799 0.6869  0.9379  0.7081  0.3980  0.4550  0.7364  0.6618  0.7252  0.7252  0.4952  0.5254  0.7555  0.1803  0.000040
epoch:800 0.6870  0.9382  0.6925  0.4015  0.4550  0.7348  0.6616  0.7244  0.7244  0.4917  0.5254  0.7523  0.1797  0.000040
