epoch:0 0.0293  0.1136  0.0064  0.0890  0.0794  0.0329  0.0422  0.0867  0.1159  0.0905  0.1353  0.1129  2.3698  0.004000
epoch:1 0.2709  0.4954  0.2731  0.2109  0.2659  0.2334  0.2990  0.3861  0.3971  0.2202  0.3600  0.3974  1.5046  0.004000
epoch:2 0.3486  0.6025  0.3455  0.3228  0.3824  0.2946  0.3906  0.4924  0.4966  0.3429  0.4793  0.4579  1.0984  0.004000
epoch:3 0.3675  0.6947  0.3253  0.3401  0.4030  0.3154  0.4388  0.5358  0.5393  0.3607  0.4936  0.5349  0.8743  0.004000
epoch:4 0.4602  0.7715  0.4220  0.2947  0.4710  0.4308  0.5010  0.5904  0.5904  0.3310  0.5581  0.5858  0.7560  0.004000
epoch:5 0.5352  0.9086  0.4533  0.3857  0.4731  0.5438  0.5303  0.6047  0.6047  0.3976  0.5372  0.6264  0.6884  0.004000
epoch:6 0.5450  0.7961  0.5725  0.5043  0.5109  0.5516  0.6289  0.7058  0.7058  0.5131  0.5658  0.7173  0.6063  0.004000
epoch:7 0.6363  0.9279  0.7257  0.4715  0.5310  0.6658  0.6201  0.6960  0.6960  0.4774  0.5755  0.7428  0.5437  0.004000
epoch:8 0.6417  0.9263  0.7325  0.4080  0.5313  0.6657  0.6144  0.6872  0.6872  0.4095  0.5711  0.7301  0.5143  0.004000
epoch:9 0.6751  0.9337  0.7511  0.4255  0.5579  0.7145  0.6513  0.7265  0.7265  0.4286  0.6075  0.7939  0.4653  0.004000
epoch:10 0.6752  0.9327  0.7309  0.4239  0.6148  0.6930  0.6378  0.7120  0.7120  0.4369  0.6425  0.7416  0.4396  0.004000
epoch:11 0.6609  0.9295  0.7399  0.4381  0.5781  0.6813  0.6379  0.7125  0.7125  0.4500  0.6452  0.7294  0.4234  0.004000
epoch:12 0.6160  0.8586  0.6596  0.5157  0.5797  0.6540  0.6581  0.7357  0.7357  0.5238  0.6238  0.7824  0.3973  0.004000
epoch:13 0.6210  0.9443  0.7143  0.5612  0.4991  0.6503  0.6007  0.6706  0.6706  0.5726  0.5480  0.7124  0.3864  0.004000
epoch:14 0.6954  0.9464  0.7876  0.4780  0.5945  0.7146  0.6695  0.7398  0.7398  0.4798  0.6543  0.7698  0.3745  0.004000
epoch:15 0.6835  0.9420  0.7540  0.5555  0.5456  0.7043  0.6638  0.7331  0.7331  0.5643  0.5849  0.7567  0.3654  0.004000
epoch:16 0.6260  0.8576  0.6708  0.5536  0.5672  0.6533  0.6752  0.7495  0.7495  0.5583  0.6090  0.7875  0.3200  0.000400
epoch:17 0.7242  0.9391  0.7830  0.5858  0.5887  0.7506  0.6916  0.7658  0.7658  0.5905  0.6174  0.7992  0.3111  0.000400
epoch:18 0.6278  0.8584  0.6786  0.5447  0.5787  0.6499  0.6723  0.7461  0.7461  0.5536  0.6162  0.7733  0.3053  0.000400
epoch:19 0.7224  0.9403  0.7820  0.5807  0.5551  0.7577  0.6933  0.7658  0.7658  0.5869  0.6036  0.8053  0.2948  0.000400
epoch:20 0.7035  0.9436  0.7633  0.5800  0.5818  0.7406  0.6752  0.7480  0.7480  0.5821  0.6246  0.7881  0.2942  0.000400
epoch:21 0.7089  0.9447  0.7802  0.5533  0.5841  0.7388  0.6777  0.7514  0.7514  0.5583  0.6289  0.7833  0.2994  0.000400
epoch:22 0.6328  0.8599  0.6838  0.5480  0.5923  0.6669  0.6782  0.7513  0.7513  0.5500  0.6396  0.7889  0.2930  0.000040
epoch:23 0.6157  0.8595  0.6887  0.5404  0.5507  0.6492  0.6570  0.7281  0.7281  0.5452  0.6024  0.7720  0.2883  0.000040
epoch:24 0.7045  0.9415  0.7644  0.5533  0.5587  0.7405  0.6751  0.7479  0.7479  0.5583  0.6016  0.7894  0.2925  0.000040
epoch:25 0.6203  0.8602  0.6681  0.5434  0.5627  0.6528  0.6570  0.7305  0.7305  0.5452  0.6107  0.7693  0.2870  0.000040
epoch:26 0.7068  0.9400  0.7622  0.5446  0.5677  0.7434  0.6737  0.7466  0.7466  0.5500  0.6099  0.7892  0.2900  0.000040
epoch:27 0.6302  0.8595  0.6679  0.5520  0.5665  0.6615  0.6762  0.7497  0.7497  0.5536  0.6167  0.7897  0.2899  0.000040
epoch:28 0.6370  0.8541  0.6939  0.4490  0.5777  0.6699  0.6795  0.7531  0.7531  0.4536  0.6274  0.7979  0.2872  0.000040
epoch:29 0.7126  0.9438  0.7903  0.5450  0.5865  0.7488  0.6779  0.7543  0.7543  0.5500  0.6313  0.7929  0.2880  0.000040
epoch:30 0.7086  0.9382  0.7812  0.4526  0.5808  0.7451  0.6762  0.7488  0.7488  0.4548  0.6254  0.7881  0.2869  0.000040
epoch:31 0.7083  0.9414  0.7680  0.5490  0.5649  0.7456  0.6772  0.7501  0.7501  0.5548  0.6167  0.7876  0.2886  0.000040
epoch:32 0.6335  0.8605  0.6858  0.5490  0.5791  0.6684  0.6760  0.7500  0.7500  0.5548  0.6249  0.7855  0.2871  0.000040
epoch:33 0.6348  0.8599  0.6856  0.5814  0.5868  0.6703  0.6800  0.7531  0.7531  0.5833  0.6377  0.7905  0.2910  0.000040
epoch:34 0.6312  0.8593  0.6837  0.5490  0.5754  0.6632  0.6742  0.7471  0.7471  0.5548  0.6230  0.7813  0.2962  0.000040
epoch:35 0.6269  0.8552  0.6742  0.4404  0.5802  0.6497  0.6670  0.7399  0.7399  0.4452  0.6242  0.7736  0.2797  0.000040
epoch:36 0.6382  0.8608  0.6942  0.5814  0.5806  0.6745  0.6819  0.7555  0.7555  0.5833  0.6313  0.7950  0.2936  0.000040
epoch:37 0.6317  0.8603  0.6815  0.5612  0.5744  0.6637  0.6770  0.7499  0.7499  0.5631  0.6274  0.7839  0.2850  0.000040
epoch:38 0.6338  0.8596  0.6714  0.5480  0.5751  0.6637  0.6753  0.7496  0.7496  0.5500  0.6210  0.7809  0.2892  0.000040
epoch:39 0.6330  0.8604  0.6636  0.5480  0.5652  0.6659  0.6756  0.7487  0.7487  0.5500  0.6103  0.7868  0.2921  0.000040
epoch:40 0.6768  0.9441  0.7627  0.5480  0.5604  0.7169  0.6447  0.7179  0.7179  0.5500  0.6083  0.7619  0.2836  0.000040
epoch:41 0.7104  0.9375  0.7576  0.4480  0.5811  0.7441  0.6775  0.7507  0.7507  0.4500  0.6274  0.7931  0.2890  0.000040
epoch:42 0.6264  0.8610  0.6776  0.5853  0.5857  0.6593  0.6641  0.7345  0.7345  0.5869  0.6289  0.7707  0.2856  0.000040
epoch:43 0.6265  0.8600  0.6870  0.5810  0.5815  0.6525  0.6602  0.7327  0.7327  0.5869  0.6293  0.7590  0.2881  0.000040
epoch:44 0.6264  0.8609  0.6761  0.5477  0.5686  0.6563  0.6583  0.7311  0.7311  0.5536  0.6123  0.7664  0.2813  0.000040
epoch:45 0.6275  0.8601  0.6831  0.5523  0.5747  0.6529  0.6595  0.7339  0.7339  0.5583  0.6225  0.7656  0.2880  0.000040
epoch:46 0.6252  0.8548  0.6815  0.4477  0.5732  0.6538  0.6565  0.7303  0.7303  0.4500  0.6230  0.7653  0.2814  0.000040
epoch:47 0.6367  0.8546  0.6960  0.4520  0.5956  0.6649  0.6782  0.7496  0.7496  0.4536  0.6349  0.7881  0.2877  0.000040
epoch:48 0.7119  0.9421  0.7680  0.5566  0.5620  0.7432  0.6811  0.7540  0.7540  0.5583  0.6127  0.7878  0.2801  0.000040
epoch:49 0.7029  0.9377  0.7547  0.4477  0.5652  0.7304  0.6714  0.7446  0.7446  0.4536  0.6210  0.7762  0.2808  0.000040
epoch:50 0.6322  0.8551  0.6714  0.4563  0.5714  0.6627  0.6732  0.7459  0.7459  0.4583  0.6162  0.7815  0.2834  0.000040
epoch:51 0.6287  0.8548  0.6580  0.4523  0.5620  0.6587  0.6709  0.7437  0.7437  0.4583  0.6162  0.7820  0.2897  0.000040
epoch:52 0.6943  0.9435  0.7567  0.5523  0.5648  0.7250  0.6612  0.7347  0.7347  0.5583  0.6190  0.7688  0.2837  0.000040
epoch:53 0.6374  0.8604  0.6828  0.5493  0.5745  0.6674  0.6801  0.7527  0.7527  0.5583  0.6210  0.7889  0.2852  0.000040
epoch:54 0.7086  0.9383  0.7547  0.4523  0.5671  0.7396  0.6758  0.7490  0.7490  0.4583  0.6230  0.7857  0.2820  0.000040
epoch:55 0.7112  0.9444  0.7565  0.5767  0.5753  0.7477  0.6777  0.7497  0.7497  0.5786  0.6230  0.7891  0.2850  0.000040
epoch:56 0.6232  0.8600  0.6842  0.5434  0.5839  0.6589  0.6589  0.7318  0.7318  0.5452  0.6313  0.7731  0.2854  0.000040
epoch:57 0.6804  0.9419  0.7680  0.5814  0.5808  0.7114  0.6464  0.7193  0.7193  0.5833  0.6270  0.7516  0.2782  0.000040
epoch:58 0.6317  0.8549  0.6790  0.4523  0.5650  0.6602  0.6732  0.7466  0.7466  0.4583  0.6210  0.7802  0.2793  0.000040
epoch:59 0.6285  0.8551  0.6868  0.4477  0.5670  0.6678  0.6614  0.7343  0.7343  0.4536  0.6103  0.7812  0.2793  0.000040
epoch:60 0.6350  0.8595  0.6851  0.5563  0.5768  0.6646  0.6745  0.7489  0.7489  0.5583  0.6166  0.7844  0.2831  0.000040
epoch:61 0.6373  0.8536  0.6693  0.4523  0.5853  0.6683  0.6768  0.7503  0.7503  0.4583  0.6313  0.7865  0.2803  0.000040
epoch:62 0.6374  0.8604  0.6759  0.5523  0.5866  0.6656  0.6788  0.7519  0.7519  0.5583  0.6313  0.7836  0.2789  0.000040
epoch:63 0.6341  0.8610  0.6612  0.5899  0.5779  0.6604  0.6751  0.7498  0.7498  0.5917  0.6313  0.7788  0.2779  0.000040
epoch:64 0.7062  0.9377  0.7536  0.4480  0.5686  0.7390  0.6730  0.7458  0.7458  0.4500  0.6186  0.7855  0.2830  0.000040
epoch:65 0.6431  0.8592  0.6906  0.5480  0.5933  0.6700  0.6794  0.7535  0.7535  0.5500  0.6289  0.7875  0.2829  0.000040
epoch:66 0.6320  0.8550  0.6713  0.4523  0.5734  0.6612  0.6738  0.7460  0.7460  0.4583  0.6186  0.7831  0.2813  0.000040
epoch:67 0.6337  0.8538  0.6812  0.4523  0.5622  0.6686  0.6778  0.7504  0.7504  0.4583  0.6186  0.7908  0.2856  0.000040
epoch:68 0.6386  0.8548  0.6668  0.4523  0.5887  0.6688  0.6773  0.7521  0.7521  0.4583  0.6309  0.7915  0.2769  0.000040
epoch:69 0.6340  0.8550  0.6832  0.4434  0.5689  0.6694  0.6766  0.7495  0.7495  0.4452  0.6230  0.7900  0.2770  0.000040
epoch:70 0.7269  0.9417  0.7579  0.5724  0.5791  0.7578  0.6911  0.7631  0.7631  0.5738  0.6186  0.8019  0.2777  0.000040
epoch:71 0.6380  0.8599  0.6695  0.5767  0.5844  0.6679  0.6768  0.7506  0.7506  0.5786  0.6249  0.7844  0.2793  0.000040
epoch:72 0.6321  0.8542  0.6792  0.4434  0.5735  0.6654  0.6780  0.7481  0.7481  0.4452  0.6123  0.7984  0.2793  0.000040
epoch:73 0.6361  0.8544  0.6732  0.4480  0.5690  0.6713  0.6779  0.7511  0.7511  0.4500  0.6206  0.7926  0.2763  0.000040
epoch:74 0.6353  0.8543  0.6764  0.4480  0.5745  0.6720  0.6768  0.7493  0.7493  0.4500  0.6230  0.7913  0.2784  0.000040
epoch:75 0.6391  0.8606  0.6751  0.5523  0.5908  0.6629  0.6804  0.7514  0.7514  0.5583  0.6249  0.7860  0.2842  0.000040
epoch:76 0.7104  0.9441  0.7584  0.5856  0.5752  0.7396  0.6793  0.7503  0.7503  0.5917  0.6206  0.7823  0.2740  0.000040
epoch:77 0.7137  0.9439  0.7716  0.5764  0.5742  0.7482  0.6788  0.7514  0.7514  0.5786  0.6170  0.7865  0.2774  0.000040
epoch:78 0.6321  0.8550  0.6680  0.4477  0.5812  0.6592  0.6764  0.7472  0.7472  0.4536  0.6265  0.7889  0.2763  0.000040
epoch:79 0.6345  0.8558  0.6734  0.4477  0.5832  0.6660  0.6772  0.7488  0.7488  0.4536  0.6230  0.7892  0.2766  0.000040
epoch:80 0.6286  0.8601  0.6565  0.5434  0.5930  0.6575  0.6596  0.7327  0.7327  0.5452  0.6337  0.7648  0.2774  0.000040
epoch:81 0.6455  0.8613  0.6984  0.5939  0.6123  0.6693  0.6846  0.7572  0.7572  0.6000  0.6440  0.7878  0.2702  0.000040
epoch:82 0.6356  0.8610  0.6553  0.5764  0.5814  0.6665  0.6786  0.7518  0.7518  0.5821  0.6313  0.7847  0.2734  0.000040
epoch:83 0.6324  0.8542  0.6751  0.4434  0.5617  0.6703  0.6778  0.7496  0.7496  0.4452  0.6079  0.8026  0.2775  0.000040
epoch:84 0.6307  0.8520  0.6686  0.5770  0.5784  0.6614  0.6754  0.7454  0.7454  0.5786  0.6270  0.7820  0.2790  0.000040
epoch:85 0.6377  0.8544  0.6653  0.4523  0.6028  0.6642  0.6776  0.7486  0.7486  0.4583  0.6392  0.7834  0.2792  0.000040
epoch:86 0.6335  0.8561  0.6854  0.4480  0.6001  0.6640  0.6742  0.7464  0.7464  0.4500  0.6396  0.7813  0.2729  0.000040
epoch:87 0.6956  0.9448  0.7708  0.5767  0.5888  0.7244  0.6616  0.7333  0.7333  0.5786  0.6230  0.7641  0.2749  0.000040
epoch:88 0.6390  0.8551  0.6876  0.4523  0.5825  0.6767  0.6768  0.7484  0.7484  0.4583  0.6225  0.7902  0.2785  0.000040
epoch:89 0.6405  0.8613  0.6725  0.5856  0.6002  0.6681  0.6809  0.7538  0.7538  0.5917  0.6333  0.7900  0.2881  0.000040
epoch:90 0.6372  0.8544  0.6721  0.4523  0.5873  0.6644  0.6782  0.7508  0.7508  0.4583  0.6313  0.7815  0.2843  0.000040
epoch:91 0.6372  0.8604  0.6849  0.5814  0.5800  0.6690  0.6760  0.7483  0.7483  0.5833  0.6186  0.7831  0.2762  0.000040
epoch:92 0.6982  0.9448  0.7665  0.5606  0.5794  0.7274  0.6641  0.7363  0.7363  0.5667  0.6166  0.7722  0.2752  0.000040
epoch:93 0.6282  0.8543  0.6786  0.4523  0.6009  0.6579  0.6607  0.7312  0.7312  0.4583  0.6373  0.7651  0.2717  0.000040
epoch:94 0.6942  0.9378  0.7565  0.4523  0.5734  0.7328  0.6623  0.7362  0.7362  0.4583  0.6210  0.7807  0.2754  0.000040
epoch:95 0.7296  0.9407  0.7690  0.5814  0.5836  0.7677  0.6946  0.7669  0.7669  0.5833  0.6162  0.8135  0.2725  0.000040
epoch:96 0.6327  0.8549  0.6836  0.4480  0.5715  0.6714  0.6758  0.7477  0.7477  0.4500  0.6186  0.7913  0.2786  0.000040
epoch:97 0.6393  0.8550  0.6793  0.4523  0.5961  0.6704  0.6789  0.7509  0.7509  0.4583  0.6309  0.7926  0.2740  0.000040
epoch:98 0.6364  0.8538  0.6846  0.4434  0.5830  0.6669  0.6777  0.7494  0.7494  0.4452  0.6337  0.7855  0.2803  0.000040
epoch:99 0.6375  0.8601  0.6878  0.5480  0.5876  0.6683  0.6738  0.7470  0.7470  0.5500  0.6206  0.7818  0.2791  0.000040
epoch:100 0.6313  0.8543  0.6793  0.4477  0.5747  0.6598  0.6754  0.7475  0.7475  0.4536  0.6186  0.7820  0.2779  0.000040
epoch:101 0.6263  0.8547  0.6851  0.4477  0.5819  0.6526  0.6627  0.7325  0.7325  0.4536  0.6270  0.7712  0.2716  0.000040
epoch:102 0.6339  0.8551  0.6700  0.4434  0.5891  0.6658  0.6742  0.7462  0.7462  0.4452  0.6270  0.7873  0.2809  0.000040
epoch:103 0.6363  0.8550  0.6803  0.4523  0.5899  0.6653  0.6763  0.7492  0.7492  0.4583  0.6313  0.7865  0.2756  0.000040
epoch:104 0.6305  0.8543  0.6897  0.4477  0.5745  0.6559  0.6734  0.7438  0.7438  0.4536  0.6123  0.7828  0.2783  0.000040
epoch:105 0.7155  0.9454  0.7731  0.5770  0.5826  0.7521  0.6780  0.7503  0.7503  0.5786  0.6186  0.7905  0.2760  0.000040
epoch:106 0.6318  0.8557  0.6751  0.4477  0.5756  0.6600  0.6718  0.7437  0.7437  0.4536  0.6162  0.7759  0.2750  0.000040
epoch:107 0.6382  0.8615  0.6756  0.5764  0.5824  0.6702  0.6804  0.7518  0.7518  0.5821  0.6166  0.7897  0.2797  0.000040
epoch:108 0.6924  0.9384  0.7629  0.4434  0.5868  0.7251  0.6586  0.7312  0.7312  0.4452  0.6265  0.7712  0.2728  0.000040
epoch:109 0.6404  0.8563  0.6744  0.4523  0.5906  0.6692  0.6798  0.7527  0.7527  0.4583  0.6293  0.7894  0.2702  0.000040
epoch:110 0.6318  0.8520  0.6751  0.5721  0.5849  0.6600  0.6748  0.7441  0.7441  0.5738  0.6246  0.7754  0.2720  0.000040
epoch:111 0.6381  0.8626  0.6711  0.5856  0.5883  0.6628  0.6823  0.7530  0.7530  0.5917  0.6298  0.7839  0.2740  0.000040
epoch:112 0.6357  0.8556  0.6847  0.4477  0.5866  0.6647  0.6757  0.7489  0.7489  0.4536  0.6249  0.7850  0.2727  0.000040
epoch:113 0.7126  0.9385  0.7703  0.4477  0.5815  0.7473  0.6778  0.7492  0.7492  0.4536  0.6206  0.7878  0.2718  0.000040
epoch:114 0.6287  0.8546  0.6792  0.4523  0.5929  0.6587  0.6623  0.7327  0.7327  0.4583  0.6289  0.7712  0.2787  0.000040
epoch:115 0.7068  0.9445  0.7539  0.5770  0.5838  0.7331  0.6752  0.7472  0.7472  0.5786  0.6298  0.7767  0.2727  0.000040
epoch:116 0.6360  0.8549  0.6809  0.4523  0.5769  0.6669  0.6795  0.7500  0.7500  0.4583  0.6127  0.7891  0.2725  0.000040
epoch:117 0.6347  0.8555  0.6797  0.4523  0.5930  0.6647  0.6774  0.7493  0.7493  0.4583  0.6289  0.7871  0.2662  0.000040
epoch:118 0.6328  0.8615  0.6853  0.5810  0.5939  0.6583  0.6649  0.7369  0.7369  0.5869  0.6249  0.7714  0.2673  0.000040
epoch:119 0.6922  0.9366  0.7648  0.4480  0.5846  0.7263  0.6589  0.7320  0.7320  0.4500  0.6265  0.7759  0.2708  0.000040
epoch:120 0.7095  0.9351  0.7666  0.5760  0.5893  0.7364  0.6791  0.7487  0.7487  0.5774  0.6333  0.7783  0.2713  0.000040
epoch:121 0.6305  0.8552  0.6837  0.4477  0.5982  0.6617  0.6614  0.7349  0.7349  0.4536  0.6337  0.7722  0.2689  0.000040
epoch:122 0.6394  0.8549  0.6697  0.4523  0.6017  0.6635  0.6778  0.7495  0.7495  0.4583  0.6333  0.7836  0.2649  0.000040
epoch:123 0.6378  0.8549  0.6799  0.4523  0.5881  0.6653  0.6777  0.7503  0.7503  0.4583  0.6254  0.7852  0.2734  0.000040
epoch:124 0.7150  0.9385  0.7699  0.4477  0.5924  0.7536  0.6819  0.7554  0.7554  0.4536  0.6289  0.8005  0.2730  0.000040
epoch:125 0.6393  0.8546  0.7034  0.4523  0.5939  0.6708  0.6792  0.7530  0.7530  0.4583  0.6273  0.7934  0.2742  0.000040
epoch:126 0.6312  0.8616  0.6743  0.5477  0.5924  0.6569  0.6727  0.7465  0.7465  0.5536  0.6230  0.7799  0.2721  0.000040
epoch:127 0.6307  0.8612  0.6810  0.5477  0.5845  0.6655  0.6652  0.7366  0.7366  0.5536  0.6270  0.7722  0.2761  0.000040
epoch:128 0.6922  0.9447  0.7692  0.5523  0.5659  0.7224  0.6604  0.7321  0.7321  0.5583  0.6039  0.7683  0.2662  0.000040
epoch:129 0.6377  0.8609  0.6697  0.5767  0.5910  0.6670  0.6797  0.7513  0.7513  0.5786  0.6293  0.7865  0.2722  0.000040
epoch:130 0.6363  0.8543  0.6797  0.4523  0.5741  0.6702  0.6805  0.7521  0.7521  0.4583  0.6103  0.7950  0.2679  0.000040
epoch:131 0.6431  0.8617  0.6803  0.5856  0.5921  0.6721  0.6855  0.7569  0.7569  0.5917  0.6293  0.7910  0.2721  0.000040
epoch:132 0.6359  0.8549  0.6798  0.4477  0.5901  0.6678  0.6762  0.7487  0.7487  0.4536  0.6293  0.7860  0.2694  0.000040
epoch:133 0.6380  0.8610  0.6842  0.5477  0.5896  0.6677  0.6786  0.7512  0.7512  0.5536  0.6270  0.7844  0.2746  0.000040
epoch:134 0.6258  0.8549  0.6823  0.4477  0.5743  0.6592  0.6656  0.7364  0.7364  0.4536  0.6210  0.7810  0.2748  0.000040
epoch:135 0.6387  0.8607  0.6689  0.5477  0.5838  0.6703  0.6792  0.7517  0.7517  0.5536  0.6210  0.7855  0.2660  0.000040
epoch:136 0.6381  0.8602  0.6730  0.5810  0.5960  0.6678  0.6804  0.7508  0.7508  0.5869  0.6289  0.7865  0.2669  0.000040
epoch:137 0.6369  0.8556  0.6841  0.4427  0.5916  0.6654  0.6728  0.7460  0.7460  0.4488  0.6249  0.7815  0.2681  0.000040
epoch:138 0.6345  0.8553  0.6719  0.4427  0.5814  0.6680  0.6737  0.7466  0.7466  0.4488  0.6206  0.7833  0.2685  0.000040
epoch:139 0.6376  0.8613  0.6765  0.5814  0.5839  0.6748  0.6798  0.7525  0.7525  0.5833  0.6210  0.7936  0.2781  0.000040
epoch:140 0.6413  0.8545  0.6840  0.4477  0.5871  0.6759  0.6828  0.7542  0.7542  0.4536  0.6234  0.7928  0.2717  0.000040
epoch:141 0.7135  0.9380  0.7673  0.4523  0.5808  0.7527  0.6810  0.7530  0.7530  0.4583  0.6230  0.8003  0.2668  0.000040
epoch:142 0.6273  0.8621  0.6786  0.5810  0.5736  0.6584  0.6621  0.7350  0.7350  0.5869  0.6230  0.7677  0.2722  0.000040
epoch:143 0.6402  0.8604  0.6811  0.5767  0.5931  0.6750  0.6799  0.7525  0.7525  0.5786  0.6234  0.7963  0.2645  0.000040
epoch:144 0.6330  0.8546  0.6880  0.4523  0.5831  0.6648  0.6758  0.7480  0.7480  0.4583  0.6182  0.7913  0.2678  0.000040
epoch:145 0.6346  0.8544  0.6697  0.4477  0.5705  0.6668  0.6790  0.7504  0.7504  0.4536  0.6127  0.7907  0.2663  0.000040
epoch:146 0.6288  0.8543  0.6871  0.4523  0.5921  0.6583  0.6632  0.7333  0.7333  0.4583  0.6293  0.7683  0.2675  0.000040
epoch:147 0.6333  0.8557  0.6741  0.4523  0.5710  0.6616  0.6760  0.7473  0.7473  0.4583  0.6103  0.7852  0.2690  0.000040
epoch:148 0.6395  0.8544  0.6821  0.4523  0.5979  0.6703  0.6819  0.7523  0.7523  0.4583  0.6317  0.7921  0.2734  0.000040
epoch:149 0.6356  0.8550  0.6824  0.4480  0.5782  0.6689  0.6752  0.7487  0.7487  0.4500  0.6146  0.7889  0.2643  0.000040
epoch:150 0.6369  0.8553  0.6848  0.4523  0.5965  0.6619  0.6769  0.7479  0.7479  0.4583  0.6249  0.7839  0.2814  0.000040
epoch:151 0.6336  0.8552  0.6720  0.4434  0.5790  0.6702  0.6741  0.7479  0.7479  0.4452  0.6166  0.7926  0.2724  0.000040
epoch:152 0.6286  0.8558  0.6817  0.4477  0.5861  0.6580  0.6602  0.7334  0.7334  0.4536  0.6254  0.7693  0.2641  0.000040
epoch:153 0.6328  0.8556  0.6799  0.4477  0.5752  0.6643  0.6758  0.7484  0.7484  0.4536  0.6210  0.7857  0.2681  0.000040
epoch:154 0.6900  0.9378  0.7688  0.4523  0.5720  0.7169  0.6600  0.7298  0.7298  0.4583  0.6103  0.7632  0.2728  0.000040
epoch:155 0.7188  0.9452  0.7727  0.5810  0.5949  0.7487  0.6812  0.7550  0.7550  0.5869  0.6249  0.7931  0.2719  0.000040
epoch:156 0.6366  0.8552  0.6872  0.4477  0.5919  0.6656  0.6779  0.7499  0.7499  0.4536  0.6333  0.7854  0.2628  0.000040
epoch:157 0.6354  0.8604  0.6821  0.5810  0.5908  0.6677  0.6779  0.7495  0.7495  0.5869  0.6270  0.7831  0.2700  0.000040
epoch:158 0.6396  0.8615  0.6810  0.5761  0.5827  0.6758  0.6821  0.7553  0.7553  0.5821  0.6293  0.7942  0.2675  0.000040
epoch:159 0.6209  0.8541  0.6711  0.4523  0.5698  0.6542  0.6603  0.7307  0.7307  0.4583  0.6186  0.7727  0.2755  0.000040
epoch:160 0.7153  0.9448  0.7738  0.5810  0.5883  0.7450  0.6798  0.7533  0.7533  0.5869  0.6230  0.7873  0.2734  0.000040
epoch:161 0.6983  0.9438  0.7699  0.5810  0.5911  0.7265  0.6640  0.7362  0.7362  0.5869  0.6313  0.7675  0.2689  0.000040
epoch:162 0.6306  0.8557  0.6798  0.4477  0.5747  0.6600  0.6775  0.7473  0.7473  0.4536  0.6210  0.7844  0.2690  0.000040
epoch:163 0.6977  0.9382  0.7651  0.4523  0.5868  0.7316  0.6646  0.7367  0.7367  0.4583  0.6293  0.7778  0.2652  0.000040
epoch:164 0.6293  0.8549  0.6867  0.4523  0.5863  0.6616  0.6633  0.7344  0.7344  0.4583  0.6270  0.7778  0.2642  0.000040
epoch:165 0.7126  0.9447  0.7517  0.5718  0.5774  0.7472  0.6808  0.7525  0.7525  0.5738  0.6230  0.7884  0.2671  0.000040
epoch:166 0.6343  0.8547  0.6787  0.4523  0.5857  0.6633  0.6782  0.7493  0.7493  0.4583  0.6270  0.7921  0.2615  0.000040
epoch:167 0.6208  0.8613  0.6874  0.5810  0.5796  0.6462  0.6586  0.7299  0.7299  0.5869  0.6250  0.7583  0.2632  0.000040
epoch:168 0.6362  0.8553  0.6843  0.4477  0.5911  0.6655  0.6773  0.7504  0.7504  0.4536  0.6309  0.7916  0.2629  0.000040
epoch:169 0.6350  0.8552  0.6808  0.4523  0.5845  0.6608  0.6778  0.7482  0.7482  0.4583  0.6293  0.7786  0.2657  0.000040
epoch:170 0.7156  0.9386  0.7724  0.4427  0.5891  0.7496  0.6809  0.7538  0.7538  0.4488  0.6337  0.7923  0.2668  0.000040
epoch:171 0.6360  0.8558  0.6886  0.4477  0.5799  0.6667  0.6762  0.7466  0.7466  0.4536  0.6230  0.7826  0.2650  0.000040
epoch:172 0.7177  0.9452  0.7710  0.5767  0.5861  0.7500  0.6808  0.7522  0.7522  0.5786  0.6317  0.7849  0.2595  0.000040
epoch:173 0.6307  0.8555  0.6645  0.4523  0.5681  0.6576  0.6755  0.7472  0.7472  0.4583  0.6146  0.7796  0.2661  0.000040
epoch:174 0.6372  0.8558  0.6875  0.4427  0.5935  0.6686  0.6748  0.7480  0.7480  0.4488  0.6313  0.7831  0.2598  0.000040
epoch:175 0.6361  0.8556  0.6850  0.4523  0.5860  0.6655  0.6787  0.7491  0.7491  0.4583  0.6270  0.7857  0.2692  0.000040
epoch:176 0.6361  0.8558  0.6820  0.4523  0.5801  0.6654  0.6760  0.7492  0.7492  0.4583  0.6234  0.7849  0.2656  0.000040
epoch:177 0.6371  0.8606  0.6830  0.5477  0.5752  0.6698  0.6795  0.7529  0.7529  0.5536  0.6234  0.7886  0.2605  0.000040
epoch:178 0.6303  0.8551  0.6728  0.4523  0.5839  0.6555  0.6744  0.7461  0.7461  0.4583  0.6270  0.7820  0.2676  0.000040
epoch:179 0.6962  0.9385  0.7716  0.4477  0.5911  0.7310  0.6613  0.7345  0.7345  0.4536  0.6309  0.7807  0.2697  0.000040
epoch:180 0.6310  0.8551  0.6820  0.4427  0.5807  0.6622  0.6733  0.7465  0.7465  0.4488  0.6313  0.7831  0.2595  0.000040
epoch:181 0.6286  0.8545  0.6851  0.4523  0.5674  0.6550  0.6755  0.7459  0.7459  0.4583  0.6103  0.7833  0.2673  0.000040
epoch:182 0.6268  0.8549  0.6812  0.4523  0.5865  0.6556  0.6619  0.7326  0.7326  0.4583  0.6317  0.7667  0.2603  0.000040
epoch:183 0.6338  0.8553  0.6872  0.4427  0.5787  0.6666  0.6743  0.7472  0.7472  0.4488  0.6254  0.7839  0.2614  0.000040
epoch:184 0.6388  0.8545  0.6943  0.4477  0.5967  0.6708  0.6767  0.7481  0.7481  0.4536  0.6289  0.7852  0.2663  0.000040
epoch:185 0.6357  0.8616  0.6815  0.5717  0.5627  0.6697  0.6807  0.7521  0.7521  0.5774  0.6131  0.7876  0.2603  0.000040
epoch:186 0.6395  0.8552  0.6933  0.4477  0.5911  0.6725  0.6761  0.7496  0.7496  0.4536  0.6182  0.7947  0.2610  0.000040
epoch:187 0.7156  0.9448  0.7750  0.5807  0.5845  0.7498  0.6820  0.7549  0.7549  0.5869  0.6289  0.7966  0.2598  0.000040
epoch:188 0.6330  0.8612  0.6881  0.5856  0.5945  0.6567  0.6661  0.7371  0.7371  0.5917  0.6337  0.7670  0.2590  0.000040
epoch:189 0.7190  0.9453  0.7753  0.5761  0.6011  0.7508  0.6828  0.7551  0.7551  0.5821  0.6416  0.7915  0.2575  0.000040
epoch:190 0.6303  0.8544  0.6813  0.4523  0.5625  0.6682  0.6764  0.7474  0.7474  0.4583  0.6103  0.7908  0.2607  0.000040
epoch:191 0.6377  0.8610  0.6791  0.5477  0.5776  0.6694  0.6782  0.7511  0.7511  0.5536  0.6234  0.7839  0.2601  0.000040
epoch:192 0.7131  0.9387  0.7768  0.4427  0.5771  0.7489  0.6762  0.7494  0.7494  0.4488  0.6059  0.7918  0.2610  0.000040
epoch:193 0.7143  0.9448  0.7727  0.5807  0.5674  0.7504  0.6792  0.7523  0.7523  0.5869  0.6043  0.7928  0.2633  0.000040
epoch:194 0.6430  0.8545  0.6899  0.4477  0.5951  0.6768  0.6809  0.7513  0.7513  0.4536  0.6230  0.7886  0.2602  0.000040
epoch:195 0.6299  0.8545  0.6836  0.4523  0.5920  0.6572  0.6639  0.7349  0.7349  0.4583  0.6361  0.7680  0.2630  0.000040
epoch:196 0.6399  0.8616  0.6822  0.5856  0.5888  0.6614  0.6828  0.7535  0.7535  0.5917  0.6341  0.7781  0.2612  0.000040
epoch:197 0.7137  0.9380  0.7586  0.4523  0.5894  0.7538  0.6848  0.7567  0.7567  0.4583  0.6392  0.8045  0.2658  0.000040
epoch:198 0.6334  0.8543  0.6862  0.4523  0.5828  0.6592  0.6755  0.7480  0.7480  0.4583  0.6270  0.7831  0.2676  0.000040
epoch:199 0.6381  0.8553  0.6801  0.4477  0.5902  0.6640  0.6797  0.7514  0.7514  0.4536  0.6341  0.7815  0.2727  0.000040
epoch:200 0.6375  0.8610  0.6832  0.5810  0.5784  0.6699  0.6815  0.7532  0.7532  0.5869  0.6270  0.7923  0.2562  0.000040
epoch:201 0.6358  0.8619  0.6808  0.5761  0.5798  0.6681  0.6807  0.7518  0.7518  0.5821  0.6206  0.7871  0.2599  0.000040
epoch:202 0.6334  0.8552  0.6836  0.4427  0.5682  0.6697  0.6749  0.7475  0.7475  0.4488  0.6127  0.7857  0.2585  0.000040
epoch:203 0.6396  0.8623  0.6826  0.5810  0.5636  0.6768  0.6840  0.7557  0.7557  0.5869  0.6146  0.7968  0.2576  0.000040
epoch:204 0.6360  0.8612  0.6851  0.5810  0.5793  0.6745  0.6819  0.7533  0.7533  0.5869  0.6313  0.7916  0.2635  0.000040
epoch:205 0.6357  0.8550  0.6878  0.4523  0.5807  0.6614  0.6757  0.7486  0.7486  0.4583  0.6234  0.7799  0.2599  0.000040
epoch:206 0.6382  0.8551  0.6906  0.4480  0.5857  0.6781  0.6774  0.7509  0.7509  0.4500  0.6313  0.7936  0.2624  0.000040
epoch:207 0.6412  0.8618  0.6818  0.5761  0.5858  0.6705  0.6827  0.7538  0.7538  0.5821  0.6337  0.7847  0.2667  0.000040
epoch:208 0.6962  0.9431  0.7650  0.5724  0.5741  0.7299  0.6659  0.7379  0.7379  0.5738  0.6293  0.7722  0.2598  0.000040
epoch:209 0.6398  0.8549  0.6875  0.4477  0.5867  0.6699  0.6786  0.7500  0.7500  0.4536  0.6254  0.7857  0.2600  0.000040
epoch:210 0.6928  0.9384  0.7571  0.4477  0.5840  0.7210  0.6602  0.7309  0.7309  0.4536  0.6298  0.7638  0.2596  0.000040
epoch:211 0.6368  0.8549  0.6760  0.4523  0.5804  0.6715  0.6801  0.7525  0.7525  0.4583  0.6293  0.7910  0.2540  0.000040
epoch:212 0.6321  0.8551  0.6992  0.4523  0.5826  0.6610  0.6776  0.7477  0.7477  0.4583  0.6293  0.7796  0.2556  0.000040
epoch:213 0.6269  0.8558  0.6782  0.4477  0.5741  0.6635  0.6612  0.7323  0.7323  0.4536  0.6234  0.7735  0.2629  0.000040
epoch:214 0.6403  0.8557  0.6822  0.4523  0.5911  0.6691  0.6822  0.7529  0.7529  0.4583  0.6337  0.7889  0.2616  0.000040
epoch:215 0.7158  0.9452  0.7684  0.5767  0.5676  0.7589  0.6843  0.7563  0.7563  0.5821  0.6270  0.8010  0.2591  0.000040
epoch:216 0.6315  0.8550  0.6826  0.4391  0.5637  0.6735  0.6757  0.7474  0.7474  0.4405  0.6167  0.7923  0.2582  0.000040
epoch:217 0.6393  0.8551  0.6834  0.4477  0.5819  0.6766  0.6822  0.7539  0.7539  0.4536  0.6333  0.7923  0.2621  0.000040
epoch:218 0.6336  0.8614  0.6738  0.5523  0.5714  0.6644  0.6798  0.7517  0.7517  0.5583  0.6234  0.7844  0.2625  0.000040
epoch:219 0.6342  0.8545  0.6761  0.4523  0.5801  0.6661  0.6807  0.7514  0.7514  0.4583  0.6293  0.7884  0.2629  0.000040
epoch:220 0.6242  0.8543  0.6773  0.4523  0.5847  0.6571  0.6618  0.7319  0.7319  0.4583  0.6293  0.7677  0.2542  0.000040
epoch:221 0.6929  0.9385  0.7575  0.4477  0.5595  0.7356  0.6645  0.7356  0.7356  0.4536  0.6190  0.7839  0.2513  0.000040
epoch:222 0.6376  0.8560  0.6798  0.4427  0.5781  0.6734  0.6800  0.7525  0.7525  0.4488  0.6274  0.7952  0.2593  0.000040
epoch:223 0.6971  0.9445  0.7663  0.5856  0.5813  0.7268  0.6667  0.7377  0.7377  0.5917  0.6317  0.7685  0.2572  0.000040
epoch:224 0.6318  0.8594  0.6817  0.5810  0.5855  0.6594  0.6637  0.7366  0.7366  0.5869  0.6317  0.7677  0.2571  0.000040
epoch:225 0.6391  0.8546  0.6810  0.4477  0.5851  0.6740  0.6794  0.7508  0.7508  0.4536  0.6317  0.7905  0.2632  0.000040
epoch:226 0.6966  0.9385  0.7558  0.4523  0.5969  0.7247  0.6659  0.7369  0.7369  0.4583  0.6444  0.7712  0.2585  0.000040
epoch:227 0.6324  0.8553  0.6808  0.4523  0.5681  0.6656  0.6776  0.7487  0.7487  0.4583  0.6127  0.7920  0.2577  0.000040
epoch:228 0.6913  0.9384  0.7586  0.4523  0.5801  0.7259  0.6634  0.7335  0.7335  0.4583  0.6293  0.7738  0.2540  0.000040
epoch:229 0.7112  0.9453  0.7676  0.5856  0.5752  0.7447  0.6801  0.7520  0.7520  0.5917  0.6289  0.7910  0.2582  0.000040
epoch:230 0.6348  0.8558  0.6702  0.4523  0.5785  0.6659  0.6811  0.7518  0.7518  0.4583  0.6317  0.7865  0.2576  0.000040
epoch:231 0.6215  0.8549  0.6828  0.4434  0.5675  0.6549  0.6556  0.7302  0.7302  0.4488  0.6186  0.7698  0.2578  0.000040
epoch:232 0.6242  0.8551  0.6855  0.4398  0.5776  0.6531  0.6580  0.7284  0.7284  0.4500  0.6270  0.7609  0.2621  0.000040
epoch:233 0.6905  0.9384  0.7571  0.4477  0.5763  0.7231  0.6599  0.7325  0.7325  0.4536  0.6293  0.7680  0.2574  0.000040
epoch:234 0.6308  0.8552  0.6801  0.4523  0.5900  0.6627  0.6658  0.7362  0.7362  0.4583  0.6317  0.7764  0.2588  0.000040
epoch:235 0.6955  0.9446  0.7517  0.5717  0.5613  0.7377  0.6663  0.7385  0.7385  0.5774  0.6210  0.7823  0.2596  0.000040
epoch:236 0.6936  0.9451  0.7579  0.5810  0.5735  0.7298  0.6672  0.7389  0.7389  0.5869  0.6293  0.7807  0.2589  0.000040
epoch:237 0.6213  0.8547  0.6688  0.4477  0.5701  0.6529  0.6617  0.7333  0.7333  0.4536  0.6210  0.7706  0.2592  0.000040
epoch:238 0.6927  0.9393  0.7520  0.4477  0.5723  0.7237  0.6633  0.7343  0.7343  0.4536  0.6254  0.7696  0.2582  0.000040
epoch:239 0.6419  0.8616  0.6833  0.5810  0.5763  0.6789  0.6832  0.7575  0.7575  0.5869  0.6293  0.7979  0.2576  0.000040
epoch:240 0.6381  0.8551  0.6845  0.4523  0.5738  0.6796  0.6779  0.7523  0.7523  0.4583  0.6210  0.7947  0.2532  0.000040
epoch:241 0.6919  0.9391  0.7553  0.4523  0.5772  0.7290  0.6627  0.7331  0.7331  0.4583  0.6270  0.7741  0.2571  0.000040
epoch:242 0.7116  0.9387  0.7685  0.4427  0.5749  0.7549  0.6784  0.7512  0.7512  0.4488  0.6313  0.7944  0.2674  0.000040
epoch:243 0.6362  0.8545  0.6831  0.4523  0.5846  0.6705  0.6786  0.7490  0.7490  0.4583  0.6293  0.7876  0.2579  0.000040
epoch:244 0.6462  0.8558  0.6831  0.4477  0.5815  0.6812  0.6877  0.7594  0.7594  0.4536  0.6317  0.7970  0.2569  0.000040
epoch:245 0.6373  0.8557  0.6770  0.4523  0.5801  0.6747  0.6841  0.7558  0.7558  0.4583  0.6293  0.8029  0.2615  0.000040
epoch:246 0.6405  0.8610  0.6782  0.5810  0.5807  0.6714  0.6838  0.7549  0.7549  0.5869  0.6321  0.7862  0.2540  0.000040
epoch:247 0.6390  0.8617  0.6717  0.5856  0.5845  0.6665  0.6849  0.7553  0.7553  0.5917  0.6321  0.7857  0.2532  0.000040
epoch:248 0.7003  0.9452  0.7630  0.5856  0.5764  0.7398  0.6686  0.7400  0.7400  0.5917  0.6298  0.7810  0.2569  0.000040
epoch:249 0.6386  0.8553  0.6773  0.4477  0.5815  0.6748  0.6816  0.7527  0.7527  0.4536  0.6317  0.7934  0.2534  0.000040
epoch:250 0.6367  0.8550  0.6833  0.4477  0.5666  0.6780  0.6825  0.7539  0.7539  0.4536  0.6234  0.8013  0.2544  0.000040
epoch:251 0.6263  0.8585  0.6802  0.5724  0.5637  0.6646  0.6648  0.7368  0.7368  0.5738  0.6250  0.7815  0.2553  0.000040
epoch:252 0.6368  0.8523  0.6783  0.4520  0.5891  0.6564  0.6791  0.7508  0.7508  0.4536  0.6337  0.7778  0.2523  0.000040
epoch:253 0.6350  0.8552  0.6754  0.4523  0.5829  0.6612  0.6799  0.7510  0.7510  0.4583  0.6293  0.7860  0.2557  0.000040
epoch:254 0.6965  0.9386  0.7649  0.4477  0.5657  0.7320  0.6687  0.7406  0.7406  0.4536  0.6210  0.7806  0.2494  0.000040
epoch:255 0.6356  0.8556  0.6763  0.4523  0.5831  0.6671  0.6800  0.7514  0.7514  0.4583  0.6317  0.7865  0.2505  0.000040
epoch:256 0.6324  0.8625  0.6862  0.5853  0.5762  0.6651  0.6665  0.7376  0.7376  0.5869  0.6298  0.7701  0.2554  0.000040
epoch:257 0.6249  0.8525  0.6789  0.4523  0.5756  0.6605  0.6631  0.7344  0.7344  0.4583  0.6293  0.7749  0.2583  0.000040
epoch:258 0.6429  0.8559  0.6804  0.4523  0.5874  0.6786  0.6807  0.7530  0.7530  0.4583  0.6337  0.7921  0.2574  0.000040
epoch:259 0.6336  0.8553  0.6759  0.4477  0.5770  0.6767  0.6798  0.7517  0.7517  0.4536  0.6289  0.8002  0.2549  0.000040
epoch:260 0.6342  0.8616  0.6757  0.5843  0.5674  0.6691  0.6805  0.7516  0.7516  0.5905  0.6186  0.7860  0.2550  0.000040
epoch:261 0.6229  0.8549  0.6694  0.4477  0.5664  0.6604  0.6605  0.7334  0.7334  0.4536  0.6210  0.7754  0.2516  0.000040
epoch:262 0.6284  0.8623  0.6768  0.5810  0.5715  0.6596  0.6672  0.7386  0.7386  0.5869  0.6246  0.7738  0.2563  0.000040
epoch:263 0.7112  0.9434  0.7670  0.5770  0.5660  0.7541  0.6812  0.7548  0.7548  0.5786  0.6246  0.8018  0.2605  0.000040
epoch:264 0.6405  0.8622  0.6859  0.5810  0.5751  0.6830  0.6846  0.7569  0.7569  0.5869  0.6333  0.8000  0.2559  0.000040
epoch:265 0.6333  0.8558  0.6746  0.4477  0.5689  0.6626  0.6792  0.7508  0.7508  0.4536  0.6210  0.7873  0.2517  0.000040
epoch:266 0.6417  0.8551  0.6823  0.4566  0.5902  0.6694  0.6832  0.7536  0.7536  0.4583  0.6420  0.7884  0.2591  0.000040
epoch:267 0.6263  0.8558  0.6741  0.4566  0.5823  0.6528  0.6618  0.7328  0.7328  0.4583  0.6313  0.7638  0.2593  0.000040
epoch:268 0.6367  0.8552  0.6811  0.4523  0.5856  0.6677  0.6825  0.7529  0.7529  0.4583  0.6293  0.7937  0.2502  0.000040
epoch:269 0.7158  0.9446  0.7685  0.5810  0.5723  0.7516  0.6839  0.7570  0.7570  0.5869  0.6317  0.7899  0.2482  0.000040
epoch:270 0.6923  0.9387  0.7603  0.4523  0.5834  0.7250  0.6634  0.7344  0.7344  0.4583  0.6293  0.7741  0.2554  0.000040
epoch:271 0.6372  0.8559  0.6730  0.4520  0.5824  0.6655  0.6803  0.7507  0.7507  0.4536  0.6321  0.7847  0.2488  0.000040
epoch:272 0.6393  0.8552  0.6787  0.4477  0.5834  0.6745  0.6823  0.7524  0.7524  0.4536  0.6341  0.7905  0.2576  0.000040
epoch:273 0.6952  0.9371  0.7581  0.4477  0.5738  0.7367  0.6671  0.7390  0.7390  0.4536  0.6234  0.7840  0.2530  0.000040
epoch:274 0.6999  0.9391  0.7621  0.4477  0.5908  0.7363  0.6659  0.7373  0.7373  0.4536  0.6424  0.7749  0.2522  0.000040
epoch:275 0.6391  0.8616  0.6854  0.5810  0.5687  0.6806  0.6823  0.7558  0.7558  0.5869  0.6313  0.7939  0.2485  0.000040
epoch:276 0.6934  0.9387  0.7576  0.4523  0.5743  0.7316  0.6643  0.7363  0.7363  0.4583  0.6210  0.7802  0.2504  0.000040
epoch:277 0.6346  0.8552  0.6752  0.4477  0.5727  0.6708  0.6823  0.7546  0.7546  0.4536  0.6293  0.8011  0.2525  0.000040
epoch:278 0.6320  0.8620  0.6792  0.5804  0.5625  0.6654  0.6794  0.7507  0.7507  0.5821  0.6162  0.7923  0.2531  0.000040
epoch:279 0.6984  0.9384  0.7681  0.4520  0.5770  0.7406  0.6659  0.7373  0.7373  0.4536  0.6293  0.7860  0.2481  0.000040
epoch:280 0.7111  0.9392  0.7610  0.4523  0.5821  0.7470  0.6805  0.7512  0.7512  0.4583  0.6317  0.7899  0.2500  0.000040
epoch:281 0.6320  0.8557  0.6749  0.4523  0.5726  0.6662  0.6777  0.7499  0.7499  0.4583  0.6293  0.7846  0.2504  0.000040
epoch:282 0.6258  0.8459  0.6834  0.4559  0.5746  0.6576  0.6620  0.7316  0.7316  0.4619  0.6270  0.7706  0.2594  0.000040
epoch:283 0.6364  0.8552  0.6679  0.4477  0.5834  0.6708  0.6826  0.7539  0.7539  0.4536  0.6341  0.7931  0.2519  0.000040
epoch:284 0.6314  0.8615  0.6765  0.5899  0.5713  0.6646  0.6664  0.7393  0.7393  0.5917  0.6190  0.7740  0.2534  0.000040
epoch:285 0.6390  0.8551  0.6852  0.4523  0.5818  0.6792  0.6816  0.7536  0.7536  0.4583  0.6337  0.7984  0.2488  0.000040
epoch:286 0.6273  0.8548  0.6773  0.4520  0.5592  0.6708  0.6672  0.7389  0.7389  0.4536  0.6151  0.7889  0.2489  0.000040
epoch:287 0.6875  0.9386  0.7537  0.4520  0.5733  0.7189  0.6606  0.7307  0.7307  0.4536  0.6274  0.7659  0.2571  0.000040
epoch:288 0.6379  0.8551  0.6763  0.4523  0.5873  0.6671  0.6822  0.7529  0.7529  0.4583  0.6341  0.7863  0.2492  0.000040
epoch:289 0.6399  0.8610  0.6831  0.5856  0.5734  0.6740  0.6808  0.7554  0.7554  0.5917  0.6246  0.7936  0.2514  0.000040
epoch:290 0.6293  0.8551  0.6790  0.4566  0.5852  0.6572  0.6636  0.7352  0.7352  0.4583  0.6361  0.7685  0.2435  0.000040
epoch:291 0.6361  0.8547  0.6719  0.4523  0.5866  0.6648  0.6821  0.7528  0.7528  0.4583  0.6341  0.7860  0.2568  0.000040
epoch:292 0.6293  0.8539  0.6785  0.4566  0.5802  0.6605  0.6678  0.7379  0.7379  0.4583  0.6317  0.7783  0.2577  0.000040
epoch:293 0.6938  0.9448  0.7689  0.5856  0.5640  0.7318  0.6638  0.7357  0.7357  0.5917  0.6186  0.7791  0.2451  0.000040
epoch:294 0.6370  0.8549  0.6725  0.4470  0.5834  0.6645  0.6797  0.7513  0.7513  0.4488  0.6341  0.7844  0.2493  0.000040
epoch:295 0.6987  0.9388  0.7629  0.4566  0.5882  0.7297  0.6657  0.7365  0.7365  0.4583  0.6361  0.7746  0.2512  0.000040
epoch:296 0.6993  0.9390  0.7566  0.4523  0.5851  0.7285  0.6680  0.7418  0.7418  0.4583  0.6333  0.7780  0.2526  0.000040
epoch:297 0.6391  0.8551  0.6799  0.4566  0.5873  0.6699  0.6825  0.7532  0.7532  0.4583  0.6341  0.7949  0.2543  0.000040
epoch:298 0.6288  0.8547  0.6725  0.4566  0.5844  0.6595  0.6648  0.7355  0.7355  0.4583  0.6341  0.7733  0.2473  0.000040
epoch:299 0.6283  0.8551  0.6773  0.4520  0.5814  0.6575  0.6618  0.7332  0.7332  0.4536  0.6293  0.7698  0.2503  0.000040
epoch:300 0.6242  0.8550  0.6750  0.4566  0.5814  0.6519  0.6602  0.7307  0.7307  0.4583  0.6337  0.7625  0.2518  0.000040
epoch:301 0.6959  0.9392  0.7604  0.4477  0.5746  0.7363  0.6671  0.7388  0.7388  0.4536  0.6254  0.7862  0.2529  0.000040
epoch:302 0.6914  0.9386  0.7549  0.4523  0.5672  0.7280  0.6639  0.7353  0.7353  0.4583  0.6250  0.7743  0.2502  0.000040
epoch:303 0.6917  0.9384  0.7530  0.4477  0.5752  0.7295  0.6638  0.7342  0.7342  0.4536  0.6293  0.7743  0.2481  0.000040
epoch:304 0.7132  0.9427  0.7687  0.5859  0.5635  0.7548  0.6851  0.7574  0.7574  0.5917  0.6250  0.8018  0.2452  0.000040
epoch:305 0.6357  0.8547  0.6731  0.4566  0.5736  0.6707  0.6804  0.7505  0.7505  0.4583  0.6274  0.7897  0.2545  0.000040
epoch:306 0.6903  0.9379  0.7589  0.4398  0.5821  0.7165  0.6616  0.7320  0.7320  0.4500  0.6317  0.7582  0.2434  0.000040
epoch:307 0.7024  0.9359  0.7660  0.5813  0.5570  0.7423  0.6782  0.7466  0.7466  0.5869  0.6119  0.7907  0.2464  0.000040
epoch:308 0.6354  0.8545  0.6780  0.4523  0.5825  0.6668  0.6798  0.7505  0.7505  0.4583  0.6317  0.7841  0.2500  0.000040
epoch:309 0.6892  0.9432  0.7575  0.5810  0.5558  0.7286  0.6619  0.7345  0.7345  0.5869  0.6139  0.7749  0.2488  0.000040
epoch:310 0.6434  0.8621  0.6806  0.5899  0.5861  0.6685  0.6868  0.7572  0.7572  0.5917  0.6341  0.7873  0.2521  0.000040
epoch:311 0.6930  0.9391  0.7613  0.4520  0.5811  0.7218  0.6597  0.7319  0.7319  0.4536  0.6337  0.7651  0.2503  0.000040
epoch:312 0.6343  0.8558  0.6730  0.4566  0.5779  0.6632  0.6787  0.7501  0.7501  0.4583  0.6317  0.7841  0.2518  0.000040
epoch:313 0.6327  0.8525  0.6719  0.4520  0.5792  0.6604  0.6773  0.7499  0.7499  0.4536  0.6317  0.7857  0.2483  0.000040
epoch:314 0.6899  0.9379  0.7569  0.4523  0.5801  0.7209  0.6615  0.7322  0.7322  0.4583  0.6313  0.7656  0.2453  0.000040
epoch:315 0.6374  0.8614  0.6782  0.5810  0.5676  0.6751  0.6877  0.7578  0.7578  0.5869  0.6270  0.8026  0.2485  0.000040
epoch:316 0.6933  0.9432  0.7574  0.5770  0.5716  0.7297  0.6665  0.7379  0.7379  0.5786  0.6274  0.7772  0.2450  0.000040
epoch:317 0.6453  0.8621  0.6849  0.5899  0.5767  0.6841  0.6847  0.7611  0.7611  0.5917  0.6317  0.8060  0.2452  0.000040
epoch:318 0.6306  0.8552  0.6728  0.4566  0.5853  0.6589  0.6648  0.7355  0.7355  0.4583  0.6321  0.7701  0.2420  0.000040
epoch:319 0.6915  0.9388  0.7540  0.4523  0.5765  0.7272  0.6634  0.7338  0.7338  0.4583  0.6274  0.7735  0.2508  0.000040
epoch:320 0.6981  0.9455  0.7583  0.5899  0.5731  0.7264  0.6692  0.7396  0.7396  0.5917  0.6238  0.7727  0.2495  0.000040
epoch:321 0.6330  0.8524  0.6786  0.4566  0.5794  0.6615  0.6812  0.7511  0.7511  0.4583  0.6298  0.7865  0.2486  0.000040
epoch:322 0.6390  0.8608  0.6779  0.5899  0.5792  0.6702  0.6836  0.7543  0.7543  0.5917  0.6317  0.7889  0.2489  0.000040
epoch:323 0.6249  0.8551  0.6733  0.4566  0.5583  0.6656  0.6617  0.7349  0.7349  0.4583  0.6162  0.7804  0.2489  0.000040
epoch:324 0.6975  0.9454  0.7532  0.5899  0.5798  0.7276  0.6664  0.7368  0.7368  0.5917  0.6298  0.7712  0.2467  0.000040
epoch:325 0.6369  0.8535  0.6847  0.4566  0.5698  0.6792  0.6805  0.7506  0.7506  0.4583  0.6226  0.7968  0.2462  0.000040
epoch:326 0.6361  0.8546  0.6745  0.4483  0.5801  0.6690  0.6805  0.7509  0.7509  0.4500  0.6298  0.7905  0.2463  0.000040
epoch:327 0.6957  0.9388  0.7570  0.4483  0.5768  0.7326  0.6678  0.7382  0.7382  0.4500  0.6298  0.7812  0.2461  0.000040
epoch:328 0.6927  0.9384  0.7540  0.4398  0.5827  0.7262  0.6639  0.7343  0.7343  0.4500  0.6357  0.7706  0.2492  0.000040
epoch:329 0.6328  0.8545  0.6799  0.4566  0.5666  0.6629  0.6796  0.7503  0.7503  0.4583  0.6151  0.7881  0.2440  0.000040
epoch:330 0.6284  0.8597  0.6778  0.5810  0.5700  0.6614  0.6644  0.7380  0.7380  0.5821  0.6210  0.7730  0.2486  0.000040
epoch:331 0.6363  0.8551  0.6725  0.4520  0.5807  0.6664  0.6800  0.7511  0.7511  0.4536  0.6298  0.7886  0.2482  0.000040
epoch:332 0.6379  0.8615  0.6707  0.5899  0.5792  0.6771  0.6819  0.7554  0.7554  0.5917  0.6353  0.7976  0.2437  0.000040
epoch:333 0.6445  0.8617  0.6774  0.5856  0.5851  0.6824  0.6910  0.7630  0.7630  0.5917  0.6361  0.8045  0.2442  0.000040
epoch:334 0.7209  0.9456  0.7624  0.5856  0.5851  0.7575  0.6904  0.7627  0.7627  0.5917  0.6361  0.8039  0.2399  0.000040
epoch:335 0.6351  0.8591  0.6773  0.5767  0.5659  0.6710  0.6813  0.7565  0.7565  0.5821  0.6186  0.7987  0.2411  0.000040
epoch:336 0.6970  0.9447  0.7599  0.5856  0.5711  0.7321  0.6656  0.7414  0.7414  0.5869  0.6274  0.7783  0.2445  0.000040
epoch:337 0.6352  0.8560  0.6727  0.4520  0.5726  0.6779  0.6808  0.7528  0.7528  0.4536  0.6265  0.8026  0.2422  0.000040
epoch:338 0.7112  0.9395  0.7613  0.4566  0.5761  0.7504  0.6811  0.7528  0.7528  0.4583  0.6298  0.7986  0.2427  0.000040
epoch:339 0.6280  0.8603  0.6795  0.5764  0.5643  0.6674  0.6669  0.7377  0.7377  0.5821  0.6230  0.7785  0.2487  0.000040
epoch:340 0.6381  0.8617  0.6780  0.5853  0.5754  0.6673  0.6830  0.7535  0.7535  0.5869  0.6274  0.7862  0.2519  0.000040
epoch:341 0.6958  0.9453  0.7622  0.5853  0.5708  0.7385  0.6691  0.7408  0.7408  0.5869  0.6293  0.7849  0.2454  0.000040
epoch:342 0.6367  0.8623  0.6787  0.5853  0.5754  0.6708  0.6810  0.7532  0.7532  0.5869  0.6274  0.7902  0.2401  0.000040
epoch:343 0.6306  0.8546  0.6742  0.4566  0.5844  0.6588  0.6649  0.7359  0.7359  0.4583  0.6337  0.7701  0.2425  0.000040
epoch:344 0.6275  0.8537  0.6763  0.4523  0.5632  0.6698  0.6680  0.7375  0.7375  0.4583  0.6143  0.7851  0.2398  0.000040
epoch:345 0.6404  0.8530  0.6744  0.4520  0.5853  0.6710  0.6819  0.7539  0.7539  0.4536  0.6317  0.7918  0.2475  0.000040
epoch:346 0.6957  0.9338  0.7595  0.4566  0.5755  0.7323  0.6640  0.7372  0.7372  0.4583  0.6293  0.7786  0.2441  0.000040
epoch:347 0.6307  0.8624  0.6734  0.5853  0.5766  0.6629  0.6702  0.7400  0.7400  0.5869  0.6298  0.7778  0.2453  0.000040
epoch:348 0.6395  0.8602  0.6774  0.5853  0.5773  0.6716  0.6866  0.7567  0.7567  0.5869  0.6298  0.7944  0.2388  0.000040
epoch:349 0.7118  0.9443  0.7616  0.5813  0.5662  0.7471  0.6846  0.7560  0.7560  0.5869  0.6274  0.7947  0.2410  0.000040
epoch:350 0.6303  0.8550  0.6694  0.4566  0.5896  0.6593  0.6670  0.7380  0.7380  0.4583  0.6420  0.7767  0.2463  0.000040
epoch:351 0.7193  0.9447  0.7597  0.5856  0.5758  0.7575  0.6880  0.7620  0.7620  0.5869  0.6278  0.8074  0.2407  0.000040
epoch:352 0.7157  0.9450  0.7584  0.5807  0.5788  0.7567  0.6882  0.7602  0.7602  0.5869  0.6313  0.8047  0.2493  0.000040
epoch:353 0.6975  0.9388  0.7562  0.4566  0.5819  0.7262  0.6668  0.7375  0.7375  0.4583  0.6317  0.7735  0.2433  0.000040
epoch:354 0.6359  0.8548  0.6708  0.4398  0.5851  0.6692  0.6810  0.7523  0.7523  0.4500  0.6361  0.7907  0.2457  0.000040
epoch:355 0.6350  0.8602  0.6798  0.5813  0.5715  0.6647  0.6797  0.7514  0.7514  0.5869  0.6293  0.7838  0.2430  0.000040
epoch:356 0.7114  0.9440  0.7610  0.5813  0.5750  0.7474  0.6815  0.7539  0.7539  0.5869  0.6298  0.7913  0.2459  0.000040
epoch:357 0.6360  0.8616  0.6783  0.5810  0.5807  0.6667  0.6710  0.7421  0.7421  0.5869  0.6298  0.7788  0.2425  0.000040
epoch:358 0.6269  0.8538  0.6750  0.4566  0.5760  0.6580  0.6641  0.7361  0.7361  0.4583  0.6317  0.7770  0.2472  0.000040
epoch:359 0.6384  0.8620  0.6719  0.5856  0.5753  0.6686  0.6819  0.7539  0.7539  0.5917  0.6293  0.7865  0.2420  0.000040
epoch:360 0.6255  0.8552  0.6728  0.4520  0.5787  0.6553  0.6603  0.7307  0.7307  0.4536  0.6293  0.7654  0.2454  0.000040
epoch:361 0.6378  0.8557  0.6796  0.4477  0.5840  0.6661  0.6807  0.7514  0.7514  0.4536  0.6361  0.7854  0.2450  0.000040
epoch:362 0.6274  0.8553  0.6740  0.4523  0.5754  0.6560  0.6584  0.7316  0.7316  0.4583  0.6230  0.7664  0.2392  0.000040
epoch:363 0.6347  0.8592  0.6759  0.5810  0.5735  0.6650  0.6791  0.7496  0.7496  0.5869  0.6274  0.7857  0.2434  0.000040
epoch:364 0.7179  0.9453  0.7557  0.5856  0.5826  0.7518  0.6865  0.7582  0.7582  0.5917  0.6317  0.7947  0.2441  0.000040
epoch:365 0.6383  0.8618  0.6823  0.5810  0.5727  0.6726  0.6844  0.7548  0.7548  0.5869  0.6298  0.7915  0.2404  0.000040
epoch:366 0.6971  0.9441  0.7600  0.5685  0.5742  0.7331  0.6678  0.7382  0.7382  0.5786  0.6270  0.7770  0.2414  0.000040
epoch:367 0.6360  0.8533  0.6737  0.4520  0.5813  0.6646  0.6789  0.7509  0.7509  0.4536  0.6317  0.7868  0.2410  0.000040
epoch:368 0.6950  0.9380  0.7629  0.4566  0.5851  0.7218  0.6616  0.7326  0.7326  0.4583  0.6337  0.7653  0.2430  0.000040
epoch:369 0.6394  0.8628  0.6823  0.5810  0.5661  0.6693  0.6852  0.7553  0.7553  0.5869  0.6238  0.7881  0.2412  0.000040
epoch:370 0.6374  0.8617  0.6797  0.5767  0.5791  0.6703  0.6809  0.7538  0.7538  0.5821  0.6329  0.7891  0.2422  0.000040
epoch:371 0.7189  0.9447  0.7637  0.5813  0.5676  0.7605  0.6876  0.7613  0.7613  0.5869  0.6270  0.8076  0.2406  0.000040
epoch:372 0.6311  0.8558  0.6815  0.4351  0.5601  0.6710  0.6778  0.7489  0.7489  0.4452  0.6190  0.7965  0.2387  0.000040
epoch:373 0.6261  0.8547  0.6740  0.4520  0.5801  0.6538  0.6612  0.7323  0.7323  0.4536  0.6337  0.7675  0.2469  0.000040
epoch:374 0.6388  0.8601  0.6809  0.5810  0.5699  0.6759  0.6859  0.7553  0.7553  0.5869  0.6274  0.7973  0.2438  0.000040
epoch:375 0.6458  0.8596  0.6782  0.5856  0.5824  0.6786  0.6888  0.7604  0.7604  0.5917  0.6313  0.8027  0.2357  0.000040
epoch:376 0.6386  0.8613  0.6771  0.5813  0.5706  0.6739  0.6832  0.7549  0.7549  0.5869  0.6270  0.7934  0.2444  0.000040
epoch:377 0.6418  0.8559  0.6779  0.4566  0.5770  0.6739  0.6834  0.7554  0.7554  0.4583  0.6289  0.7925  0.2463  0.000040
epoch:378 0.6391  0.8623  0.6735  0.5810  0.5667  0.6720  0.6836  0.7553  0.7553  0.5869  0.6230  0.7889  0.2390  0.000040
epoch:379 0.6424  0.8619  0.6823  0.5856  0.5759  0.6799  0.6869  0.7591  0.7591  0.5917  0.6313  0.8029  0.2476  0.000040
epoch:380 0.6930  0.9356  0.7613  0.4523  0.5681  0.7284  0.6648  0.7352  0.7352  0.4583  0.6274  0.7762  0.2437  0.000040
epoch:381 0.6991  0.9446  0.7561  0.5817  0.5830  0.7269  0.6687  0.7397  0.7397  0.5833  0.6337  0.7767  0.2425  0.000040
epoch:382 0.6320  0.8544  0.6680  0.4523  0.5609  0.6600  0.6786  0.7483  0.7483  0.4583  0.6146  0.7825  0.2437  0.000040
epoch:383 0.6464  0.8606  0.6797  0.5856  0.5746  0.6837  0.6905  0.7622  0.7622  0.5917  0.6293  0.8050  0.2448  0.000040
epoch:384 0.6958  0.9380  0.7608  0.4483  0.5782  0.7325  0.6632  0.7342  0.7342  0.4500  0.6254  0.7796  0.2468  0.000040
epoch:385 0.7152  0.9450  0.7637  0.5899  0.5737  0.7564  0.6852  0.7587  0.7587  0.5917  0.6309  0.8031  0.2380  0.000040
epoch:386 0.6433  0.8623  0.6805  0.5810  0.5794  0.6743  0.6874  0.7588  0.7588  0.5869  0.6341  0.7947  0.2445  0.000040
epoch:387 0.6347  0.8552  0.6750  0.4477  0.5770  0.6628  0.6779  0.7480  0.7480  0.4536  0.6293  0.7818  0.2439  0.000040
epoch:388 0.6377  0.8601  0.6798  0.5685  0.5741  0.6743  0.6819  0.7533  0.7533  0.5786  0.6246  0.7939  0.2399  0.000040
epoch:389 0.6301  0.8515  0.6739  0.4398  0.5810  0.6648  0.6648  0.7362  0.7362  0.4500  0.6298  0.7775  0.2349  0.000040
epoch:390 0.6314  0.8553  0.6740  0.4398  0.5837  0.6640  0.6768  0.7475  0.7475  0.4500  0.6401  0.7844  0.2409  0.000040
epoch:391 0.6405  0.8617  0.6658  0.5810  0.5897  0.6658  0.6836  0.7537  0.7537  0.5869  0.6381  0.7839  0.2420  0.000040
epoch:392 0.7168  0.9441  0.7655  0.5813  0.5750  0.7564  0.6875  0.7592  0.7592  0.5869  0.6258  0.8031  0.2458  0.000040
epoch:393 0.6375  0.8539  0.6804  0.4523  0.5682  0.6788  0.6844  0.7567  0.7567  0.4583  0.6265  0.8049  0.2431  0.000040
epoch:394 0.6952  0.9362  0.7556  0.4483  0.5795  0.7276  0.6642  0.7359  0.7359  0.4500  0.6317  0.7765  0.2382  0.000040
epoch:395 0.6335  0.8618  0.6814  0.5810  0.5900  0.6632  0.6771  0.7471  0.7471  0.5869  0.6396  0.7819  0.2400  0.000040
epoch:396 0.6240  0.8535  0.6758  0.4566  0.5590  0.6551  0.6644  0.7338  0.7338  0.4583  0.6127  0.7714  0.2389  0.000040
epoch:397 0.6956  0.9369  0.7661  0.4477  0.5619  0.7378  0.6638  0.7349  0.7349  0.4536  0.6143  0.7852  0.2409  0.000040
epoch:398 0.7261  0.9356  0.7618  0.5813  0.5638  0.7613  0.7000  0.7684  0.7684  0.5869  0.6222  0.8119  0.2401  0.000040
epoch:399 0.6361  0.8558  0.6799  0.4483  0.5799  0.6640  0.6807  0.7517  0.7517  0.4500  0.6361  0.7820  0.2351  0.000040
epoch:400 0.7014  0.9441  0.7656  0.5810  0.5807  0.7339  0.6695  0.7409  0.7409  0.5869  0.6298  0.7793  0.2369  0.000040
epoch:401 0.6364  0.8605  0.6822  0.5767  0.5588  0.6667  0.6821  0.7532  0.7532  0.5821  0.6162  0.7897  0.2447  0.000040
epoch:402 0.6382  0.8538  0.6812  0.4523  0.5773  0.6740  0.6823  0.7558  0.7558  0.4583  0.6313  0.7997  0.2394  0.000040
epoch:403 0.6412  0.8607  0.6829  0.5856  0.5744  0.6762  0.6856  0.7576  0.7576  0.5917  0.6337  0.7989  0.2442  0.000040
epoch:404 0.6494  0.8610  0.6824  0.5896  0.5788  0.6882  0.6922  0.7645  0.7645  0.5952  0.6230  0.8121  0.2359  0.000040
epoch:405 0.6445  0.8596  0.6812  0.5856  0.5718  0.6821  0.6889  0.7606  0.7606  0.5917  0.6270  0.8036  0.2378  0.000040
epoch:406 0.6950  0.9385  0.7573  0.4483  0.5883  0.7278  0.6660  0.7364  0.7364  0.4500  0.6401  0.7762  0.2386  0.000040
epoch:407 0.6294  0.8618  0.6820  0.5810  0.5679  0.6619  0.6652  0.7372  0.7372  0.5869  0.6265  0.7719  0.2413  0.000040
epoch:408 0.6362  0.8552  0.6779  0.4477  0.5800  0.6639  0.6794  0.7497  0.7497  0.4536  0.6337  0.7833  0.2391  0.000040
epoch:409 0.6396  0.8553  0.6802  0.4477  0.5778  0.6708  0.6823  0.7536  0.7536  0.4536  0.6333  0.7896  0.2402  0.000040
epoch:410 0.6285  0.8605  0.6794  0.5767  0.5584  0.6679  0.6672  0.7380  0.7380  0.5821  0.6207  0.7796  0.2376  0.000040
epoch:411 0.6279  0.8512  0.6829  0.5939  0.5673  0.6652  0.6677  0.7367  0.7367  0.6000  0.6162  0.7793  0.2385  0.000040
epoch:412 0.6420  0.8601  0.6750  0.5856  0.5673  0.6747  0.6879  0.7590  0.7590  0.5917  0.6254  0.7962  0.2417  0.000040
epoch:413 0.6345  0.8525  0.6756  0.4477  0.5739  0.6639  0.6791  0.7507  0.7507  0.4536  0.6317  0.7857  0.2429  0.000040
epoch:414 0.6381  0.8615  0.6785  0.5767  0.5635  0.6777  0.6837  0.7548  0.7548  0.5821  0.6226  0.8005  0.2441  0.000040
epoch:415 0.6476  0.8610  0.6778  0.5856  0.5750  0.6845  0.6903  0.7623  0.7623  0.5917  0.6293  0.8057  0.2393  0.000040
epoch:416 0.6230  0.8535  0.6761  0.4398  0.5762  0.6534  0.6604  0.7324  0.7324  0.4500  0.6337  0.7683  0.2397  0.000040
epoch:417 0.6962  0.9394  0.7616  0.4483  0.5850  0.7298  0.6632  0.7355  0.7355  0.4500  0.6380  0.7741  0.2383  0.000040
epoch:418 0.6430  0.8597  0.6755  0.5856  0.5692  0.6796  0.6865  0.7588  0.7588  0.5917  0.6210  0.8031  0.2389  0.000040
epoch:419 0.6415  0.8601  0.6742  0.5810  0.5794  0.6693  0.6888  0.7582  0.7582  0.5869  0.6317  0.7923  0.2370  0.000040
epoch:420 0.6406  0.8605  0.6811  0.5813  0.5620  0.6842  0.6865  0.7579  0.7579  0.5869  0.6226  0.8055  0.2361  0.000040
epoch:421 0.6360  0.8586  0.6743  0.5685  0.5819  0.6672  0.6837  0.7551  0.7551  0.5786  0.6317  0.7942  0.2392  0.000040
epoch:422 0.6332  0.8619  0.6803  0.5813  0.5784  0.6655  0.6687  0.7401  0.7401  0.5869  0.6270  0.7801  0.2347  0.000040
epoch:423 0.6269  0.8589  0.6780  0.5810  0.5752  0.6536  0.6661  0.7378  0.7378  0.5869  0.6337  0.7701  0.2368  0.000040
epoch:424 0.6373  0.8630  0.6823  0.5810  0.5765  0.6671  0.6827  0.7544  0.7544  0.5869  0.6337  0.7865  0.2399  0.000040
epoch:425 0.6379  0.8599  0.6827  0.5810  0.5598  0.6731  0.6836  0.7556  0.7556  0.5869  0.6225  0.7960  0.2358  0.000040
epoch:426 0.6427  0.8622  0.6828  0.5724  0.5832  0.6773  0.6862  0.7582  0.7582  0.5833  0.6337  0.8005  0.2428  0.000040
epoch:427 0.6336  0.8560  0.6818  0.4398  0.5508  0.6748  0.6795  0.7505  0.7505  0.4500  0.6146  0.7939  0.2389  0.000040
epoch:428 0.6388  0.8591  0.6821  0.5856  0.5801  0.6702  0.6822  0.7539  0.7539  0.5917  0.6313  0.7899  0.2371  0.000040
epoch:429 0.6336  0.8616  0.6843  0.5856  0.5745  0.6706  0.6718  0.7438  0.7438  0.5917  0.6313  0.7864  0.2422  0.000040
epoch:430 0.6360  0.8546  0.6818  0.4477  0.5819  0.6631  0.6790  0.7510  0.7510  0.4536  0.6356  0.7852  0.2417  0.000040
epoch:431 0.6898  0.9357  0.7587  0.5731  0.5518  0.7206  0.6650  0.7338  0.7338  0.5833  0.6115  0.7653  0.2406  0.000040
epoch:432 0.6450  0.8544  0.6812  0.4398  0.5797  0.6793  0.6878  0.7600  0.7600  0.4500  0.6356  0.8007  0.2373  0.000040
epoch:433 0.6382  0.8614  0.6756  0.5856  0.5664  0.6645  0.6843  0.7554  0.7554  0.5917  0.6274  0.7881  0.2323  0.000040
epoch:434 0.6396  0.8601  0.6680  0.5856  0.5803  0.6716  0.6834  0.7551  0.7551  0.5917  0.6317  0.7910  0.2363  0.000040
epoch:435 0.6415  0.8618  0.6753  0.5810  0.5819  0.6696  0.6850  0.7563  0.7563  0.5869  0.6356  0.7884  0.2360  0.000040
epoch:436 0.6406  0.8588  0.6736  0.5685  0.5786  0.6715  0.6883  0.7578  0.7578  0.5786  0.6317  0.7958  0.2388  0.000040
epoch:437 0.6340  0.8613  0.6797  0.5813  0.5694  0.6670  0.6722  0.7436  0.7436  0.5869  0.6270  0.7785  0.2370  0.000040
epoch:438 0.6345  0.8525  0.6750  0.4523  0.5713  0.6659  0.6796  0.7516  0.7516  0.4583  0.6337  0.7902  0.2392  0.000040
epoch:439 0.6326  0.8609  0.6784  0.5856  0.5702  0.6654  0.6690  0.7407  0.7407  0.5917  0.6317  0.7732  0.2370  0.000040
epoch:440 0.7201  0.9441  0.7612  0.5770  0.5781  0.7596  0.6922  0.7639  0.7639  0.5786  0.6317  0.8078  0.2415  0.000040
epoch:441 0.6306  0.8548  0.6806  0.4398  0.5757  0.6694  0.6666  0.7385  0.7385  0.4500  0.6254  0.7857  0.2378  0.000040
epoch:442 0.6357  0.8541  0.6784  0.4398  0.5770  0.6728  0.6828  0.7535  0.7535  0.4500  0.6317  0.8000  0.2356  0.000040
epoch:443 0.6394  0.8546  0.6741  0.4566  0.5828  0.6689  0.6810  0.7523  0.7523  0.4631  0.6356  0.7884  0.2353  0.000040
epoch:444 0.6371  0.8539  0.6760  0.4477  0.5806  0.6646  0.6829  0.7533  0.7533  0.4536  0.6337  0.7926  0.2371  0.000040
epoch:445 0.6435  0.8621  0.6781  0.5856  0.5809  0.6790  0.6868  0.7588  0.7588  0.5917  0.6337  0.8005  0.2384  0.000040
epoch:446 0.6359  0.8537  0.6767  0.4351  0.5806  0.6674  0.6791  0.7508  0.7508  0.4452  0.6337  0.7905  0.2449  0.000040
epoch:447 0.7260  0.9426  0.7475  0.5767  0.5627  0.7677  0.6993  0.7707  0.7707  0.5821  0.6274  0.8098  0.2389  0.000040
epoch:448 0.6403  0.8620  0.6751  0.5731  0.5823  0.6648  0.6827  0.7543  0.7543  0.5833  0.6376  0.7799  0.2320  0.000040
epoch:449 0.6408  0.8599  0.6766  0.5856  0.5628  0.6803  0.6865  0.7585  0.7585  0.5917  0.6270  0.7986  0.2349  0.000040
epoch:450 0.6419  0.8546  0.6764  0.4523  0.5828  0.6745  0.6855  0.7565  0.7565  0.4583  0.6380  0.7981  0.2460  0.000040
epoch:451 0.6351  0.8546  0.6806  0.4566  0.5578  0.6695  0.6800  0.7510  0.7510  0.4631  0.6151  0.7945  0.2314  0.000040
epoch:452 0.6402  0.8611  0.6757  0.5856  0.5683  0.6764  0.6878  0.7582  0.7582  0.5917  0.6298  0.7952  0.2390  0.000040
epoch:453 0.6289  0.8541  0.6780  0.4523  0.5628  0.6640  0.6682  0.7398  0.7398  0.4583  0.6242  0.7846  0.2371  0.000040
epoch:454 0.6240  0.8520  0.6719  0.4523  0.5728  0.6540  0.6601  0.7308  0.7308  0.4583  0.6317  0.7637  0.2352  0.000040
epoch:455 0.6398  0.8610  0.6792  0.5731  0.5801  0.6731  0.6863  0.7563  0.7563  0.5833  0.6337  0.7971  0.2386  0.000040
epoch:456 0.6307  0.8621  0.6764  0.5731  0.5720  0.6629  0.6674  0.7393  0.7393  0.5833  0.6337  0.7759  0.2366  0.000040
epoch:457 0.7182  0.9443  0.7645  0.5688  0.5733  0.7574  0.6879  0.7602  0.7602  0.5786  0.6313  0.8041  0.2368  0.000040
epoch:458 0.6433  0.8619  0.6794  0.5688  0.5778  0.6803  0.6868  0.7582  0.7582  0.5786  0.6254  0.7988  0.2404  0.000040
epoch:459 0.6371  0.8542  0.6780  0.4477  0.5792  0.6673  0.6818  0.7523  0.7523  0.4536  0.6317  0.7886  0.2429  0.000040
epoch:460 0.6317  0.8599  0.6779  0.5856  0.5708  0.6640  0.6679  0.7392  0.7392  0.5917  0.6274  0.7730  0.2376  0.000040
epoch:461 0.6362  0.8605  0.6706  0.5731  0.5699  0.6718  0.6828  0.7532  0.7532  0.5833  0.6274  0.7902  0.2318  0.000040
epoch:462 0.6351  0.8615  0.6604  0.5731  0.5748  0.6668  0.6826  0.7533  0.7533  0.5833  0.6313  0.7871  0.2314  0.000040
epoch:463 0.6409  0.8560  0.6784  0.4523  0.5828  0.6729  0.6830  0.7553  0.7553  0.4583  0.6356  0.7921  0.2357  0.000040
epoch:464 0.6303  0.8536  0.6690  0.4398  0.5730  0.6675  0.6701  0.7393  0.7393  0.4500  0.6298  0.7825  0.2345  0.000040
epoch:465 0.6361  0.8599  0.6783  0.5856  0.5747  0.6715  0.6710  0.7427  0.7427  0.5917  0.6313  0.7807  0.2356  0.000040
epoch:466 0.6394  0.8598  0.6781  0.5731  0.5829  0.6746  0.6743  0.7463  0.7463  0.5833  0.6337  0.7846  0.2402  0.000040
epoch:467 0.6324  0.8618  0.6825  0.5688  0.5754  0.6700  0.6686  0.7403  0.7403  0.5786  0.6250  0.7851  0.2328  0.000040
epoch:468 0.6324  0.8588  0.6726  0.5856  0.5724  0.6610  0.6690  0.7410  0.7410  0.5917  0.6356  0.7714  0.2331  0.000040
epoch:469 0.6418  0.8606  0.6776  0.5893  0.5677  0.6782  0.6913  0.7618  0.7618  0.5952  0.6278  0.8028  0.2345  0.000040
epoch:470 0.6323  0.8587  0.6851  0.5523  0.5717  0.6680  0.6691  0.7402  0.7402  0.5583  0.6317  0.7825  0.2290  0.000040
epoch:471 0.6373  0.8552  0.6793  0.4398  0.5742  0.6710  0.6782  0.7499  0.7499  0.4500  0.6298  0.7868  0.2313  0.000040
epoch:472 0.6388  0.8520  0.6818  0.5810  0.5647  0.6757  0.6889  0.7577  0.7577  0.5869  0.6258  0.7973  0.2308  0.000040
epoch:473 0.6334  0.8603  0.6777  0.5939  0.5668  0.6705  0.6739  0.7440  0.7440  0.6000  0.6230  0.7801  0.2290  0.000040
epoch:474 0.6323  0.8605  0.6773  0.5939  0.5737  0.6604  0.6698  0.7396  0.7396  0.6000  0.6293  0.7690  0.2374  0.000040
epoch:475 0.6390  0.8618  0.6817  0.5810  0.5622  0.6703  0.6851  0.7558  0.7558  0.5869  0.6254  0.7889  0.2345  0.000040
epoch:476 0.6309  0.8543  0.6786  0.4398  0.5675  0.6723  0.6673  0.7390  0.7390  0.4500  0.6293  0.7862  0.2335  0.000040
epoch:477 0.6371  0.8607  0.6818  0.5731  0.5743  0.6677  0.6828  0.7541  0.7541  0.5833  0.6356  0.7846  0.2323  0.000040
epoch:478 0.6338  0.8612  0.6788  0.5731  0.5689  0.6745  0.6718  0.7435  0.7435  0.5833  0.6317  0.7881  0.2317  0.000040
epoch:479 0.6288  0.8547  0.6711  0.4477  0.5819  0.6564  0.6655  0.7365  0.7365  0.4536  0.6356  0.7764  0.2310  0.000040
epoch:480 0.6380  0.8603  0.6734  0.5849  0.5655  0.6752  0.6838  0.7566  0.7566  0.5905  0.6274  0.7947  0.2361  0.000040
epoch:481 0.6388  0.8525  0.6820  0.4523  0.5821  0.6668  0.6827  0.7525  0.7525  0.4583  0.6356  0.7860  0.2339  0.000040
epoch:482 0.6314  0.8525  0.6779  0.4523  0.5718  0.6657  0.6704  0.7421  0.7421  0.4583  0.6337  0.7824  0.2332  0.000040
epoch:483 0.6426  0.8594  0.6747  0.5731  0.5702  0.6798  0.6916  0.7633  0.7633  0.5833  0.6317  0.8026  0.2368  0.000040
epoch:484 0.6371  0.8605  0.6796  0.5767  0.5806  0.6673  0.6811  0.7528  0.7528  0.5821  0.6313  0.7897  0.2319  0.000040
epoch:485 0.6226  0.8517  0.6700  0.4441  0.5651  0.6544  0.6602  0.7322  0.7322  0.4548  0.6234  0.7728  0.2349  0.000040
epoch:486 0.6386  0.8595  0.6695  0.5856  0.5761  0.6666  0.6856  0.7550  0.7550  0.5917  0.6293  0.7868  0.2292  0.000040
epoch:487 0.6396  0.8584  0.6782  0.5810  0.5723  0.6703  0.6867  0.7584  0.7584  0.5869  0.6341  0.7907  0.2309  0.000040
epoch:488 0.6394  0.8533  0.6818  0.4477  0.5794  0.6697  0.6814  0.7543  0.7543  0.4536  0.6356  0.7907  0.2286  0.000040
epoch:489 0.6496  0.8616  0.6821  0.5856  0.5802  0.6851  0.6933  0.7647  0.7647  0.5917  0.6298  0.8071  0.2342  0.000040
epoch:490 0.6313  0.8544  0.6748  0.4562  0.5711  0.6679  0.6674  0.7388  0.7388  0.4619  0.6317  0.7786  0.2348  0.000040
epoch:491 0.6332  0.8591  0.6740  0.5856  0.5700  0.6714  0.6738  0.7454  0.7454  0.5917  0.6321  0.7864  0.2320  0.000040
epoch:492 0.6372  0.8540  0.6768  0.4477  0.5794  0.6645  0.6828  0.7529  0.7529  0.4536  0.6341  0.7908  0.2317  0.000040
epoch:493 0.6410  0.8621  0.6806  0.5856  0.5802  0.6731  0.6876  0.7590  0.7590  0.5917  0.6356  0.7958  0.2320  0.000040
epoch:494 0.6420  0.8538  0.6759  0.4523  0.5773  0.6815  0.6874  0.7594  0.7594  0.4583  0.6337  0.8079  0.2338  0.000040
epoch:495 0.6342  0.8549  0.6790  0.4398  0.5790  0.6652  0.6780  0.7493  0.7493  0.4500  0.6356  0.7833  0.2343  0.000040
epoch:496 0.6419  0.8604  0.6781  0.5856  0.5662  0.6801  0.6904  0.7621  0.7621  0.5917  0.6250  0.8023  0.2322  0.000040
epoch:497 0.6451  0.8607  0.6826  0.5685  0.5820  0.6843  0.6899  0.7616  0.7616  0.5786  0.6341  0.8042  0.2371  0.000040
epoch:498 0.6498  0.8599  0.6793  0.5856  0.5825  0.6870  0.6957  0.7680  0.7680  0.5917  0.6361  0.8094  0.2310  0.000040
epoch:499 0.6341  0.8546  0.6784  0.4523  0.5752  0.6698  0.6715  0.7432  0.7432  0.4583  0.6321  0.7832  0.2355  0.000040
epoch:500 0.6391  0.8535  0.6807  0.4523  0.5681  0.6791  0.6883  0.7597  0.7597  0.4583  0.6238  0.8047  0.2309  0.000040
epoch:501 0.6387  0.8539  0.6703  0.4477  0.5791  0.6716  0.6855  0.7560  0.7560  0.4536  0.6424  0.7965  0.2329  0.000040
epoch:502 0.7240  0.9460  0.7698  0.5856  0.5854  0.7587  0.6923  0.7649  0.7649  0.5917  0.6313  0.8047  0.2319  0.000040
epoch:503 0.6384  0.8594  0.6813  0.5856  0.5739  0.6649  0.6821  0.7541  0.7541  0.5917  0.6313  0.7844  0.2291  0.000040
epoch:504 0.6327  0.8538  0.6622  0.4477  0.5773  0.6607  0.6784  0.7482  0.7482  0.4536  0.6298  0.7818  0.2291  0.000040
epoch:505 0.6336  0.8548  0.6818  0.4480  0.5814  0.6702  0.6704  0.7415  0.7415  0.4583  0.6313  0.7817  0.2323  0.000040
epoch:506 0.6391  0.8622  0.6774  0.5731  0.5738  0.6752  0.6839  0.7553  0.7553  0.5833  0.6298  0.7931  0.2381  0.000040
epoch:507 0.6397  0.8560  0.6807  0.4398  0.5913  0.6743  0.6820  0.7530  0.7530  0.4500  0.6337  0.7926  0.2315  0.000040
epoch:508 0.6441  0.8585  0.6756  0.5685  0.5711  0.6819  0.6902  0.7616  0.7616  0.5786  0.6298  0.8050  0.2293  0.000040
epoch:509 0.6396  0.8602  0.6757  0.5810  0.5820  0.6646  0.6868  0.7565  0.7565  0.5869  0.6337  0.7846  0.2317  0.000040
epoch:510 0.6433  0.8603  0.6764  0.5813  0.5688  0.6777  0.6893  0.7604  0.7604  0.5869  0.6345  0.7926  0.2318  0.000040
epoch:511 0.6388  0.8620  0.6811  0.5810  0.5737  0.6706  0.6845  0.7555  0.7555  0.5869  0.6313  0.7921  0.2359  0.000040
epoch:512 0.6339  0.8542  0.6780  0.4398  0.5896  0.6714  0.6695  0.7405  0.7405  0.4500  0.6337  0.7854  0.2270  0.000040
epoch:513 0.6404  0.8609  0.6759  0.5685  0.5812  0.6728  0.6859  0.7569  0.7569  0.5786  0.6337  0.7942  0.2307  0.000040
epoch:514 0.6380  0.8609  0.6825  0.5685  0.5796  0.6707  0.6855  0.7575  0.7575  0.5786  0.6309  0.7915  0.2369  0.000040
epoch:515 0.6432  0.8606  0.6821  0.5813  0.5740  0.6825  0.6911  0.7628  0.7628  0.5869  0.6317  0.8010  0.2337  0.000040
epoch:516 0.6430  0.8606  0.6774  0.5856  0.5731  0.6816  0.6877  0.7597  0.7597  0.5917  0.6298  0.8031  0.2346  0.000040
epoch:517 0.6407  0.8515  0.6801  0.5856  0.5738  0.6715  0.6899  0.7589  0.7589  0.5917  0.6293  0.7909  0.2302  0.000040
epoch:518 0.6345  0.8545  0.6747  0.4523  0.5726  0.6720  0.6800  0.7504  0.7504  0.4583  0.6274  0.7939  0.2319  0.000040
epoch:519 0.6428  0.8525  0.6827  0.5939  0.5819  0.6739  0.6886  0.7577  0.7577  0.6000  0.6274  0.7934  0.2260  0.000040
epoch:520 0.6262  0.8610  0.6696  0.5810  0.5782  0.6564  0.6631  0.7342  0.7342  0.5869  0.6298  0.7704  0.2274  0.000040
epoch:521 0.6390  0.8594  0.6832  0.5731  0.5831  0.6749  0.6839  0.7556  0.7556  0.5833  0.6317  0.7955  0.2325  0.000040
epoch:522 0.6468  0.8625  0.6802  0.5731  0.5876  0.6799  0.6905  0.7615  0.7615  0.5833  0.6337  0.8018  0.2326  0.000040
epoch:523 0.6463  0.8605  0.6747  0.5810  0.5799  0.6812  0.6879  0.7599  0.7599  0.5869  0.6234  0.7994  0.2263  0.000040
epoch:524 0.6343  0.8610  0.6869  0.5685  0.5742  0.6640  0.6848  0.7558  0.7558  0.5786  0.6270  0.7946  0.2302  0.000040
epoch:525 0.6537  0.8610  0.6858  0.5856  0.5866  0.6909  0.7082  0.7807  0.7807  0.5917  0.6396  0.8174  0.2286  0.000040
epoch:526 0.6443  0.8618  0.6849  0.5767  0.5832  0.6746  0.6860  0.7568  0.7568  0.5821  0.6317  0.7899  0.2328  0.000040
epoch:527 0.6368  0.8525  0.6849  0.4398  0.5801  0.6793  0.6715  0.7434  0.7434  0.4500  0.6254  0.7944  0.2305  0.000040
epoch:528 0.6399  0.8541  0.6751  0.4477  0.6009  0.6666  0.6838  0.7536  0.7536  0.4536  0.6420  0.7913  0.2332  0.000040
epoch:529 0.6448  0.8620  0.6808  0.5810  0.5757  0.6782  0.6908  0.7622  0.7622  0.5869  0.6321  0.7949  0.2289  0.000040
epoch:530 0.6415  0.8617  0.6749  0.5731  0.5779  0.6810  0.6883  0.7590  0.7590  0.5833  0.6361  0.7997  0.2282  0.000040
epoch:531 0.6377  0.8546  0.6781  0.4523  0.5788  0.6690  0.6815  0.7525  0.7525  0.4583  0.6273  0.7933  0.2270  0.000040
epoch:532 0.6994  0.9381  0.7687  0.4398  0.5823  0.7369  0.6716  0.7429  0.7429  0.4500  0.6356  0.7886  0.2301  0.000040
epoch:533 0.6440  0.8609  0.6812  0.5767  0.5682  0.6783  0.6913  0.7621  0.7621  0.5821  0.6210  0.7991  0.2349  0.000040
epoch:534 0.6364  0.8601  0.6758  0.5523  0.5786  0.6635  0.6834  0.7532  0.7532  0.5583  0.6337  0.7841  0.2271  0.000040
epoch:535 0.6447  0.8617  0.6728  0.5810  0.5819  0.6749  0.6906  0.7607  0.7607  0.5869  0.6317  0.7955  0.2255  0.000040
epoch:536 0.6463  0.8611  0.6864  0.5856  0.5907  0.6801  0.6932  0.7652  0.7652  0.5917  0.6353  0.8081  0.2298  0.000040
epoch:537 0.6432  0.8589  0.6743  0.5810  0.5782  0.6751  0.6878  0.7589  0.7589  0.5869  0.6298  0.7974  0.2242  0.000040
epoch:538 0.6354  0.8611  0.6768  0.5767  0.5734  0.6707  0.6808  0.7522  0.7522  0.5821  0.6298  0.7916  0.2287  0.000040
epoch:539 0.6389  0.8530  0.6778  0.4606  0.5662  0.6789  0.6870  0.7581  0.7581  0.4667  0.6238  0.8026  0.2303  0.000040
epoch:540 0.6424  0.8591  0.6776  0.5731  0.5747  0.6788  0.6895  0.7609  0.7609  0.5833  0.6298  0.8031  0.2284  0.000040
epoch:541 0.6478  0.8587  0.6857  0.5810  0.5792  0.6810  0.6909  0.7626  0.7626  0.5869  0.6337  0.7994  0.2377  0.000040
epoch:542 0.6421  0.8608  0.6836  0.5767  0.5716  0.6777  0.6867  0.7584  0.7584  0.5821  0.6289  0.7984  0.2293  0.000040
epoch:543 0.6557  0.8603  0.6782  0.5939  0.5890  0.6954  0.7112  0.7826  0.7826  0.6000  0.6401  0.8269  0.2262  0.000040
epoch:544 0.6417  0.8624  0.6895  0.5731  0.5855  0.6754  0.6846  0.7559  0.7559  0.5833  0.6313  0.7934  0.2358  0.000040
epoch:545 0.6356  0.8603  0.6728  0.5813  0.5747  0.6689  0.6758  0.7472  0.7472  0.5869  0.6317  0.7848  0.2307  0.000040
epoch:546 0.6490  0.8618  0.6857  0.5731  0.5937  0.6836  0.6928  0.7641  0.7641  0.5833  0.6337  0.8020  0.2286  0.000040
epoch:547 0.6284  0.8610  0.6774  0.5731  0.5763  0.6576  0.6680  0.7391  0.7391  0.5833  0.6444  0.7680  0.2259  0.000040
epoch:548 0.6423  0.8606  0.6726  0.5731  0.5906  0.6750  0.6865  0.7576  0.7576  0.5833  0.6313  0.7952  0.2376  0.000040
epoch:549 0.6439  0.8606  0.6825  0.5731  0.5853  0.6798  0.6905  0.7621  0.7621  0.5833  0.6317  0.8010  0.2237  0.000040
epoch:550 0.6390  0.8553  0.6796  0.4477  0.5913  0.6679  0.6820  0.7537  0.7537  0.4536  0.6361  0.7923  0.2302  0.000040
epoch:551 0.6470  0.8614  0.6862  0.5731  0.5926  0.6815  0.6901  0.7611  0.7611  0.5833  0.6317  0.7997  0.2256  0.000040
epoch:552 0.6362  0.8607  0.6846  0.5685  0.5746  0.6793  0.6840  0.7540  0.7540  0.5786  0.6289  0.7973  0.2281  0.000040
epoch:553 0.6996  0.9444  0.7678  0.5731  0.5805  0.7299  0.6675  0.7398  0.7398  0.5833  0.6337  0.7722  0.2247  0.000040
epoch:554 0.6381  0.8548  0.6784  0.4398  0.5896  0.6684  0.6801  0.7508  0.7508  0.4500  0.6317  0.7852  0.2289  0.000040
epoch:555 0.6402  0.8604  0.6757  0.5731  0.5766  0.6727  0.6902  0.7599  0.7599  0.5833  0.6337  0.7925  0.2297  0.000040
epoch:556 0.7127  0.9468  0.7657  0.5770  0.5633  0.7520  0.6875  0.7575  0.7575  0.5786  0.6202  0.8019  0.2281  0.000040
epoch:557 0.6323  0.8603  0.6780  0.5731  0.5754  0.6696  0.6739  0.7456  0.7456  0.5833  0.6317  0.7891  0.2240  0.000040
epoch:558 0.6319  0.8608  0.6668  0.5810  0.5765  0.6612  0.6705  0.7410  0.7410  0.5869  0.6313  0.7727  0.2261  0.000040
epoch:559 0.6447  0.8599  0.6821  0.5856  0.5846  0.6824  0.6881  0.7600  0.7600  0.5917  0.6337  0.7976  0.2276  0.000040
epoch:560 0.6387  0.8606  0.6809  0.5685  0.5737  0.6774  0.6849  0.7569  0.7569  0.5786  0.6313  0.7970  0.2279  0.000040
epoch:561 0.6347  0.8605  0.6825  0.5731  0.5829  0.6736  0.6740  0.7454  0.7454  0.5833  0.6293  0.7891  0.2251  0.000040
epoch:562 0.6425  0.8615  0.6807  0.5810  0.5737  0.6787  0.6887  0.7616  0.7616  0.5869  0.6313  0.7999  0.2348  0.000040
epoch:563 0.6323  0.8548  0.6778  0.4351  0.5854  0.6748  0.6712  0.7419  0.7419  0.4452  0.6420  0.7859  0.2339  0.000040
epoch:564 0.6408  0.8543  0.6857  0.4398  0.5888  0.6736  0.6890  0.7594  0.7594  0.4500  0.6401  0.7997  0.2314  0.000040
epoch:565 0.6288  0.8531  0.6809  0.4351  0.5668  0.6655  0.6665  0.7376  0.7376  0.4452  0.6258  0.7793  0.2231  0.000040
epoch:566 0.6435  0.8609  0.6783  0.5685  0.5740  0.6865  0.6912  0.7632  0.7632  0.5786  0.6313  0.8078  0.2286  0.000040
epoch:567 0.6475  0.8608  0.6809  0.5807  0.5858  0.6858  0.6943  0.7660  0.7660  0.5869  0.6401  0.8036  0.2238  0.000040
epoch:568 0.6507  0.8538  0.6805  0.4480  0.5882  0.6868  0.7036  0.7759  0.7759  0.4583  0.6333  0.8171  0.2282  0.000040
epoch:569 0.6361  0.8547  0.6755  0.4351  0.5918  0.6687  0.6833  0.7534  0.7534  0.4452  0.6381  0.7944  0.2280  0.000040
epoch:570 0.7172  0.9441  0.7633  0.5724  0.5743  0.7554  0.6897  0.7614  0.7614  0.5738  0.6337  0.7994  0.2243  0.000040
epoch:571 0.6987  0.9447  0.7594  0.5767  0.5704  0.7370  0.6726  0.7440  0.7440  0.5821  0.6293  0.7824  0.2250  0.000040
epoch:572 0.6297  0.8524  0.6765  0.4480  0.5922  0.6645  0.6687  0.7404  0.7404  0.4583  0.6373  0.7856  0.2268  0.000040
epoch:573 0.6382  0.8528  0.6832  0.4398  0.5846  0.6724  0.6839  0.7562  0.7562  0.4500  0.6356  0.7995  0.2337  0.000040
epoch:574 0.6378  0.8540  0.6780  0.4351  0.5928  0.6683  0.6826  0.7533  0.7533  0.4452  0.6337  0.7936  0.2269  0.000040
epoch:575 0.6309  0.8538  0.6853  0.4398  0.5780  0.6687  0.6680  0.7393  0.7393  0.4500  0.6249  0.7854  0.2221  0.000040
epoch:576 0.6386  0.8522  0.6714  0.4477  0.5806  0.6725  0.6851  0.7558  0.7558  0.4536  0.6337  0.7987  0.2306  0.000040
epoch:577 0.6408  0.8599  0.6752  0.5685  0.5730  0.6784  0.6883  0.7597  0.7597  0.5786  0.6293  0.7989  0.2226  0.000040
epoch:578 0.6429  0.8621  0.6854  0.5685  0.5829  0.6745  0.6886  0.7599  0.7599  0.5786  0.6317  0.7997  0.2193  0.000040
epoch:579 0.6478  0.8611  0.6837  0.5810  0.5815  0.6854  0.6937  0.7660  0.7660  0.5869  0.6361  0.8071  0.2277  0.000040
epoch:580 0.6967  0.9358  0.7604  0.4523  0.5853  0.7287  0.6690  0.7404  0.7404  0.4583  0.6401  0.7809  0.2263  0.000040
epoch:581 0.6251  0.8521  0.6722  0.4351  0.5846  0.6555  0.6656  0.7350  0.7350  0.4452  0.6337  0.7754  0.2266  0.000040
epoch:582 0.6303  0.8535  0.6749  0.4434  0.5873  0.6676  0.6705  0.7416  0.7416  0.4536  0.6341  0.7841  0.2207  0.000040
epoch:583 0.6463  0.8606  0.6875  0.5724  0.5962  0.6792  0.6894  0.7607  0.7607  0.5833  0.6356  0.7990  0.2231  0.000040
epoch:584 0.6428  0.8552  0.6857  0.4398  0.5913  0.6804  0.6868  0.7587  0.7587  0.4500  0.6356  0.8042  0.2299  0.000040
epoch:585 0.6396  0.8521  0.6848  0.4517  0.5992  0.6697  0.6853  0.7553  0.7553  0.4583  0.6440  0.7966  0.2253  0.000040
epoch:586 0.6460  0.8620  0.6810  0.5810  0.5773  0.6845  0.6928  0.7645  0.7645  0.5869  0.6341  0.8031  0.2259  0.000040
epoch:587 0.6442  0.8610  0.6829  0.5856  0.5846  0.6805  0.6905  0.7627  0.7627  0.5917  0.6337  0.7996  0.2267  0.000040
epoch:588 0.6420  0.8619  0.6780  0.5856  0.5719  0.6740  0.6898  0.7618  0.7618  0.5917  0.6289  0.8007  0.2254  0.000040
epoch:589 0.6421  0.8609  0.6846  0.5810  0.5714  0.6751  0.6899  0.7619  0.7619  0.5869  0.6265  0.7986  0.2214  0.000040
epoch:590 0.6441  0.8608  0.6896  0.5685  0.5948  0.6764  0.6872  0.7582  0.7582  0.5786  0.6356  0.7979  0.2258  0.000040
epoch:591 0.6371  0.8606  0.6849  0.5810  0.5815  0.6740  0.6727  0.7444  0.7444  0.5869  0.6361  0.7862  0.2335  0.000040
epoch:592 0.6431  0.8617  0.6821  0.5810  0.5752  0.6812  0.6905  0.7619  0.7619  0.5869  0.6317  0.8031  0.2243  0.000040
epoch:593 0.6406  0.8595  0.6799  0.5939  0.5752  0.6725  0.6886  0.7606  0.7606  0.6000  0.6313  0.7917  0.2302  0.000040
epoch:594 0.6465  0.8603  0.6824  0.5810  0.5883  0.6813  0.6911  0.7634  0.7634  0.5869  0.6313  0.8057  0.2324  0.000040
epoch:595 0.7000  0.9393  0.7664  0.4523  0.6057  0.7262  0.6656  0.7366  0.7366  0.4583  0.6464  0.7680  0.2286  0.000040
epoch:596 0.6373  0.8557  0.6789  0.4351  0.5651  0.6703  0.6823  0.7543  0.7543  0.4452  0.6190  0.7925  0.2214  0.000040
epoch:597 0.6353  0.8601  0.6836  0.5685  0.5975  0.6644  0.6734  0.7434  0.7434  0.5786  0.6440  0.7775  0.2229  0.000040
epoch:598 0.6398  0.8613  0.6822  0.5761  0.5642  0.6802  0.6852  0.7569  0.7569  0.5821  0.6230  0.8016  0.2200  0.000040
epoch:599 0.6441  0.8613  0.6891  0.5810  0.5943  0.6750  0.6868  0.7585  0.7585  0.5869  0.6337  0.7992  0.2249  0.000040
epoch:600 0.6372  0.8560  0.6777  0.4351  0.5882  0.6751  0.6713  0.7430  0.7430  0.4452  0.6361  0.7872  0.2198  0.000040
epoch:601 0.6307  0.8614  0.6825  0.5685  0.5981  0.6636  0.6683  0.7393  0.7393  0.5786  0.6464  0.7730  0.2220  0.000040
epoch:602 0.6391  0.8610  0.6894  0.5685  0.5861  0.6695  0.6860  0.7567  0.7567  0.5786  0.6337  0.7944  0.2246  0.000040
epoch:603 0.6447  0.8586  0.6827  0.5856  0.5949  0.6720  0.6889  0.7599  0.7599  0.5917  0.6380  0.7958  0.2261  0.000040
epoch:604 0.6319  0.8601  0.6850  0.5351  0.5867  0.6638  0.6683  0.7400  0.7400  0.5452  0.6337  0.7788  0.2267  0.000040
epoch:605 0.6401  0.8538  0.6843  0.4351  0.5943  0.6738  0.6837  0.7551  0.7551  0.4452  0.6420  0.7957  0.2225  0.000040
epoch:606 0.6501  0.8612  0.6831  0.5685  0.5828  0.6895  0.7036  0.7756  0.7756  0.5786  0.6361  0.8148  0.2276  0.000040
epoch:607 0.6314  0.8604  0.6758  0.5477  0.5763  0.6642  0.6678  0.7389  0.7389  0.5536  0.6337  0.7717  0.2307  0.000040
epoch:608 0.6409  0.8602  0.6809  0.5767  0.5790  0.6826  0.6879  0.7593  0.7593  0.5869  0.6298  0.8024  0.2245  0.000040
epoch:609 0.6329  0.8597  0.6839  0.5767  0.5958  0.6651  0.6690  0.7410  0.7410  0.5869  0.6356  0.7809  0.2247  0.000040
epoch:610 0.6422  0.8614  0.6803  0.5810  0.5985  0.6677  0.6891  0.7605  0.7605  0.5869  0.6440  0.7944  0.2309  0.000040
epoch:611 0.6483  0.8619  0.6857  0.5810  0.5887  0.6836  0.6949  0.7666  0.7666  0.5869  0.6365  0.8071  0.2254  0.000040
epoch:612 0.6453  0.8554  0.6738  0.4477  0.5911  0.6737  0.6902  0.7609  0.7609  0.4536  0.6317  0.7961  0.2237  0.000040
epoch:613 0.6394  0.8519  0.6793  0.5893  0.5767  0.6705  0.6918  0.7603  0.7603  0.5952  0.6337  0.7938  0.2202  0.000040
epoch:614 0.6429  0.8529  0.6827  0.4517  0.5971  0.6715  0.6862  0.7579  0.7579  0.4583  0.6444  0.7963  0.2215  0.000040
epoch:615 0.6404  0.8610  0.6792  0.5767  0.5838  0.6752  0.6857  0.7580  0.7580  0.5869  0.6361  0.7947  0.2228  0.000040
epoch:616 0.6301  0.8593  0.6710  0.5810  0.5927  0.6564  0.6684  0.7388  0.7388  0.5869  0.6337  0.7738  0.2249  0.000040
epoch:617 0.6426  0.8559  0.6857  0.4477  0.5980  0.6697  0.6867  0.7567  0.7567  0.4536  0.6356  0.7909  0.2281  0.000040
epoch:618 0.6419  0.8615  0.6830  0.5685  0.5851  0.6814  0.6870  0.7590  0.7590  0.5786  0.6337  0.8026  0.2226  0.000040
epoch:619 0.6354  0.8539  0.6809  0.4351  0.5915  0.6767  0.6714  0.7431  0.7431  0.4452  0.6396  0.7854  0.2226  0.000040
epoch:620 0.6445  0.8596  0.6870  0.5685  0.5880  0.6769  0.6916  0.7633  0.7633  0.5786  0.6337  0.8026  0.2257  0.000040
epoch:621 0.6368  0.8539  0.6763  0.4477  0.6034  0.6587  0.6841  0.7541  0.7541  0.4536  0.6519  0.7767  0.2197  0.000040
epoch:622 0.6467  0.8618  0.6863  0.5810  0.5878  0.6830  0.6916  0.7647  0.7647  0.5869  0.6341  0.8033  0.2226  0.000040
epoch:623 0.6442  0.8603  0.6857  0.5685  0.5841  0.6790  0.6908  0.7625  0.7625  0.5786  0.6313  0.8020  0.2297  0.000040
epoch:624 0.6356  0.8544  0.6807  0.4351  0.5953  0.6766  0.6731  0.7445  0.7445  0.4452  0.6444  0.7891  0.2267  0.000040
epoch:625 0.6395  0.8546  0.6789  0.4351  0.5928  0.6772  0.6830  0.7547  0.7547  0.4452  0.6337  0.8016  0.2205  0.000040
epoch:626 0.6456  0.8521  0.6830  0.4351  0.5947  0.6808  0.6890  0.7610  0.7610  0.4452  0.6361  0.8052  0.2255  0.000040
epoch:627 0.6348  0.8517  0.6857  0.4477  0.5814  0.6668  0.6805  0.7515  0.7515  0.4536  0.6317  0.7934  0.2226  0.000040
epoch:628 0.6446  0.8603  0.6832  0.5685  0.5949  0.6778  0.6868  0.7588  0.7588  0.5786  0.6356  0.7971  0.2225  0.000040
epoch:629 0.6341  0.8528  0.6790  0.4384  0.5867  0.6733  0.6696  0.7406  0.7406  0.4488  0.6361  0.7847  0.2188  0.000040
epoch:630 0.6430  0.8622  0.6838  0.5767  0.5840  0.6821  0.6866  0.7586  0.7586  0.5786  0.6337  0.8031  0.2248  0.000040
epoch:631 0.6457  0.8607  0.6896  0.5767  0.5917  0.6776  0.6905  0.7627  0.7627  0.5786  0.6440  0.7996  0.2204  0.000040
epoch:632 0.7372  0.9459  0.7631  0.5810  0.5790  0.7718  0.7087  0.7804  0.7804  0.5869  0.6341  0.8163  0.2228  0.000040
epoch:633 0.6462  0.8601  0.6824  0.5893  0.5810  0.6864  0.6926  0.7649  0.7649  0.5952  0.6313  0.8073  0.2248  0.000040
epoch:634 0.6439  0.8596  0.6837  0.5767  0.5854  0.6742  0.6891  0.7611  0.7611  0.5821  0.6380  0.7984  0.2225  0.000040
epoch:635 0.6319  0.8540  0.6860  0.4477  0.5802  0.6636  0.6699  0.7416  0.7416  0.4536  0.6289  0.7803  0.2252  0.000040
epoch:636 0.6981  0.9374  0.7628  0.4477  0.6019  0.7259  0.6709  0.7412  0.7412  0.4536  0.6483  0.7761  0.2224  0.000040
epoch:637 0.6427  0.8601  0.6789  0.5767  0.5867  0.6785  0.6908  0.7622  0.7622  0.5869  0.6341  0.7981  0.2224  0.000040
epoch:638 0.6368  0.8598  0.6832  0.5685  0.5870  0.6731  0.6746  0.7463  0.7463  0.5786  0.6337  0.7891  0.2226  0.000040
epoch:639 0.6350  0.8596  0.6891  0.5685  0.5900  0.6727  0.6753  0.7473  0.7473  0.5786  0.6380  0.7893  0.2214  0.000040
epoch:640 0.6321  0.8607  0.6788  0.5810  0.5906  0.6609  0.6683  0.7397  0.7397  0.5869  0.6353  0.7767  0.2263  0.000040
epoch:641 0.6432  0.8603  0.6822  0.5685  0.5758  0.6835  0.6925  0.7636  0.7636  0.5786  0.6282  0.8065  0.2178  0.000040
epoch:642 0.6988  0.9293  0.7661  0.4351  0.5870  0.7348  0.6734  0.7419  0.7419  0.4452  0.6337  0.7840  0.2182  0.000040
epoch:643 0.6320  0.8596  0.6832  0.5685  0.5919  0.6600  0.6704  0.7405  0.7405  0.5786  0.6440  0.7741  0.2216  0.000040
epoch:644 0.6314  0.8616  0.6768  0.5893  0.5860  0.6614  0.6746  0.7454  0.7454  0.5952  0.6405  0.7775  0.2212  0.000040
epoch:645 0.6480  0.8591  0.6848  0.5767  0.5988  0.6841  0.6948  0.7665  0.7665  0.5869  0.6444  0.8031  0.2218  0.000040
epoch:646 0.6431  0.8600  0.6817  0.5767  0.5964  0.6698  0.6913  0.7610  0.7610  0.5869  0.6420  0.7968  0.2256  0.000040
epoch:647 0.6399  0.8532  0.6780  0.5685  0.5919  0.6690  0.6860  0.7544  0.7544  0.5786  0.6317  0.7907  0.2250  0.000040
epoch:648 0.6466  0.8601  0.6916  0.5642  0.5979  0.6778  0.6917  0.7634  0.7634  0.5738  0.6420  0.8007  0.2223  0.000040
epoch:649 0.6458  0.8591  0.6865  0.5767  0.5911  0.6820  0.6931  0.7648  0.7648  0.5869  0.6384  0.8052  0.2200  0.000040
epoch:650 0.6342  0.8601  0.6846  0.5685  0.6011  0.6622  0.6706  0.7409  0.7409  0.5786  0.6459  0.7720  0.2237  0.000040
epoch:651 0.6396  0.8615  0.6868  0.5893  0.5911  0.6700  0.6742  0.7456  0.7456  0.5952  0.6384  0.7804  0.2220  0.000040
epoch:652 0.6338  0.8611  0.6807  0.5810  0.5870  0.6628  0.6738  0.7452  0.7452  0.5869  0.6337  0.7828  0.2218  0.000040
epoch:653 0.6419  0.8620  0.6796  0.5810  0.5847  0.6731  0.6879  0.7593  0.7593  0.5869  0.6337  0.7923  0.2179  0.000040
epoch:654 0.6350  0.8607  0.6807  0.5685  0.5870  0.6674  0.6700  0.7414  0.7414  0.5786  0.6337  0.7791  0.2210  0.000040
epoch:655 0.6441  0.8592  0.6759  0.5477  0.5864  0.6783  0.6906  0.7616  0.7616  0.5536  0.6317  0.8031  0.2202  0.000040
epoch:656 0.6310  0.8595  0.6830  0.5351  0.5870  0.6644  0.6674  0.7388  0.7388  0.5452  0.6337  0.7772  0.2207  0.000040
epoch:657 0.6316  0.8607  0.6797  0.5685  0.5992  0.6644  0.6705  0.7415  0.7415  0.5786  0.6440  0.7828  0.2208  0.000040
epoch:658 0.6339  0.8523  0.6789  0.5477  0.5878  0.6636  0.6726  0.7407  0.7407  0.5536  0.6381  0.7738  0.2190  0.000040
epoch:659 0.6358  0.8522  0.6850  0.4523  0.6000  0.6629  0.6737  0.7434  0.7434  0.4583  0.6464  0.7796  0.2172  0.000040
epoch:660 0.6425  0.8523  0.6827  0.4351  0.5889  0.6858  0.6884  0.7598  0.7598  0.4452  0.6361  0.8089  0.2230  0.000040
epoch:661 0.6299  0.8597  0.6882  0.5767  0.5862  0.6633  0.6676  0.7393  0.7393  0.5869  0.6337  0.7767  0.2221  0.000040
epoch:662 0.6445  0.8598  0.6904  0.5685  0.5962  0.6741  0.6871  0.7591  0.7591  0.5786  0.6356  0.7963  0.2205  0.000040
epoch:663 0.6451  0.8610  0.6871  0.5849  0.5808  0.6792  0.6918  0.7632  0.7632  0.5905  0.6289  0.8020  0.2221  0.000040
epoch:664 0.6431  0.8606  0.6829  0.5810  0.5825  0.6806  0.6918  0.7632  0.7632  0.5869  0.6361  0.8039  0.2179  0.000040
epoch:665 0.6458  0.8551  0.6798  0.4398  0.6060  0.6744  0.6904  0.7614  0.7614  0.4500  0.6504  0.7988  0.2220  0.000040
epoch:666 0.6347  0.8523  0.6802  0.5849  0.5802  0.6669  0.6782  0.7464  0.7464  0.5905  0.6317  0.7827  0.2145  0.000040
epoch:667 0.6361  0.8545  0.6639  0.4351  0.6086  0.6646  0.6815  0.7528  0.7528  0.4452  0.6523  0.7900  0.2185  0.000040
epoch:668 0.6406  0.8620  0.6794  0.5810  0.5785  0.6769  0.6857  0.7577  0.7577  0.5869  0.6313  0.7963  0.2186  0.000040
epoch:669 0.6447  0.8609  0.6832  0.5767  0.5853  0.6824  0.6921  0.7632  0.7632  0.5786  0.6361  0.8057  0.2213  0.000040
epoch:670 0.6444  0.8555  0.6916  0.4477  0.5958  0.6841  0.6875  0.7595  0.7595  0.4536  0.6356  0.8058  0.2167  0.000040
epoch:671 0.6434  0.8599  0.6829  0.5477  0.5838  0.6822  0.6923  0.7637  0.7637  0.5536  0.6361  0.8073  0.2204  0.000040
epoch:672 0.6386  0.8608  0.6858  0.5767  0.5950  0.6773  0.6823  0.7540  0.7540  0.5869  0.6396  0.7955  0.2176  0.000040
epoch:673 0.6429  0.8619  0.6862  0.5810  0.5857  0.6762  0.6893  0.7610  0.7610  0.5869  0.6337  0.7991  0.2182  0.000040
epoch:674 0.6494  0.8601  0.6907  0.5810  0.5923  0.6864  0.6937  0.7657  0.7657  0.5869  0.6380  0.8098  0.2230  0.000040
epoch:675 0.6454  0.8607  0.6793  0.5559  0.5930  0.6821  0.6951  0.7659  0.7659  0.5619  0.6424  0.8063  0.2193  0.000040
epoch:676 0.6382  0.8595  0.6852  0.5685  0.5949  0.6750  0.6777  0.7493  0.7493  0.5786  0.6468  0.7893  0.2228  0.000040
epoch:677 0.6414  0.8599  0.6831  0.5685  0.5917  0.6781  0.6927  0.7644  0.7644  0.5786  0.6428  0.8039  0.2164  0.000040
epoch:678 0.6361  0.8605  0.6796  0.5685  0.5878  0.6721  0.6762  0.7479  0.7479  0.5786  0.6361  0.7904  0.2254  0.000040
epoch:679 0.6523  0.8620  0.6815  0.5850  0.5851  0.6878  0.7065  0.7785  0.7785  0.5869  0.6337  0.8190  0.2190  0.000040
epoch:680 0.6443  0.8601  0.6903  0.5685  0.5921  0.6814  0.6907  0.7630  0.7630  0.5786  0.6376  0.8039  0.2155  0.000040
epoch:681 0.6402  0.8610  0.6839  0.5434  0.5798  0.6760  0.6878  0.7589  0.7589  0.5536  0.6265  0.7994  0.2211  0.000040
epoch:682 0.6408  0.8608  0.6778  0.5685  0.5843  0.6812  0.6900  0.7617  0.7617  0.5786  0.6337  0.8047  0.2177  0.000040
epoch:683 0.6349  0.8583  0.6854  0.5685  0.5891  0.6684  0.6734  0.7454  0.7454  0.5786  0.6356  0.7862  0.2182  0.000040
epoch:684 0.6399  0.8617  0.6825  0.5850  0.5888  0.6760  0.6777  0.7494  0.7494  0.5869  0.6384  0.7896  0.2207  0.000040
epoch:685 0.6461  0.8600  0.6868  0.5893  0.5921  0.6828  0.6918  0.7641  0.7641  0.5952  0.6373  0.8025  0.2223  0.000040
epoch:686 0.6373  0.8615  0.6764  0.5685  0.5899  0.6716  0.6867  0.7577  0.7577  0.5786  0.6380  0.7984  0.2215  0.000040
epoch:687 0.6354  0.8614  0.6826  0.5767  0.5964  0.6680  0.6769  0.7476  0.7476  0.5869  0.6420  0.7878  0.2124  0.000040
epoch:688 0.6379  0.8608  0.6698  0.5685  0.5889  0.6716  0.6850  0.7564  0.7564  0.5786  0.6361  0.7923  0.2193  0.000040
epoch:689 0.6422  0.8612  0.6736  0.5810  0.6050  0.6692  0.6879  0.7596  0.7596  0.5869  0.6464  0.7947  0.2173  0.000040
epoch:690 0.6447  0.8601  0.6826  0.5893  0.5835  0.6817  0.6918  0.7632  0.7632  0.5952  0.6337  0.8031  0.2155  0.000040
epoch:691 0.6483  0.8592  0.6799  0.5685  0.5928  0.6782  0.6960  0.7674  0.7674  0.5786  0.6337  0.8060  0.2180  0.000040
epoch:692 0.6373  0.8607  0.6826  0.5685  0.5867  0.6762  0.6802  0.7522  0.7522  0.5786  0.6337  0.7906  0.2251  0.000040
epoch:693 0.6375  0.8602  0.6861  0.5685  0.6011  0.6675  0.6753  0.7470  0.7470  0.5786  0.6459  0.7835  0.2193  0.000040
epoch:694 0.6431  0.8607  0.6805  0.5685  0.5843  0.6763  0.6893  0.7610  0.7610  0.5786  0.6313  0.8007  0.2207  0.000040
epoch:695 0.6397  0.8603  0.6825  0.5767  0.5988  0.6730  0.6877  0.7584  0.7584  0.5869  0.6420  0.7958  0.2153  0.000040
epoch:696 0.6316  0.8520  0.6675  0.5685  0.5943  0.6627  0.6700  0.7388  0.7388  0.5786  0.6337  0.7741  0.2181  0.000040
epoch:697 0.6352  0.8602  0.6820  0.5685  0.5937  0.6686  0.6717  0.7411  0.7411  0.5786  0.6361  0.7812  0.2166  0.000040
epoch:698 0.6572  0.8620  0.6859  0.5810  0.5824  0.6976  0.7114  0.7831  0.7831  0.5869  0.6337  0.8256  0.2298  0.000040
epoch:699 0.6258  0.8606  0.6723  0.5810  0.5812  0.6555  0.6683  0.7381  0.7381  0.5869  0.6270  0.7735  0.2210  0.000040
epoch:700 0.6558  0.8617  0.6869  0.5850  0.5834  0.6957  0.7097  0.7814  0.7814  0.5869  0.6313  0.8248  0.2151  0.000040
epoch:701 0.6388  0.8608  0.6768  0.5685  0.5823  0.6718  0.6904  0.7614  0.7614  0.5786  0.6293  0.8052  0.2178  0.000040
epoch:702 0.6402  0.8599  0.6763  0.5810  0.5898  0.6690  0.6866  0.7577  0.7577  0.5869  0.6396  0.7900  0.2219  0.000040
epoch:703 0.6441  0.8604  0.6835  0.5685  0.5878  0.6778  0.6918  0.7635  0.7635  0.5786  0.6361  0.8036  0.2181  0.000040
epoch:704 0.6381  0.8551  0.6657  0.4477  0.5909  0.6704  0.6869  0.7577  0.7577  0.4536  0.6376  0.7960  0.2141  0.000040
epoch:705 0.6447  0.8603  0.6839  0.5767  0.5871  0.6819  0.6927  0.7644  0.7644  0.5869  0.6361  0.8055  0.2207  0.000040
epoch:706 0.6437  0.8594  0.6815  0.5767  0.5843  0.6793  0.6902  0.7619  0.7619  0.5869  0.6230  0.8047  0.2194  0.000040
epoch:707 0.6540  0.8595  0.6890  0.5724  0.5903  0.6918  0.7104  0.7821  0.7821  0.5821  0.6380  0.8235  0.2153  0.000040
epoch:708 0.6480  0.8600  0.6836  0.5767  0.5932  0.6758  0.6934  0.7657  0.7657  0.5869  0.6376  0.8021  0.2199  0.000040
epoch:709 0.6388  0.8603  0.6797  0.5685  0.5932  0.6712  0.6794  0.7514  0.7514  0.5786  0.6400  0.7922  0.2209  0.000040
epoch:710 0.6369  0.8592  0.6817  0.5767  0.5887  0.6662  0.6844  0.7561  0.7561  0.5869  0.6392  0.7926  0.2181  0.000040
epoch:711 0.6314  0.8590  0.6744  0.5685  0.5911  0.6608  0.6747  0.7441  0.7441  0.5786  0.6420  0.7785  0.2159  0.000040
epoch:712 0.6328  0.8619  0.6734  0.5849  0.5862  0.6613  0.6704  0.7415  0.7415  0.5905  0.6313  0.7778  0.2159  0.000040
epoch:713 0.6433  0.8626  0.6740  0.5810  0.5956  0.6715  0.6880  0.7593  0.7593  0.5869  0.6356  0.7955  0.2139  0.000040
epoch:714 0.6264  0.8602  0.6771  0.5308  0.5856  0.6582  0.6655  0.7366  0.7366  0.5405  0.6313  0.7754  0.2190  0.000040
epoch:715 0.6305  0.8619  0.6730  0.5810  0.5874  0.6633  0.6704  0.7421  0.7421  0.5869  0.6420  0.7781  0.2205  0.000040
epoch:716 0.6428  0.8617  0.6789  0.5893  0.5822  0.6755  0.6920  0.7640  0.7640  0.5952  0.6313  0.8005  0.2179  0.000040
epoch:717 0.6440  0.8617  0.6814  0.5800  0.5848  0.6810  0.6912  0.7620  0.7620  0.5857  0.6317  0.7989  0.2181  0.000040
epoch:718 0.6403  0.8593  0.6732  0.5351  0.5893  0.6755  0.6906  0.7617  0.7617  0.5452  0.6361  0.8047  0.2207  0.000040
epoch:719 0.6406  0.8616  0.6864  0.5767  0.5895  0.6783  0.6792  0.7509  0.7509  0.5869  0.6361  0.7920  0.2185  0.000040
epoch:720 0.6491  0.8605  0.6871  0.5893  0.5888  0.6852  0.6957  0.7670  0.7670  0.5952  0.6361  0.8078  0.2148  0.000040
epoch:721 0.6560  0.8626  0.6856  0.5893  0.5869  0.6878  0.7096  0.7825  0.7825  0.5952  0.6361  0.8144  0.2164  0.000040
epoch:722 0.6423  0.8608  0.6810  0.5893  0.5911  0.6721  0.6902  0.7619  0.7619  0.5952  0.6384  0.7963  0.2206  0.000040
epoch:723 0.6415  0.8612  0.6773  0.5767  0.5901  0.6730  0.6911  0.7631  0.7631  0.5869  0.6356  0.8004  0.2164  0.000040
epoch:724 0.6515  0.8604  0.6774  0.5767  0.5857  0.6877  0.7098  0.7815  0.7815  0.5869  0.6301  0.8224  0.2185  0.000040
epoch:725 0.6438  0.8608  0.6802  0.5767  0.5952  0.6763  0.6907  0.7621  0.7621  0.5869  0.6456  0.8005  0.2168  0.000040
epoch:726 0.6469  0.8596  0.6835  0.5731  0.5928  0.6815  0.6954  0.7671  0.7671  0.5833  0.6337  0.8116  0.2178  0.000040
epoch:727 0.6462  0.8604  0.6808  0.5810  0.5889  0.6781  0.6944  0.7664  0.7664  0.5869  0.6361  0.8033  0.2174  0.000040
epoch:728 0.6421  0.8604  0.6763  0.5810  0.5977  0.6688  0.6932  0.7632  0.7632  0.5869  0.6440  0.7981  0.2131  0.000040
epoch:729 0.6484  0.8611  0.6751  0.5767  0.5790  0.6837  0.7069  0.7786  0.7786  0.5869  0.6277  0.8160  0.2135  0.000040
epoch:730 0.6410  0.8581  0.6791  0.5351  0.5902  0.6738  0.6900  0.7614  0.7614  0.5452  0.6356  0.8039  0.2164  0.000040
epoch:731 0.6374  0.8588  0.6780  0.5398  0.5990  0.6642  0.6839  0.7559  0.7559  0.5500  0.6440  0.7910  0.2148  0.000040
epoch:732 0.6364  0.8607  0.6864  0.5893  0.5878  0.6606  0.6742  0.7456  0.7456  0.5952  0.6333  0.7769  0.2231  0.000040
epoch:733 0.6330  0.8523  0.6791  0.4351  0.5940  0.6625  0.6819  0.7536  0.7536  0.4452  0.6464  0.7915  0.2142  0.000040
epoch:734 0.6492  0.8624  0.6840  0.5767  0.5930  0.6814  0.6938  0.7658  0.7658  0.5869  0.6380  0.8018  0.2153  0.000040
epoch:735 0.6330  0.8590  0.6839  0.5767  0.6022  0.6600  0.6691  0.7407  0.7407  0.5869  0.6464  0.7733  0.2181  0.000040
epoch:736 0.6422  0.8621  0.6757  0.5767  0.5880  0.6727  0.6891  0.7605  0.7605  0.5869  0.6361  0.7928  0.2170  0.000040
epoch:737 0.6444  0.8619  0.6792  0.5685  0.5932  0.6815  0.6902  0.7627  0.7627  0.5786  0.6376  0.8071  0.2187  0.000040
epoch:738 0.6465  0.8614  0.6859  0.5850  0.5886  0.6830  0.6913  0.7630  0.7630  0.5869  0.6337  0.8052  0.2170  0.000040
epoch:739 0.6399  0.8614  0.6841  0.5685  0.5885  0.6722  0.6844  0.7564  0.7564  0.5786  0.6356  0.7934  0.2177  0.000040
epoch:740 0.6432  0.8610  0.6771  0.5850  0.5778  0.6791  0.6927  0.7641  0.7641  0.5869  0.6282  0.8018  0.2132  0.000040
epoch:741 0.6405  0.8603  0.6850  0.5767  0.5839  0.6782  0.6889  0.7606  0.7606  0.5869  0.6317  0.8020  0.2158  0.000040
epoch:742 0.6372  0.8615  0.6805  0.5810  0.5850  0.6633  0.6878  0.7598  0.7598  0.5869  0.6309  0.7970  0.2144  0.000040
epoch:743 0.6334  0.8518  0.6588  0.5351  0.5927  0.6618  0.6893  0.7575  0.7575  0.5452  0.6420  0.7923  0.2153  0.000040
epoch:744 0.6338  0.8596  0.6742  0.5810  0.5955  0.6596  0.6777  0.7494  0.7494  0.5869  0.6464  0.7822  0.2160  0.000040
epoch:745 0.6467  0.8616  0.6906  0.5767  0.6001  0.6833  0.6915  0.7629  0.7629  0.5869  0.6420  0.8026  0.2160  0.000040
epoch:746 0.6355  0.8604  0.6760  0.5767  0.5910  0.6710  0.6766  0.7480  0.7480  0.5869  0.6361  0.7880  0.2180  0.000040
epoch:747 0.6430  0.8616  0.6913  0.5724  0.5883  0.6805  0.6899  0.7612  0.7612  0.5821  0.6333  0.8031  0.2179  0.000040
epoch:748 0.6439  0.8617  0.6764  0.5810  0.5860  0.6770  0.6924  0.7641  0.7641  0.5869  0.6337  0.8015  0.2133  0.000040
epoch:749 0.6395  0.8610  0.6685  0.5724  0.5871  0.6737  0.6923  0.7627  0.7627  0.5833  0.6341  0.8034  0.2123  0.000040
epoch:750 0.6294  0.8592  0.6711  0.5767  0.5895  0.6647  0.6740  0.7460  0.7460  0.5869  0.6416  0.7872  0.2132  0.000040
epoch:751 0.6457  0.8606  0.6862  0.5850  0.5859  0.6823  0.6925  0.7639  0.7639  0.5869  0.6337  0.8055  0.2136  0.000040
epoch:752 0.6369  0.8527  0.6721  0.4559  0.5791  0.6688  0.6866  0.7577  0.7577  0.4619  0.6254  0.7986  0.2182  0.000040
epoch:753 0.6443  0.8617  0.6859  0.5767  0.5866  0.6781  0.6913  0.7630  0.7630  0.5869  0.6337  0.8002  0.2141  0.000040
epoch:754 0.6520  0.8611  0.6803  0.5685  0.5886  0.6887  0.7098  0.7812  0.7812  0.5786  0.6384  0.8179  0.2155  0.000040
epoch:755 0.6367  0.8598  0.6747  0.5767  0.5930  0.6753  0.6792  0.7509  0.7509  0.5869  0.6420  0.7933  0.2189  0.000040
epoch:756 0.6445  0.8593  0.6830  0.5685  0.6009  0.6814  0.6935  0.7655  0.7655  0.5786  0.6499  0.8065  0.2124  0.000040
epoch:757 0.6527  0.8595  0.6847  0.5767  0.5878  0.6876  0.7096  0.7807  0.7807  0.5869  0.6341  0.8182  0.2141  0.000040
epoch:758 0.6553  0.8624  0.6880  0.5724  0.5947  0.6934  0.7086  0.7800  0.7800  0.5738  0.6420  0.8219  0.2162  0.000040
epoch:759 0.6350  0.8600  0.6763  0.5767  0.5897  0.6719  0.6776  0.7493  0.7493  0.5869  0.6361  0.7904  0.2114  0.000040
epoch:760 0.6329  0.8534  0.6764  0.5767  0.5852  0.6665  0.6772  0.7454  0.7454  0.5869  0.6317  0.7822  0.2167  0.000040
epoch:761 0.6481  0.8607  0.6849  0.5893  0.6006  0.6833  0.6952  0.7672  0.7672  0.5952  0.6440  0.8076  0.2104  0.000040
epoch:762 0.6415  0.8612  0.6831  0.5685  0.5944  0.6798  0.6821  0.7540  0.7540  0.5786  0.6400  0.7977  0.2121  0.000040
epoch:763 0.6450  0.8517  0.6721  0.5685  0.5921  0.6799  0.6985  0.7666  0.7666  0.5786  0.6448  0.8041  0.2112  0.000040
epoch:764 0.6439  0.8602  0.6823  0.5685  0.5882  0.6767  0.6935  0.7649  0.7649  0.5786  0.6337  0.8042  0.2087  0.000040
epoch:765 0.6550  0.8622  0.6874  0.5767  0.5975  0.6909  0.7107  0.7821  0.7821  0.5869  0.6444  0.8176  0.2157  0.000040
epoch:766 0.6422  0.8623  0.6864  0.5685  0.5951  0.6707  0.6920  0.7620  0.7620  0.5786  0.6400  0.7965  0.2167  0.000040
epoch:767 0.6455  0.8602  0.6811  0.5767  0.5935  0.6822  0.6961  0.7681  0.7681  0.5869  0.6380  0.8105  0.2175  0.000040
epoch:768 0.6435  0.8602  0.6820  0.5767  0.6031  0.6736  0.6912  0.7632  0.7632  0.5869  0.6424  0.7994  0.2122  0.000040
epoch:769 0.6384  0.8600  0.6842  0.5731  0.6081  0.6645  0.6771  0.7478  0.7478  0.5833  0.6567  0.7756  0.2181  0.000040
epoch:770 0.6426  0.8595  0.6742  0.5685  0.5893  0.6804  0.6943  0.7654  0.7654  0.5786  0.6365  0.8073  0.2152  0.000040
epoch:771 0.6482  0.8617  0.6702  0.5685  0.5943  0.6797  0.6963  0.7677  0.7677  0.5786  0.6396  0.8062  0.2138  0.000040
epoch:772 0.6460  0.8600  0.6742  0.5685  0.6011  0.6798  0.6970  0.7670  0.7670  0.5786  0.6459  0.8089  0.2093  0.000040
epoch:773 0.6447  0.8615  0.6750  0.5893  0.5896  0.6782  0.6940  0.7654  0.7654  0.5952  0.6341  0.8047  0.2096  0.000040
epoch:774 0.6454  0.8608  0.6725  0.5767  0.5902  0.6822  0.6951  0.7665  0.7665  0.5869  0.6361  0.8073  0.2124  0.000040
epoch:775 0.6457  0.8604  0.6730  0.5767  0.5836  0.6826  0.7046  0.7757  0.7757  0.5869  0.6258  0.8174  0.2182  0.000040
epoch:776 0.6253  0.8595  0.6797  0.5731  0.5945  0.6527  0.6650  0.7370  0.7370  0.5833  0.6440  0.7720  0.2137  0.000040
epoch:777 0.6377  0.8592  0.6787  0.5434  0.5923  0.6744  0.6885  0.7586  0.7586  0.5536  0.6361  0.8000  0.2113  0.000040
epoch:778 0.6364  0.8608  0.6773  0.5767  0.5896  0.6672  0.6777  0.7488  0.7488  0.5869  0.6341  0.7862  0.2084  0.000040
epoch:779 0.6432  0.8607  0.6772  0.5434  0.5879  0.6800  0.6931  0.7639  0.7639  0.5536  0.6369  0.8047  0.2159  0.000040
epoch:780 0.6459  0.8598  0.6749  0.5856  0.6105  0.6726  0.6904  0.7627  0.7627  0.5917  0.6543  0.7979  0.2085  0.000040
epoch:781 0.6454  0.8604  0.6797  0.5767  0.5973  0.6780  0.6933  0.7647  0.7647  0.5869  0.6420  0.8007  0.2135  0.000040
epoch:782 0.6464  0.8517  0.6774  0.4480  0.6112  0.6785  0.6949  0.7679  0.7679  0.4583  0.6547  0.8091  0.2188  0.000040
epoch:783 0.6465  0.8617  0.6870  0.5724  0.5922  0.6853  0.6929  0.7643  0.7643  0.5786  0.6377  0.8073  0.2175  0.000040
epoch:784 0.6507  0.8609  0.6760  0.5685  0.5889  0.6868  0.7087  0.7803  0.7803  0.5786  0.6361  0.8174  0.2141  0.000040
epoch:785 0.6505  0.8618  0.6741  0.5807  0.5947  0.6859  0.7078  0.7795  0.7795  0.5821  0.6420  0.8158  0.2134  0.000040
epoch:786 0.6495  0.8611  0.6775  0.5685  0.5874  0.6884  0.7087  0.7801  0.7801  0.5786  0.6337  0.8232  0.2157  0.000040
epoch:787 0.6358  0.8617  0.6750  0.5767  0.5953  0.6723  0.6770  0.7484  0.7484  0.5869  0.6420  0.7885  0.2142  0.000040
epoch:788 0.6407  0.8606  0.6798  0.5893  0.5866  0.6709  0.6876  0.7590  0.7590  0.5952  0.6337  0.7952  0.2133  0.000040
epoch:789 0.6397  0.8612  0.6717  0.5767  0.5870  0.6682  0.6908  0.7625  0.7625  0.5869  0.6333  0.7997  0.2152  0.000040
epoch:790 0.6348  0.8613  0.6743  0.5767  0.5885  0.6690  0.6769  0.7480  0.7480  0.5821  0.6337  0.7872  0.2134  0.000040
epoch:791 0.6343  0.8614  0.6773  0.5767  0.5938  0.6720  0.6722  0.7430  0.7430  0.5869  0.6377  0.7844  0.2092  0.000040
epoch:792 0.6300  0.8604  0.6750  0.5810  0.5895  0.6619  0.6678  0.7395  0.7395  0.5869  0.6356  0.7768  0.2124  0.000040
epoch:793 0.7173  0.9447  0.7549  0.5767  0.5886  0.7542  0.6941  0.7655  0.7655  0.5869  0.6337  0.8073  0.2091  0.000040
epoch:794 0.7312  0.9453  0.7430  0.5767  0.5813  0.7648  0.7073  0.7781  0.7781  0.5821  0.6274  0.8166  0.2146  0.000040
epoch:795 0.6518  0.8547  0.6749  0.4434  0.5998  0.6893  0.7085  0.7799  0.7799  0.4536  0.6468  0.8219  0.2239  0.000040
epoch:796 0.6445  0.8607  0.6742  0.5767  0.5875  0.6799  0.6941  0.7658  0.7658  0.5869  0.6337  0.8079  0.2108  0.000040
epoch:797 0.6324  0.8617  0.6786  0.5685  0.5982  0.6676  0.6748  0.7467  0.7467  0.5786  0.6507  0.7865  0.2111  0.000040
epoch:798 0.6358  0.8613  0.6760  0.5731  0.5981  0.6676  0.6753  0.7475  0.7475  0.5833  0.6440  0.7846  0.2094  0.000040
epoch:799 0.6349  0.8531  0.6739  0.4523  0.5971  0.6621  0.6827  0.7534  0.7534  0.4583  0.6420  0.7897  0.2152  0.000040
epoch:800 0.6429  0.8618  0.6737  0.5767  0.5861  0.6774  0.6939  0.7650  0.7650  0.5869  0.6317  0.8044  0.2102  0.000040
